23.0 21.48
24.14 21.43
24.14 21.53
24.14 21.43
25.28 21.42
26.42 21.39
26.42 21.35
26.42 21.44
26.42 21.28
26.42 21.36
26.42 21.25
27.56 21.31
27.56 21.32
26.42 21.21
27.56 21.22
27.56 21.29
27.56 21.23
27.56 21.1
27.56 21.09
27.56 21.17
28.7 21.14
28.7 21.14
28.7 21.09
27.56 21.11
28.7 21.08
28.7 21.02
28.7 21.0
28.7 20.89
28.7 20.85
28.7 20.78
29.84 20.86
29.84 20.77
28.7 20.83
29.84 20.69
29.84 20.7
29.84 20.85
28.7 20.79
29.84 20.74
29.84 20.8
29.84 20.7
29.84 20.71
29.84 20.63
29.84 20.63
30.98 20.78
29.84 20.7
30.98 20.7
30.98 20.61
30.98 20.57
30.98 20.53
30.98 20.61
30.98 20.5
30.98 20.68
29.84 20.57
30.98 20.63
30.98 20.69
30.98 20.6
32.12 20.58
32.12 20.57
32.12 20.61
30.98 20.61
30.98 20.53
30.98 20.44
30.98 20.53
30.98 20.45
30.98 20.45
32.12 20.5
32.12 20.55
32.12 20.49
32.12 20.41
32.12 20.37
32.12 20.35
32.12 20.43
32.12 20.4
32.12 20.48
32.12 20.45
32.12 20.41
32.12 20.4
32.12 20.38
32.12 20.39
32.12 20.34
32.12 20.34
32.12 20.37
32.12 20.27
32.12 20.35
32.12 20.29
32.12 20.27
32.12 20.27
32.12 20.32
32.12 20.31
32.12 20.14
32.12 20.26
32.12 20.36
33.26 20.27
32.12 20.2
32.12 20.29
33.26 20.23
32.12 20.06
33.26 20.22
33.26 20.28
32.12 20.27
33.26 20.29
32.12 20.28
32.12 20.3
32.12 20.28
33.26 20.17
33.26 20.27
33.26 20.32
32.12 20.27
32.12 20.2
33.26 20.24
32.12 20.22
33.26 20.23
33.26 20.25
33.26 20.23
33.26 20.21
32.12 20.22
32.12 20.22
32.12 20.23
33.26 20.18
33.26 20.17
33.26 20.18
33.26 20.19
33.26 20.17
33.26 20.11
32.12 20.15
33.26 20.14
33.26 20.14
33.26 20.11
33.26 20.13
33.26 20.09
32.12 20.08
33.26 20.12
33.26 20.07
33.26 20.01
33.26 20.08
33.26 20.11
33.26 20.06
33.26 20.05
33.26 20.06
32.12 20.02
33.26 20.03
33.26 19.99
34.4 20.04
33.26 20.01
33.26 20.02
33.26 20.03
33.26 20.02
33.26 20.01
34.4 20.0
33.26 20.01
33.26 20.01
33.26 19.97
33.26 19.99
32.12 19.9
33.26 19.98
33.26 19.9
33.26 19.97
33.26 19.96
33.26 19.95
34.4 19.95
34.4 19.95
33.26 19.98
34.4 19.93
34.4 19.93
33.26 19.88
34.4 19.84
34.4 19.9
34.4 19.9
34.4 19.88
33.26 19.88
34.4 19.87
33.26 19.89
34.4 19.86
34.4 19.85
34.4 19.86
34.4 19.85
34.4 19.88
34.4 19.88
34.4 19.8
34.4 19.85
34.4 19.8
34.4 19.8
34.4 19.82
33.26 19.83
34.4 19.82
34.4 19.82
34.4 19.85
34.4 19.81
34.4 19.78
34.4 19.79
34.4 19.82
34.4 19.79
34.4 19.81
34.4 19.78
34.4 19.82
34.4 19.76
35.54 19.81
35.54 19.75
34.4 19.74
34.4 19.73
34.4 19.69
34.4 19.71
34.4 19.81
34.4 19.74
35.54 19.76
34.4 19.73
35.54 19.71
35.54 19.73
35.54 19.74
34.4 19.76
35.54 19.69
35.54 19.74
35.54 19.79
34.4 19.77
34.4 19.75
35.54 19.69
35.54 19.67
35.54 19.69
34.4 19.71
35.54 19.72
35.54 19.71
35.54 19.68
35.54 19.66
35.54 19.71
35.54 19.68
35.54 19.62
35.54 19.7
35.54 19.64
35.54 19.67
35.54 19.65
34.4 19.63
36.68 19.63
35.54 19.62
35.54 19.63
35.54 19.58
35.54 19.63
35.54 19.65
35.54 19.57
34.4 19.6
35.54 19.65
34.4 19.63
35.54 19.63
35.54 19.64
35.54 19.61
35.54 19.57
35.54 19.56
35.54 19.62
35.54 19.62
35.54 19.6
35.54 19.56
34.4 19.6
35.54 19.59
35.54 19.59
35.54 19.54
35.54 19.56
35.54 19.54
36.68 19.56
35.54 19.54
35.54 19.55
35.54 19.52
36.68 19.55
35.54 19.53
35.54 19.51
35.54 19.55
35.54 19.53
35.54 19.52
35.54 19.52
36.68 19.49
35.54 19.49
35.54 19.44
35.54 19.42
36.68 19.47
36.68 19.48
36.68 19.47
36.68 19.46
35.54 19.5
35.54 19.48
35.54 19.48
36.68 19.47
35.54 19.44
35.54 19.48
36.68 19.45
36.68 19.42
36.68 19.45
36.68 19.47
36.68 19.4
36.68 19.4
36.68 19.47
35.54 19.47
36.68 19.4
36.68 19.4
35.54 19.41
36.68 19.44
36.68 19.41
36.68 19.4
36.68 19.4
35.54 19.35
36.68 19.39
36.68 19.36
36.68 19.38
36.68 19.39
36.68 19.37
36.68 19.43
36.68 19.38
36.68 19.38
36.68 19.38
36.68 19.36
36.68 19.35
35.54 19.41
36.68 19.35
36.68 19.34
36.68 19.33
36.68 19.33
36.68 19.35
36.68 19.27
36.68 19.39
36.68 19.34
36.68 19.34
36.68 19.29
35.54 19.32
36.68 19.33
36.68 19.37
37.82 19.33
36.68 19.27
36.68 19.34
36.68 19.31
36.68 19.28
37.82 19.31
36.68 19.37
36.68 19.32
37.82 19.27
36.68 19.26
36.68 19.29
37.82 19.3
36.68 19.32
36.68 19.27
36.68 19.24
36.68 19.27
36.68 19.22
36.68 19.3
36.68 19.26
36.68 19.26
36.68 19.27
37.82 19.24
36.68 19.25
36.68 19.24
36.68 19.27
36.68 19.29
36.68 19.24
36.68 19.2
36.68 19.23
37.82 19.19
36.68 19.18
37.82 19.2
37.82 19.21
37.82 19.2
37.82 19.23
38.96 19.24
37.82 19.2
37.82 19.22
37.82 19.23
36.68 19.26
36.68 19.22
37.82 19.15
37.82 19.22
36.68 19.17
37.82 19.17
37.82 19.22
37.82 19.19
37.82 19.21
37.82 19.21
37.82 19.19
36.68 19.2
37.82 19.17
36.68 19.2
37.82 19.18
36.68 19.17
37.82 19.15
37.82 19.12
37.82 19.17
37.82 19.13
37.82 19.13
37.82 19.16
37.82 19.16
37.82 19.14
37.82 19.14
37.82 19.13
37.82 19.11
38.96 19.12
36.68 19.14
37.82 19.1
36.68 19.14
37.82 19.06
37.82 19.11
37.82 19.13
37.82 19.13
37.82 19.08
37.82 19.1
38.96 19.05
37.82 19.08
37.82 19.07
37.82 19.03
38.96 19.07
37.82 19.07
37.82 19.05
38.96 19.1
38.96 19.09
37.82 19.11
37.82 19.09
37.82 19.09
37.82 19.02
37.82 19.07
37.82 19.0
37.82 19.06
37.82 19.04
37.82 19.04
37.82 19.05
37.82 18.99
38.96 19.01
38.96 18.98
38.96 19.0
37.82 19.04
37.82 19.04
38.96 18.95
37.82 19.01
37.82 19.02
38.96 19.01
37.82 19.01
38.96 19.01
38.96 18.97
38.96 19.03
38.96 18.97
37.82 18.96
37.82 19.06
37.82 19.03
38.96 18.98
38.96 18.98
37.82 18.96
38.96 18.95
38.96 19.01
38.96 19.0
37.82 18.98
38.96 18.94
38.96 18.97
37.82 18.97
38.96 18.98
37.82 18.92
37.82 18.96
38.96 18.93
38.96 18.97
38.96 18.93
38.96 18.94
38.96 18.98
38.96 18.94
37.82 18.91
38.96 18.91
38.96 18.94
37.82 18.94
38.96 18.93
38.96 18.95
38.96 18.97
38.96 18.98
38.96 18.9
38.96 18.93
38.96 18.91
37.82 18.91
38.96 18.87
38.96 18.94
38.96 18.91
38.96 18.91
38.96 18.91
38.96 18.87
38.96 18.92
38.96 18.91
38.96 18.9
38.96 18.9
38.96 18.89
38.96 18.8
38.96 18.9
37.82 18.88
38.96 18.87
38.96 18.82
38.96 18.83
38.96 18.88
38.96 18.85
38.96 18.89
38.96 18.86
38.96 18.85
38.96 18.86
38.96 18.86
38.96 18.9
38.96 18.85
38.96 18.84
38.96 18.81
38.96 18.83
40.1 18.87
38.96 18.85
38.96 18.83
38.96 18.87
38.96 18.84
38.96 18.79
38.96 18.82
38.96 18.8
38.96 18.83
38.96 18.81
38.96 18.8
40.1 18.79
40.1 18.77
38.96 18.84
38.96 18.81
38.96 18.84
40.1 18.82
40.1 18.79
40.1 18.83
38.96 18.84
38.96 18.79
38.96 18.84
40.1 18.78
38.96 18.79
38.96 18.8
38.96 18.81
38.96 18.79
40.1 18.78
38.96 18.76
38.96 18.75
40.1 18.81
40.1 18.79
40.1 18.8
40.1 18.8
38.96 18.75
38.96 18.83
40.1 18.75
40.1 18.72
38.96 18.82
38.96 18.73
38.96 18.77
38.96 18.71
38.96 18.74
40.1 18.76
38.96 18.78
40.1 18.74
38.96 18.71
38.96 18.77
40.1 18.74
40.1 18.68
38.96 18.73
40.1 18.75
40.1 18.73
40.1 18.72
38.96 18.75
38.96 18.75
38.96 18.73
38.96 18.68
38.96 18.74
40.1 18.75
40.1 18.72
40.1 18.68
40.1 18.69
40.1 18.73
40.1 18.72
40.1 18.69
40.1 18.68
40.1 18.74
40.1 18.66
40.1 18.68
40.1 18.67
38.96 18.74
38.96 18.71
38.96 18.71
38.96 18.68
40.1 18.72
40.1 18.63
40.1 18.71
38.96 18.68
40.1 18.64
40.1 18.67
40.1 18.68
40.1 18.67
38.96 18.65
40.1 18.67
40.1 18.62
40.1 18.67
40.1 18.61
40.1 18.67
40.1 18.66
40.1 18.66
40.1 18.6
40.1 18.66
40.1 18.59
40.1 18.62
40.1 18.58
40.1 18.62
40.1 18.6
41.24 18.57
38.96 18.62
40.1 18.61
40.1 18.59
40.1 18.57
40.1 18.62
40.1 18.58
40.1 18.62
40.1 18.62
40.1 18.62
40.1 18.62
40.1 18.67
40.1 18.63
40.1 18.58
38.96 18.6
40.1 18.57
40.1 18.57
40.1 18.64
40.1 18.6
40.1 18.6
40.1 18.61
40.1 18.63
40.1 18.6
41.24 18.62
40.1 18.57
40.1 18.58
40.1 18.56
41.24 18.53
40.1 18.59
40.1 18.54
40.1 18.5
40.1 18.61
40.1 18.57
41.24 18.56
40.1 18.53
40.1 18.58
41.24 18.57
40.1 18.57
40.1 18.53
40.1 18.55
40.1 18.5
40.1 18.58
40.1 18.53
40.1 18.52
41.24 18.56
40.1 18.52
41.24 18.54
40.1 18.5
40.1 18.49
40.1 18.56
40.1 18.52
40.1 18.57
41.24 18.51
40.1 18.51
40.1 18.52
40.1 18.51
41.24 18.46
41.24 18.51
40.1 18.47
41.24 18.5
40.1 18.53
41.24 18.52
41.24 18.49
41.24 18.51
40.1 18.51
41.24 18.48
41.24 18.46
40.1 18.52
40.1 18.46
40.1 18.52
40.1 18.46
41.24 18.48
41.24 18.46
40.1 18.46
40.1 18.47
41.24 18.48
41.24 18.43
41.24 18.48
41.24 18.49
41.24 18.46
41.24 18.38
41.24 18.49
41.24 18.46
40.1 18.41
41.24 18.44
40.1 18.46
41.24 18.45
41.24 18.47
40.1 18.42
41.24 18.43
41.24 18.46
41.24 18.44
40.1 18.49
41.24 18.44
40.1 18.4
40.1 18.44
41.24 18.4
40.1 18.42
41.24 18.45
41.24 18.38
41.24 18.43
40.1 18.4
41.24 18.37
42.38 18.44
41.24 18.4
41.24 18.39
41.24 18.36
41.24 18.41
41.24 18.38
41.24 18.42
41.24 18.35
41.24 18.39
41.24 18.36
41.24 18.34
41.24 18.33
42.38 18.41
41.24 18.38
41.24 18.37
41.24 18.39
42.38 18.41
41.24 18.36
42.38 18.33
41.24 18.39
41.24 18.36
41.24 18.36
41.24 18.37
41.24 18.38
41.24 18.38
41.24 18.4
41.24 18.34
41.24 18.36
41.24 18.31
41.24 18.33
42.38 18.36
40.1 18.38
41.24 18.31
41.24 18.34
41.24 18.36
41.24 18.35
40.1 18.33
41.24 18.35
41.24 18.33
41.24 18.31
41.24 18.35
42.38 18.31
41.24 18.3
41.24 18.3
41.24 18.31
42.38 18.34
41.24 18.35
41.24 18.32
42.38 18.34
41.24 18.3
41.24 18.31
41.24 18.36
41.24 18.3
41.24 18.29
41.24 18.31
41.24 18.31
42.38 18.25
41.24 18.35
42.38 18.3
42.38 18.24
42.38 18.38
41.24 18.31
41.24 18.2
41.24 18.24
41.24 18.27
42.38 18.31
41.24 18.33
41.24 18.21
42.38 18.26
41.24 18.31
41.24 18.29
41.24 18.22
41.24 18.28
41.24 18.24
42.38 18.3
41.24 18.29
41.24 18.3
41.24 18.24
41.24 18.3
42.38 18.23
42.38 18.27
41.24 18.29
42.38 18.25
41.24 18.27
42.38 18.29
42.38 18.24
42.38 18.21
41.24 18.29
42.38 18.24
41.24 18.26
41.24 18.24
41.24 18.23
42.38 18.24
42.38 18.29
42.38 18.26
42.38 18.21
42.38 18.23
42.38 18.22
42.38 18.24
42.38 18.24
43.52 18.24
42.38 18.24
42.38 18.25
42.38 18.2
42.38 18.23
41.24 18.21
41.24 18.21
42.38 18.24
42.38 18.16
42.38 18.16
42.38 18.16
42.38 18.16
42.38 18.2
41.24 18.18
42.38 18.2
41.24 18.2
42.38 18.18
42.38 18.16
41.24 18.16
42.38 18.16
42.38 18.16
42.38 18.16
42.38 18.17
42.38 18.15
42.38 18.22
42.38 18.16
42.38 18.18
42.38 18.14
41.24 18.15
42.38 18.12
41.24 18.19
42.38 18.16
42.38 18.24
42.38 18.18
41.24 18.13
42.38 18.14
42.38 18.19
42.38 18.09
42.38 18.14
42.38 18.13
41.24 18.19
42.38 18.11
42.38 18.14
42.38 18.13
42.38 18.11
42.38 18.11
42.38 18.15
42.38 18.14
42.38 18.13
42.38 18.12
42.38 18.2
42.38 18.11
42.38 18.15
42.38 18.12
42.38 18.12
42.38 18.14
42.38 18.1
42.38 18.13
42.38 18.15
43.52 18.09
42.38 18.13
42.38 18.13
42.38 18.12
42.38 18.08
42.38 18.12
42.38 18.15
42.38 18.05
42.38 18.15
42.38 18.15
42.38 18.1
43.52 18.07
42.38 18.05
42.38 18.08
42.38 18.12
42.38 18.11
42.38 18.08
43.52 18.09
43.52 18.07
42.38 18.08
42.38 18.08
42.38 18.11
43.52 18.08
42.38 18.07
42.38 18.09
42.38 18.06
43.52 18.07
42.38 18.08
42.38 18.03
42.38 18.01
42.38 18.09
42.38 18.07
43.52 18.02
43.52 17.98
43.52 18.06
42.38 18.03
42.38 18.03
43.52 18.07
42.38 18.01
43.52 18.08
43.52 18.16
42.38 18.06
42.38 18.01
42.38 18.01
42.38 18.04
42.38 18.06
42.38 18.01
42.38 17.99
43.52 18.03
42.38 18.06
43.52 18.08
42.38 18.02
42.38 18.0
42.38 18.05
43.52 17.98
43.52 18.01
42.38 17.99
42.38 18.0
42.38 18.03
43.52 18.02
43.52 18.0
43.52 17.99
43.52 18.05
43.52 18.06
42.38 17.99
42.38 17.98
42.38 17.98
42.38 18.06
42.38 17.99
42.38 18.02
42.38 17.98
43.52 17.96
42.38 18.07
43.52 17.94
43.52 18.03
42.38 17.97
43.52 18.02
42.38 17.97
42.38 18.01
43.52 18.0
43.52 18.02
42.38 17.99
43.52 17.96
43.52 17.99
42.38 17.98
43.52 17.97
42.38 17.98
43.52 18.01
42.38 17.96
43.52 17.97
43.52 17.99
43.52 17.95
42.38 17.92
43.52 17.98
43.52 17.99
43.52 17.96
43.52 17.96
43.52 17.96
42.38 17.96
42.38 17.96
43.52 17.94
42.38 17.96
43.52 17.94
43.52 17.92
42.38 17.92
43.52 17.91
43.52 17.89
43.52 17.96
43.52 17.91
43.52 17.95
43.52 17.96
43.52 17.96
43.52 17.93
42.38 17.91
43.52 17.93
42.38 17.88
43.52 17.94
43.52 17.92
43.52 17.96
43.52 17.92
42.38 17.89
43.52 17.92
43.52 17.96
42.38 17.89
42.38 17.88
43.52 17.92
42.38 17.89
43.52 17.89
43.52 17.91
43.52 17.88
43.52 17.86
43.52 17.92
42.38 17.95
43.52 17.87
43.52 17.93
43.52 17.91
43.52 17.88
43.52 17.91
42.38 17.91
43.52 17.89
44.66 17.81
43.52 17.89
43.52 17.85
43.52 17.91
43.52 17.89
43.52 17.93
43.52 17.84
43.52 17.86
43.52 17.87
43.52 17.91
43.52 17.91
43.52 17.87
44.66 17.87
43.52 17.86
43.52 17.87
43.52 17.9
43.52 17.83
43.52 17.84
43.52 17.85
43.52 17.86
43.52 17.85
43.52 17.85
43.52 17.85
44.66 17.85
42.38 17.89
43.52 17.82
43.52 17.84
43.52 17.86
43.52 17.84
43.52 17.83
43.52 17.82
43.52 17.86
43.52 17.83
44.66 17.79
43.52 17.8
43.52 17.81
43.52 17.81
43.52 17.82
43.52 17.85
43.52 17.85
43.52 17.84
43.52 17.85
43.52 17.82
44.66 17.84
43.52 17.81
43.52 17.82
43.52 17.84
44.66 17.84
43.52 17.8
43.52 17.84
43.52 17.83
43.52 17.79
43.52 17.84
43.52 17.84
44.66 17.84
43.52 17.78
44.66 17.78
43.52 17.76
43.52 17.82
43.52 17.82
43.52 17.76
43.52 17.78
44.66 17.79
44.66 17.77
43.52 17.81
43.52 17.76
43.52 17.77
43.52 17.76
43.52 17.79
44.66 17.78
44.66 17.81
43.52 17.8
44.66 17.76
43.52 17.76
43.52 17.76
44.66 17.79
43.52 17.77
43.52 17.79
44.66 17.74
44.66 17.76
43.52 17.8
43.52 17.79
43.52 17.83
43.52 17.81
43.52 17.72
43.52 17.77
44.66 17.77
43.52 17.82
44.66 17.76
44.66 17.77
44.66 17.78
43.52 17.74
44.66 17.73
43.52 17.76
43.52 17.72
43.52 17.77
43.52 17.73
43.52 17.73
43.52 17.76
43.52 17.74
44.66 17.74
43.52 17.75
43.52 17.73
44.66 17.76
43.52 17.75
43.52 17.73
43.52 17.79
43.52 17.73
44.66 17.69
44.66 17.72
43.52 17.79
43.52 17.72
44.66 17.66
44.66 17.7
44.66 17.71
44.66 17.7
43.52 17.7
43.52 17.71
43.52 17.73
44.66 17.68
44.66 17.74
43.52 17.73
44.66 17.76
43.52 17.78
44.66 17.7
43.52 17.69
43.52 17.71
44.66 17.74
44.66 17.71
43.52 17.69
44.66 17.74
44.66 17.76
43.52 17.71
44.66 17.72
44.66 17.72
44.66 17.67
43.52 17.68
43.52 17.71
44.66 17.7
44.66 17.69
44.66 17.71
44.66 17.69
43.52 17.63
44.66 17.62
44.66 17.68
43.52 17.68
43.52 17.66
44.66 17.66
44.66 17.66
44.66 17.67
44.66 17.69
45.8 17.7
44.66 17.65
44.66 17.64
44.66 17.64
44.66 17.63
44.66 17.69
44.66 17.62
44.66 17.63
44.66 17.63
44.66 17.67
44.66 17.63
44.66 17.67
44.66 17.6
44.66 17.64
44.66 17.64
44.66 17.65
44.66 17.6
44.66 17.69
44.66 17.67
44.66 17.65
44.66 17.62
44.66 17.59
44.66 17.66
43.52 17.6
43.52 17.63
44.66 17.63
44.66 17.69
44.66 17.67
44.66 17.69
44.66 17.67
44.66 17.64
44.66 17.65
44.66 17.68
44.66 17.66
44.66 17.61
44.66 17.61
44.66 17.64
44.66 17.64
44.66 17.61
44.66 17.59
44.66 17.59
44.66 17.61
44.66 17.62
44.66 17.66
45.8 17.62
44.66 17.58
45.8 17.59
45.8 17.6
44.66 17.61
44.66 17.61
44.66 17.6
44.66 17.6
44.66 17.61
44.66 17.63
44.66 17.65
45.8 17.58
44.66 17.66
44.66 17.61
44.66 17.6
44.66 17.57
44.66 17.58
44.66 17.62
44.66 17.57
44.66 17.62
44.66 17.59
45.8 17.61
44.66 17.6
44.66 17.51
44.66 17.6
44.66 17.56
45.8 17.57
44.66 17.64
44.66 17.62
44.66 17.61
45.8 17.52
44.66 17.56
44.66 17.57
43.52 17.6
44.66 17.6
44.66 17.56
45.8 17.59
44.66 17.63
44.66 17.6
44.66 17.63
44.66 17.56
44.66 17.55
44.66 17.6
44.66 17.55
44.66 17.57
44.66 17.52
44.66 17.6
44.66 17.59
45.8 17.6
44.66 17.56
43.52 17.54
44.66 17.54
44.66 17.57
44.66 17.57
44.66 17.53
44.66 17.54
44.66 17.56
44.66 17.6
44.66 17.54
44.66 17.54
43.52 17.56
44.66 17.55
44.66 17.6
44.66 17.53
44.66 17.51
44.66 17.53
45.8 17.58
44.66 17.53
44.66 17.5
44.66 17.52
45.8 17.56
44.66 17.49
44.66 17.54
45.8 17.5
44.66 17.54
44.66 17.56
44.66 17.53
44.66 17.54
44.66 17.54
44.66 17.5
44.66 17.57
45.8 17.54
44.66 17.52
44.66 17.56
44.66 17.55
45.8 17.53
45.8 17.51
44.66 17.54
45.8 17.52
45.8 17.49
45.8 17.51
45.8 17.49
44.66 17.5
45.8 17.57
44.66 17.5
44.66 17.49
44.66 17.51
45.8 17.51
45.8 17.49
44.66 17.5
45.8 17.53
45.8 17.52
44.66 17.47
44.66 17.55
45.8 17.51
44.66 17.49
44.66 17.52
44.66 17.46
44.66 17.48
44.66 17.54
44.66 17.48
44.66 17.5
44.66 17.51
44.66 17.5
45.8 17.48
45.8 17.47
44.66 17.49
44.66 17.47
45.8 17.47
44.66 17.44
44.66 17.44
44.66 17.47
45.8 17.38
44.66 17.52
45.8 17.44
45.8 17.44
44.66 17.42
45.8 17.45
45.8 17.41
45.8 17.45
45.8 17.43
45.8 17.43
45.8 17.45
44.66 17.47
44.66 17.42
44.66 17.45
44.66 17.49
44.66 17.43
45.8 17.42
44.66 17.46
44.66 17.5
45.8 17.48
45.8 17.45
45.8 17.45
45.8 17.47
45.8 17.47
45.8 17.4
45.8 17.47
45.8 17.44
45.8 17.4
44.66 17.44
44.66 17.52
45.8 17.42
44.66 17.44
45.8 17.47
45.8 17.43
44.66 17.43
44.66 17.47
45.8 17.43
45.8 17.4
45.8 17.45
45.8 17.42
44.66 17.4
45.8 17.42
44.66 17.41
44.66 17.46
45.8 17.4
45.8 17.42
45.8 17.45
45.8 17.41
45.8 17.47
45.8 17.41
45.8 17.44
44.66 17.43
45.8 17.43
45.8 17.37
45.8 17.4
45.8 17.39
45.8 17.47
44.66 17.41
44.66 17.39
45.8 17.36
46.94 17.39
45.8 17.43
45.8 17.45
45.8 17.38
45.8 17.36
45.8 17.34
45.8 17.4
45.8 17.41
45.8 17.38
45.8 17.35
44.66 17.42
45.8 17.39
45.8 17.38
45.8 17.41
45.8 17.41
45.8 17.39
45.8 17.4
44.66 17.38
44.66 17.44
45.8 17.4
45.8 17.39
45.8 17.4
45.8 17.35
45.8 17.38
45.8 17.42
45.8 17.31
45.8 17.34
45.8 17.36
45.8 17.41
45.8 17.4
45.8 17.41
45.8 17.4
45.8 17.4
45.8 17.41
45.8 17.37
45.8 17.35
45.8 17.4
45.8 17.33
45.8 17.38
45.8 17.35
