25.28 21.15
26.42 20.96
27.56 21.02
26.42 20.94
27.56 20.95
27.56 20.93
27.56 20.99
27.56 20.94
27.56 20.85
28.7 20.84
27.56 20.81
27.56 20.89
27.56 20.95
28.7 20.93
27.56 20.77
27.56 20.9
27.56 20.86
27.56 20.78
28.7 20.83
27.56 20.84
28.7 20.77
28.7 20.75
27.56 20.8
27.56 20.79
27.56 20.81
27.56 20.71
28.7 20.85
28.7 20.71
27.56 20.75
28.7 20.74
28.7 20.77
28.7 20.75
28.7 20.7
28.7 20.74
27.56 20.76
27.56 20.75
28.7 20.63
28.7 20.65
27.56 20.75
28.7 20.68
28.7 20.67
29.84 20.74
29.84 20.64
28.7 20.68
28.7 20.79
29.84 20.65
29.84 20.69
29.84 20.68
28.7 20.69
29.84 20.71
29.84 20.59
29.84 20.67
29.84 20.61
29.84 20.6
28.7 20.6
29.84 20.64
29.84 20.57
29.84 19.54
27.56 20.6
28.7 20.55
29.84 20.59
29.84 20.59
29.84 20.56
29.84 20.58
30.98 20.54
29.84 20.58
29.84 20.61
29.84 20.56
29.84 20.48
29.84 20.55
29.84 20.5
29.84 20.5
29.84 20.54
29.84 20.55
29.84 20.56
29.84 20.59
29.84 20.48
29.84 20.55
29.84 20.55
30.98 20.62
29.84 20.49
29.84 20.41
29.84 20.6
29.84 20.5
29.84 20.47
29.84 20.59
29.84 20.45
29.84 20.49
29.84 20.44
30.98 20.51
29.84 20.47
29.84 20.47
29.84 20.46
30.98 19.43
29.84 20.42
29.84 20.48
29.84 20.48
29.84 20.47
30.98 20.49
29.84 20.41
30.98 20.37
29.84 20.41
30.98 20.39
30.98 20.39
30.98 20.46
29.84 20.44
30.98 20.5
29.84 20.47
29.84 20.45
30.98 20.42
30.98 20.38
29.84 20.36
30.98 20.42
32.12 20.42
30.98 20.42
30.98 20.42
30.98 20.39
30.98 20.37
29.84 20.35
30.98 20.33
30.98 20.32
30.98 20.32
30.98 20.35
29.84 20.3
29.84 20.43
30.98 20.31
30.98 20.31
30.98 20.4
30.98 20.35
30.98 20.34
30.98 20.36
32.12 20.35
30.98 20.35
