43.52 202920.0
43.52 202940.0
43.52 202960.0
43.52 202980.0
43.52 203000.0
43.52 203020.0
42.38 203040.0
43.52 203060.0
43.52 203080.0
43.52 203100.0
42.38 203120.0
42.38 203140.0
43.52 203160.0
43.52 203180.0
42.38 203200.0
43.52 203220.0
43.52 203240.0
43.52 203260.0
43.52 203280.0
43.52 203300.0
42.38 203320.0
42.38 203340.0
43.52 203360.0
43.52 203380.0
43.52 203400.0
43.52 203420.0
43.52 203440.0
43.52 203460.0
43.52 203480.0
43.52 203500.0
43.52 203520.0
42.38 203540.0
43.52 203560.0
42.38 203580.0
43.52 203600.0
43.52 203620.0
43.52 203640.0
42.38 203660.0
43.52 203680.0
43.52 203700.0
42.38 203720.0
43.52 203740.0
42.38 203760.0
43.52 203780.0
43.52 203800.0
43.52 203820.0
43.52 203840.0
43.52 203860.0
42.38 203880.0
43.52 203900.0
43.52 203920.0
43.52 203940.0
42.38 203960.0
43.52 203980.0
42.38 204000.0
43.52 204020.0
43.52 204040.0
42.38 204060.0
43.52 204080.0
43.52 204100.0
43.52 204120.0
43.52 204140.0
43.52 204160.0
42.38 204180.0
43.52 204200.0
43.52 204220.0
43.52 204240.0
42.38 204260.0
43.52 204280.0
43.52 204300.0
43.52 204320.0
43.52 204340.0
43.52 204360.0
42.38 204380.0
43.52 204400.0
43.52 204420.0
43.52 204440.0
43.52 204460.0
42.38 204480.0
43.52 204500.0
43.52 204520.0
43.52 204540.0
43.52 204560.0
43.52 204580.0
42.38 204600.0
43.52 204620.0
43.52 204640.0
43.52 204660.0
43.52 204680.0
43.52 204700.0
43.52 204720.0
42.38 204740.0
43.52 204760.0
43.52 204780.0
43.52 204800.0
43.52 204820.0
43.52 204840.0
43.52 204860.0
43.52 204880.0
42.38 204900.0
43.52 204920.0
43.52 204940.0
43.52 204960.0
43.52 204980.0
43.52 205000.0
43.52 205020.0
43.52 205040.0
43.52 205060.0
43.52 205080.0
43.52 205100.0
43.52 205120.0
43.52 205140.0
42.38 205160.0
43.52 205180.0
42.38 205200.0
43.52 205220.0
43.52 205240.0
42.38 205260.0
43.52 205280.0
43.52 205300.0
43.52 205320.0
43.52 205340.0
43.52 205360.0
43.52 205380.0
43.52 205400.0
43.52 205420.0
43.52 205440.0
43.52 205460.0
43.52 205480.0
43.52 205500.0
43.52 205520.0
42.38 205540.0
43.52 205560.0
43.52 205580.0
43.52 205600.0
43.52 205620.0
43.52 205640.0
43.52 205660.0
43.52 205680.0
43.52 205700.0
42.38 205720.0
43.52 205740.0
42.38 205760.0
42.38 205780.0
43.52 205800.0
43.52 205820.0
43.52 205840.0
43.52 205860.0
43.52 205880.0
43.52 205900.0
42.38 205920.0
43.52 205940.0
43.52 205960.0
42.38 205980.0
43.52 206000.0
43.52 206020.0
43.52 206040.0
43.52 206060.0
43.52 206080.0
43.52 206100.0
43.52 206120.0
42.38 206140.0
42.38 206160.0
43.52 206180.0
43.52 206200.0
42.38 206220.0
43.52 206240.0
43.52 206260.0
43.52 206280.0
43.52 206300.0
43.52 206320.0
43.52 206340.0
43.52 206360.0
43.52 206380.0
43.52 206400.0
43.52 206420.0
43.52 206440.0
43.52 206460.0
43.52 206480.0
43.52 206500.0
43.52 206520.0
42.38 206540.0
43.52 206560.0
43.52 206580.0
43.52 206600.0
43.52 206620.0
43.52 206640.0
43.52 206660.0
43.52 206680.0
43.52 206700.0
43.52 206720.0
43.52 206740.0
43.52 206760.0
43.52 206780.0
43.52 206800.0
42.38 206820.0
43.52 206840.0
43.52 206860.0
43.52 206880.0
43.52 206900.0
42.38 206920.0
43.52 206940.0
43.52 206960.0
43.52 206980.0
43.52 207000.0
43.52 207020.0
43.52 207040.0
43.52 207060.0
43.52 207080.0
43.52 207100.0
43.52 207120.0
42.38 207140.0
43.52 207160.0
43.52 207180.0
43.52 207200.0
43.52 207220.0
43.52 207240.0
43.52 207260.0
43.52 207280.0
43.52 207300.0
43.52 207320.0
43.52 207340.0
43.52 207360.0
43.52 207380.0
43.52 207400.0
43.52 207420.0
43.52 207440.0
43.52 207460.0
43.52 207480.0
43.52 207500.0
43.52 207520.0
43.52 207540.0
43.52 207560.0
43.52 207580.0
43.52 207600.0
43.52 207620.0
42.38 207640.0
43.52 207660.0
43.52 207680.0
42.38 207700.0
43.52 207720.0
42.38 207740.0
43.52 207760.0
43.52 207780.0
43.52 207800.0
43.52 207820.0
43.52 207840.0
43.52 207860.0
43.52 207880.0
43.52 207900.0
43.52 207920.0
43.52 207940.0
43.52 207960.0
43.52 207980.0
43.52 208000.0
43.52 208020.0
43.52 208040.0
43.52 208060.0
43.52 208080.0
43.52 208100.0
42.38 208120.0
43.52 208140.0
43.52 208160.0
43.52 208180.0
43.52 208200.0
43.52 208220.0
43.52 208240.0
43.52 208260.0
43.52 208280.0
43.52 208300.0
43.52 208320.0
43.52 208340.0
43.52 208360.0
43.52 208380.0
42.38 208400.0
43.52 208420.0
43.52 208440.0
43.52 208460.0
43.52 208480.0
43.52 208500.0
43.52 208520.0
43.52 208540.0
43.52 208560.0
43.52 208580.0
43.52 208600.0
43.52 208620.0
43.52 208640.0
43.52 208660.0
43.52 208680.0
43.52 208700.0
43.52 208720.0
43.52 208740.0
42.38 208760.0
43.52 208780.0
43.52 208800.0
43.52 208820.0
43.52 208840.0
43.52 208860.0
42.38 208880.0
43.52 208900.0
42.38 208920.0
43.52 208940.0
43.52 208960.0
42.38 208980.0
43.52 209000.0
43.52 209020.0
43.52 209040.0
43.52 209060.0
43.52 209080.0
43.52 209100.0
43.52 209120.0
43.52 209140.0
43.52 209160.0
44.66 209180.0
43.52 209200.0
43.52 209220.0
42.38 209240.0
42.38 209260.0
43.52 209280.0
43.52 209300.0
43.52 209320.0
43.52 209340.0
43.52 209360.0
43.52 209380.0
43.52 209400.0
43.52 209420.0
42.38 209440.0
43.52 209460.0
43.52 209480.0
43.52 209500.0
42.38 209520.0
42.38 209540.0
43.52 209560.0
43.52 209580.0
43.52 209600.0
43.52 209620.0
43.52 209640.0
43.52 209660.0
43.52 209680.0
43.52 209700.0
43.52 209720.0
43.52 209740.0
43.52 209760.0
43.52 209780.0
43.52 209800.0
43.52 209820.0
43.52 209840.0
43.52 209860.0
43.52 209880.0
43.52 209900.0
43.52 209920.0
43.52 209940.0
43.52 209960.0
43.52 209980.0
43.52 210000.0
43.52 210020.0
43.52 210040.0
43.52 210060.0
43.52 210080.0
43.52 210100.0
43.52 210120.0
43.52 210140.0
42.38 210160.0
43.52 210180.0
43.52 210200.0
43.52 210220.0
43.52 210240.0
43.52 210260.0
42.38 210280.0
43.52 210300.0
42.38 210320.0
43.52 210340.0
43.52 210360.0
43.52 210380.0
43.52 210400.0
43.52 210420.0
43.52 210440.0
43.52 210460.0
43.52 210480.0
43.52 210500.0
43.52 210520.0
43.52 210540.0
43.52 210560.0
43.52 210580.0
43.52 210600.0
43.52 210620.0
43.52 210640.0
43.52 210660.0
43.52 210680.0
43.52 210700.0
43.52 210720.0
43.52 210740.0
43.52 210760.0
43.52 210780.0
43.52 210800.0
43.52 210820.0
43.52 210840.0
43.52 210860.0
43.52 210880.0
43.52 210900.0
43.52 210920.0
43.52 210940.0
43.52 210960.0
43.52 210980.0
43.52 211000.0
43.52 211020.0
43.52 211040.0
43.52 211060.0
43.52 211080.0
43.52 211100.0
43.52 211120.0
42.38 211140.0
44.66 211160.0
43.52 211180.0
42.38 211200.0
43.52 211220.0
43.52 211240.0
43.52 211260.0
43.52 211280.0
42.38 211300.0
43.52 211320.0
43.52 211340.0
43.52 211360.0
43.52 211380.0
42.38 211400.0
43.52 211420.0
43.52 211440.0
43.52 211460.0
43.52 211480.0
43.52 211500.0
43.52 211520.0
43.52 211540.0
43.52 211560.0
43.52 211580.0
43.52 211600.0
43.52 211620.0
43.52 211640.0
43.52 211660.0
43.52 211680.0
42.38 211700.0
43.52 211720.0
43.52 211740.0
43.52 211760.0
43.52 211780.0
43.52 211800.0
43.52 211820.0
43.52 211840.0
43.52 211860.0
43.52 211880.0
43.52 211900.0
43.52 211920.0
43.52 211940.0
43.52 211960.0
43.52 211980.0
43.52 212000.0
43.52 212020.0
43.52 212040.0
43.52 212060.0
42.38 212080.0
43.52 212100.0
43.52 212120.0
43.52 212140.0
43.52 212160.0
43.52 212180.0
43.52 212200.0
43.52 212220.0
43.52 212240.0
43.52 212260.0
43.52 212280.0
43.52 212300.0
43.52 212320.0
43.52 212340.0
43.52 212360.0
43.52 212380.0
43.52 212400.0
43.52 212420.0
42.38 212440.0
42.38 212460.0
43.52 212480.0
43.52 212500.0
43.52 212520.0
43.52 212540.0
43.52 212560.0
43.52 212580.0
43.52 212600.0
42.38 212620.0
43.52 212640.0
43.52 212660.0
43.52 212680.0
43.52 212700.0
43.52 212720.0
43.52 212740.0
43.52 212760.0
43.52 212780.0
43.52 212800.0
42.38 212820.0
43.52 212840.0
43.52 212860.0
43.52 212880.0
43.52 212900.0
43.52 212920.0
43.52 212940.0
42.38 212960.0
43.52 212980.0
43.52 213000.0
43.52 213020.0
43.52 213040.0
43.52 213060.0
43.52 213080.0
43.52 213100.0
43.52 213120.0
43.52 213140.0
43.52 213160.0
43.52 213180.0
43.52 213200.0
43.52 213220.0
43.52 213240.0
43.52 213260.0
43.52 213280.0
43.52 213300.0
42.38 213320.0
43.52 213340.0
43.52 213360.0
43.52 213380.0
42.38 213400.0
43.52 213420.0
43.52 213440.0
43.52 213460.0
43.52 213480.0
43.52 213500.0
43.52 213520.0
43.52 213540.0
42.38 213560.0
43.52 213580.0
43.52 213600.0
43.52 213620.0
43.52 213640.0
43.52 213660.0
42.38 213680.0
43.52 213700.0
43.52 213720.0
42.38 213740.0
43.52 213760.0
43.52 213780.0
43.52 213800.0
43.52 213820.0
43.52 213840.0
42.38 213860.0
43.52 213880.0
43.52 213900.0
43.52 213920.0
43.52 213940.0
43.52 213960.0
43.52 213980.0
43.52 214000.0
42.38 214020.0
43.52 214040.0
43.52 214060.0
43.52 214080.0
43.52 214100.0
43.52 214120.0
43.52 214140.0
43.52 214160.0
43.52 214180.0
43.52 214200.0
43.52 214220.0
43.52 214240.0
43.52 214260.0
43.52 214280.0
42.38 214300.0
43.52 214320.0
43.52 214340.0
43.52 214360.0
43.52 214380.0
43.52 214400.0
43.52 214420.0
43.52 214440.0
42.38 214460.0
43.52 214480.0
43.52 214500.0
43.52 214520.0
43.52 214540.0
43.52 214560.0
42.38 214580.0
42.38 214600.0
43.52 214620.0
43.52 214640.0
43.52 214660.0
43.52 214680.0
43.52 214700.0
43.52 214720.0
43.52 214740.0
43.52 214760.0
43.52 214780.0
43.52 214800.0
43.52 214820.0
42.38 214840.0
42.38 214860.0
43.52 214880.0
42.38 214900.0
43.52 214920.0
43.52 214940.0
43.52 214960.0
43.52 214980.0
43.52 215000.0
42.38 215020.0
43.52 215040.0
43.52 215060.0
43.52 215080.0
43.52 215100.0
43.52 215120.0
43.52 215140.0
43.52 215160.0
43.52 215180.0
43.52 215200.0
43.52 215220.0
43.52 215240.0
43.52 215260.0
43.52 215280.0
43.52 215300.0
43.52 215320.0
43.52 215340.0
43.52 215360.0
42.38 215380.0
43.52 215400.0
43.52 215420.0
43.52 215440.0
43.52 215460.0
43.52 215480.0
43.52 215500.0
43.52 215520.0
43.52 215540.0
43.52 215560.0
43.52 215580.0
43.52 215600.0
43.52 215620.0
43.52 215640.0
43.52 215660.0
43.52 215680.0
43.52 215700.0
43.52 215720.0
43.52 215740.0
43.52 215760.0
43.52 215780.0
43.52 215800.0
42.38 215820.0
43.52 215840.0
43.52 215860.0
43.52 215880.0
43.52 215900.0
43.52 215920.0
43.52 215940.0
43.52 215960.0
43.52 215980.0
43.52 216000.0
43.52 216020.0
43.52 216040.0
43.52 216060.0
43.52 216080.0
43.52 216100.0
43.52 216120.0
43.52 216140.0
43.52 216160.0
43.52 216180.0
43.52 216200.0
43.52 216220.0
43.52 216240.0
43.52 216260.0
43.52 216280.0
43.52 216300.0
43.52 216320.0
43.52 216340.0
43.52 216360.0
43.52 216380.0
44.66 216400.0
42.38 216420.0
43.52 216440.0
42.38 216460.0
43.52 216480.0
42.38 216500.0
43.52 216520.0
43.52 216540.0
43.52 216560.0
43.52 216580.0
43.52 216600.0
43.52 216620.0
43.52 216640.0
43.52 216660.0
43.52 216680.0
43.52 216700.0
43.52 216720.0
43.52 216740.0
43.52 216760.0
43.52 216780.0
43.52 216800.0
42.38 216820.0
43.52 216840.0
43.52 216860.0
43.52 216880.0
43.52 216900.0
43.52 216920.0
43.52 216940.0
43.52 216960.0
43.52 216980.0
43.52 217000.0
43.52 217020.0
43.52 217040.0
43.52 217060.0
43.52 217080.0
43.52 217100.0
43.52 217120.0
42.38 217140.0
43.52 217160.0
43.52 217180.0
43.52 217200.0
43.52 217220.0
43.52 217240.0
43.52 217260.0
43.52 217280.0
43.52 217300.0
43.52 217320.0
43.52 217340.0
43.52 217360.0
43.52 217380.0
43.52 217400.0
43.52 217420.0
43.52 217440.0
43.52 217460.0
43.52 217480.0
43.52 217500.0
43.52 217520.0
43.52 217540.0
43.52 217560.0
43.52 217580.0
43.52 217600.0
43.52 217620.0
43.52 217640.0
43.52 217660.0
43.52 217680.0
43.52 217700.0
43.52 217720.0
43.52 217740.0
43.52 217760.0
43.52 217780.0
43.52 217800.0
42.38 217820.0
42.38 217840.0
43.52 217860.0
43.52 217880.0
42.38 217900.0
43.52 217920.0
43.52 217940.0
43.52 217960.0
43.52 217980.0
43.52 218000.0
42.38 218020.0
43.52 218040.0
42.38 218060.0
43.52 218080.0
43.52 218100.0
42.38 218120.0
43.52 218140.0
42.38 218160.0
43.52 218180.0
43.52 218200.0
43.52 218220.0
43.52 218240.0
42.38 218260.0
43.52 218280.0
43.52 218300.0
43.52 218320.0
43.52 218340.0
43.52 218360.0
43.52 218380.0
43.52 218400.0
43.52 218420.0
42.38 218440.0
43.52 218460.0
42.38 218480.0
43.52 218500.0
43.52 218520.0
43.52 218540.0
43.52 218560.0
43.52 218580.0
43.52 218600.0
43.52 218620.0
43.52 218640.0
43.52 218660.0
43.52 218680.0
43.52 218700.0
43.52 218720.0
43.52 218740.0
43.52 218760.0
43.52 218780.0
43.52 218800.0
43.52 218820.0
43.52 218840.0
42.38 218860.0
42.38 218880.0
43.52 218900.0
43.52 218920.0
43.52 218940.0
43.52 218960.0
43.52 218980.0
43.52 219000.0
43.52 219020.0
43.52 219040.0
43.52 219060.0
43.52 219080.0
43.52 219100.0
43.52 219120.0
43.52 219140.0
43.52 219160.0
43.52 219180.0
43.52 219200.0
43.52 219220.0
43.52 219240.0
43.52 219260.0
43.52 219280.0
43.52 219300.0
43.52 219320.0
43.52 219340.0
43.52 219360.0
43.52 219380.0
43.52 219400.0
43.52 219420.0
43.52 219440.0
43.52 219460.0
44.66 219480.0
43.52 219500.0
43.52 219520.0
43.52 219540.0
43.52 219560.0
43.52 219580.0
43.52 219600.0
43.52 219620.0
43.52 219640.0
43.52 219660.0
43.52 219680.0
42.38 219700.0
43.52 219720.0
43.52 219740.0
43.52 219760.0
43.52 219780.0
43.52 219800.0
43.52 219820.0
43.52 219840.0
43.52 219860.0
43.52 219880.0
44.66 219900.0
43.52 219920.0
43.52 219940.0
43.52 219960.0
43.52 219980.0
43.52 220000.0
43.52 220020.0
43.52 220040.0
43.52 220060.0
43.52 220080.0
43.52 220100.0
44.66 220120.0
43.52 220140.0
43.52 220160.0
43.52 220180.0
43.52 220200.0
43.52 220220.0
43.52 220240.0
43.52 220260.0
43.52 220280.0
43.52 220300.0
43.52 220320.0
44.66 220340.0
43.52 220360.0
43.52 220380.0
43.52 220400.0
43.52 220420.0
43.52 220440.0
43.52 220460.0
43.52 220480.0
43.52 220500.0
43.52 220520.0
43.52 220540.0
43.52 220560.0
43.52 220580.0
43.52 220600.0
43.52 220620.0
43.52 220640.0
43.52 220660.0
43.52 220680.0
43.52 220700.0
43.52 220720.0
43.52 220740.0
43.52 220760.0
43.52 220780.0
43.52 220800.0
43.52 220820.0
43.52 220840.0
43.52 220860.0
43.52 220880.0
43.52 220900.0
43.52 220920.0
43.52 220940.0
43.52 220960.0
43.52 220980.0
43.52 221000.0
43.52 221020.0
43.52 221040.0
43.52 221060.0
43.52 221080.0
43.52 221100.0
43.52 221120.0
43.52 221140.0
43.52 221160.0
43.52 221180.0
43.52 221200.0
43.52 221220.0
43.52 221240.0
43.52 221260.0
43.52 221280.0
43.52 221300.0
43.52 221320.0
43.52 221340.0
43.52 221360.0
43.52 221380.0
43.52 221400.0
43.52 221420.0
43.52 221440.0
43.52 221460.0
43.52 221480.0
43.52 221500.0
43.52 221520.0
43.52 221540.0
43.52 221560.0
43.52 221580.0
43.52 221600.0
43.52 221620.0
43.52 221640.0
44.66 221660.0
42.38 221680.0
43.52 221700.0
43.52 221720.0
44.66 221740.0
43.52 221760.0
43.52 221780.0
43.52 221800.0
43.52 221820.0
43.52 221840.0
43.52 221860.0
43.52 221880.0
43.52 221900.0
43.52 221920.0
43.52 221940.0
43.52 221960.0
43.52 221980.0
43.52 222000.0
43.52 222020.0
43.52 222040.0
43.52 222060.0
43.52 222080.0
43.52 222100.0
43.52 222120.0
43.52 222140.0
43.52 222160.0
43.52 222180.0
42.38 222200.0
43.52 222220.0
43.52 222240.0
43.52 222260.0
43.52 222280.0
43.52 222300.0
43.52 222320.0
43.52 222340.0
43.52 222360.0
43.52 222380.0
43.52 222400.0
43.52 222420.0
43.52 222440.0
43.52 222460.0
43.52 222480.0
42.38 222500.0
43.52 222520.0
43.52 222540.0
42.38 222560.0
43.52 222580.0
43.52 222600.0
43.52 222620.0
43.52 222640.0
43.52 222660.0
43.52 222680.0
42.38 222700.0
43.52 222720.0
43.52 222740.0
43.52 222760.0
43.52 222780.0
43.52 222800.0
43.52 222820.0
43.52 222840.0
43.52 222860.0
43.52 222880.0
43.52 222900.0
43.52 222920.0
43.52 222940.0
43.52 222960.0
43.52 222980.0
43.52 223000.0
43.52 223020.0
43.52 223040.0
43.52 223060.0
43.52 223080.0
43.52 223100.0
43.52 223120.0
43.52 223140.0
43.52 223160.0
43.52 223180.0
43.52 223200.0
43.52 223220.0
43.52 223240.0
43.52 223260.0
43.52 223280.0
43.52 223300.0
43.52 223320.0
43.52 223340.0
43.52 223360.0
43.52 223380.0
43.52 223400.0
43.52 223420.0
43.52 223440.0
43.52 223460.0
43.52 223480.0
43.52 223500.0
43.52 223520.0
43.52 223540.0
44.66 223560.0
43.52 223580.0
43.52 223600.0
43.52 223620.0
43.52 223640.0
43.52 223660.0
43.52 223680.0
44.66 223700.0
43.52 223720.0
43.52 223740.0
43.52 223760.0
43.52 223780.0
43.52 223800.0
43.52 223820.0
43.52 223840.0
43.52 223860.0
42.38 223880.0
43.52 223900.0
43.52 223920.0
43.52 223940.0
43.52 223960.0
43.52 223980.0
43.52 224000.0
43.52 224020.0
43.52 224040.0
43.52 224060.0
43.52 224080.0
43.52 224100.0
43.52 224120.0
43.52 224140.0
43.52 224160.0
43.52 224180.0
44.66 224200.0
43.52 224220.0
43.52 224240.0
43.52 224260.0
43.52 224280.0
43.52 224300.0
43.52 224320.0
43.52 224340.0
43.52 224360.0
43.52 224380.0
43.52 224400.0
43.52 224420.0
43.52 224440.0
43.52 224460.0
43.52 224480.0
43.52 224500.0
43.52 224520.0
43.52 224540.0
43.52 224560.0
43.52 224580.0
43.52 224600.0
43.52 224620.0
43.52 224640.0
43.52 224660.0
43.52 224680.0
43.52 224700.0
43.52 224720.0
44.66 224740.0
43.52 224760.0
43.52 224780.0
43.52 224800.0
44.66 224820.0
43.52 224840.0
43.52 224860.0
43.52 224880.0
43.52 224900.0
43.52 224920.0
43.52 224940.0
43.52 224960.0
43.52 224980.0
43.52 225000.0
43.52 225020.0
43.52 225040.0
43.52 225060.0
43.52 225080.0
43.52 225100.0
43.52 225120.0
43.52 225140.0
43.52 225160.0
43.52 225180.0
43.52 225200.0
43.52 225220.0
43.52 225240.0
43.52 225260.0
43.52 225280.0
43.52 225300.0
43.52 225320.0
43.52 225340.0
43.52 225360.0
43.52 225380.0
43.52 225400.0
43.52 225420.0
43.52 225440.0
44.66 225460.0
43.52 225480.0
43.52 225500.0
43.52 225520.0
43.52 225540.0
43.52 225560.0
43.52 225580.0
43.52 225600.0
43.52 225620.0
43.52 225640.0
43.52 225660.0
43.52 225680.0
43.52 225700.0
43.52 225720.0
43.52 225740.0
43.52 225760.0
43.52 225780.0
42.38 225800.0
43.52 225820.0
44.66 225840.0
43.52 225860.0
43.52 225880.0
43.52 225900.0
43.52 225920.0
43.52 225940.0
43.52 225960.0
43.52 225980.0
43.52 226000.0
43.52 226020.0
43.52 226040.0
42.38 226060.0
43.52 226080.0
43.52 226100.0
43.52 226120.0
43.52 226140.0
43.52 226160.0
43.52 226180.0
43.52 226200.0
43.52 226220.0
43.52 226240.0
43.52 226260.0
43.52 226280.0
43.52 226300.0
42.38 226320.0
43.52 226340.0
43.52 226360.0
43.52 226380.0
43.52 226400.0
43.52 226420.0
43.52 226440.0
43.52 226460.0
43.52 226480.0
43.52 226500.0
43.52 226520.0
43.52 226540.0
43.52 226560.0
43.52 226580.0
44.66 226600.0
43.52 226620.0
43.52 226640.0
43.52 226660.0
42.38 226680.0
43.52 226700.0
43.52 226720.0
43.52 226740.0
43.52 226760.0
43.52 226780.0
43.52 226800.0
43.52 226820.0
43.52 226840.0
43.52 226860.0
43.52 226880.0
44.66 226900.0
43.52 226920.0
43.52 226940.0
43.52 226960.0
43.52 226980.0
43.52 227000.0
43.52 227020.0
43.52 227040.0
43.52 227060.0
43.52 227080.0
44.66 227100.0
43.52 227120.0
43.52 227140.0
43.52 227160.0
43.52 227180.0
43.52 227200.0
43.52 227220.0
43.52 227240.0
43.52 227260.0
43.52 227280.0
43.52 227300.0
43.52 227320.0
43.52 227340.0
43.52 227360.0
43.52 227380.0
43.52 227400.0
43.52 227420.0
43.52 227440.0
43.52 227460.0
44.66 227480.0
43.52 227500.0
43.52 227520.0
43.52 227540.0
43.52 227560.0
43.52 227580.0
43.52 227600.0
43.52 227620.0
43.52 227640.0
43.52 227660.0
43.52 227680.0
43.52 227700.0
43.52 227720.0
43.52 227740.0
43.52 227760.0
43.52 227780.0
43.52 227800.0
43.52 227820.0
43.52 227840.0
43.52 227860.0
43.52 227880.0
43.52 227900.0
43.52 227920.0
43.52 227940.0
43.52 227960.0
44.66 227980.0
43.52 228000.0
43.52 228020.0
43.52 228040.0
43.52 228060.0
43.52 228080.0
43.52 228100.0
43.52 228120.0
43.52 228140.0
43.52 228160.0
43.52 228180.0
43.52 228200.0
44.66 228220.0
44.66 228240.0
43.52 228260.0
43.52 228280.0
43.52 228300.0
43.52 228320.0
43.52 228340.0
43.52 228360.0
43.52 228380.0
43.52 228400.0
43.52 228420.0
43.52 228440.0
43.52 228460.0
43.52 228480.0
43.52 228500.0
43.52 228520.0
43.52 228540.0
43.52 228560.0
43.52 228580.0
43.52 228600.0
43.52 228620.0
43.52 228640.0
43.52 228660.0
43.52 228680.0
43.52 228700.0
43.52 228720.0
43.52 228740.0
43.52 228760.0
43.52 228780.0
43.52 228800.0
43.52 228820.0
43.52 228840.0
43.52 228860.0
43.52 228880.0
43.52 228900.0
43.52 228920.0
43.52 228940.0
43.52 228960.0
43.52 228980.0
43.52 229000.0
43.52 229020.0
42.38 229040.0
43.52 229060.0
43.52 229080.0
43.52 229100.0
43.52 229120.0
43.52 229140.0
43.52 229160.0
43.52 229180.0
43.52 229200.0
43.52 229220.0
43.52 229240.0
43.52 229260.0
44.66 229280.0
43.52 229300.0
43.52 229320.0
43.52 229340.0
43.52 229360.0
43.52 229380.0
43.52 229400.0
43.52 229420.0
43.52 229440.0
43.52 229460.0
42.38 229480.0
43.52 229500.0
43.52 229520.0
43.52 229540.0
43.52 229560.0
43.52 229580.0
43.52 229600.0
43.52 229620.0
43.52 229640.0
43.52 229660.0
43.52 229680.0
43.52 229700.0
44.66 229720.0
43.52 229740.0
43.52 229760.0
44.66 229780.0
43.52 229800.0
43.52 229820.0
43.52 229840.0
43.52 229860.0
43.52 229880.0
43.52 229900.0
43.52 229920.0
43.52 229940.0
43.52 229960.0
43.52 229980.0
43.52 230000.0
43.52 230020.0
43.52 230040.0
43.52 230060.0
43.52 230080.0
43.52 230100.0
43.52 230120.0
43.52 230140.0
43.52 230160.0
44.66 230180.0
43.52 230200.0
43.52 230220.0
43.52 230240.0
43.52 230260.0
43.52 230280.0
43.52 230300.0
43.52 230320.0
43.52 230340.0
43.52 230360.0
43.52 230380.0
43.52 230400.0
43.52 230420.0
43.52 230440.0
44.66 230460.0
44.66 230480.0
43.52 230500.0
44.66 230520.0
43.52 230540.0
43.52 230560.0
43.52 230580.0
43.52 230600.0
43.52 230620.0
43.52 230640.0
43.52 230660.0
43.52 230680.0
43.52 230700.0
43.52 230720.0
43.52 230740.0
43.52 230760.0
43.52 230780.0
43.52 230800.0
43.52 230820.0
43.52 230840.0
43.52 230860.0
43.52 230880.0
43.52 230900.0
43.52 230920.0
43.52 230940.0
43.52 230960.0
43.52 230980.0
43.52 231000.0
43.52 231020.0
43.52 231040.0
43.52 231060.0
43.52 231080.0
43.52 231100.0
43.52 231120.0
43.52 231140.0
43.52 231160.0
44.66 231180.0
43.52 231200.0
43.52 231220.0
43.52 231240.0
43.52 231260.0
43.52 231280.0
43.52 231300.0
