51.5 345300.0
50.36 345320.0
50.36 345340.0
50.36 345360.0
50.36 345380.0
50.36 345400.0
50.36 345420.0
50.36 345440.0
50.36 345460.0
51.5 345480.0
50.36 345500.0
51.5 345520.0
51.5 345540.0
50.36 345560.0
50.36 345580.0
50.36 345600.0
50.36 345620.0
51.5 345640.0
50.36 345660.0
50.36 345680.0
50.36 345700.0
50.36 345720.0
50.36 345740.0
51.5 345760.0
50.36 345780.0
50.36 345800.0
51.5 345820.0
51.5 345840.0
50.36 345860.0
51.5 345880.0
50.36 345900.0
50.36 345920.0
50.36 345940.0
50.36 345960.0
50.36 345980.0
51.5 346000.0
51.5 346020.0
50.36 346040.0
50.36 346060.0
50.36 346080.0
50.36 346100.0
50.36 346120.0
50.36 346140.0
50.36 346160.0
50.36 346180.0
50.36 346200.0
50.36 346220.0
50.36 346240.0
50.36 346260.0
50.36 346280.0
51.5 346300.0
51.5 346320.0
51.5 346340.0
51.5 346360.0
50.36 346380.0
50.36 346400.0
51.5 346420.0
50.36 346440.0
50.36 346460.0
50.36 346480.0
50.36 346500.0
50.36 346520.0
50.36 346540.0
51.5 346560.0
50.36 346580.0
50.36 346600.0
50.36 346620.0
50.36 346640.0
50.36 346660.0
50.36 346680.0
50.36 346700.0
50.36 346720.0
50.36 346740.0
50.36 346760.0
51.5 346780.0
50.36 346800.0
50.36 346820.0
50.36 346840.0
51.5 346860.0
50.36 346880.0
50.36 346900.0
50.36 346920.0
50.36 346940.0
50.36 346960.0
50.36 346980.0
50.36 347000.0
50.36 347020.0
50.36 347040.0
50.36 347060.0
50.36 347080.0
50.36 347100.0
50.36 347120.0
50.36 347140.0
50.36 347160.0
50.36 347180.0
50.36 347200.0
51.5 347220.0
50.36 347240.0
50.36 347260.0
50.36 347280.0
50.36 347300.0
51.5 347320.0
50.36 347340.0
50.36 347360.0
49.22 347380.0
50.36 347400.0
50.36 347420.0
50.36 347440.0
51.5 347460.0
50.36 347480.0
50.36 347500.0
50.36 347520.0
50.36 347540.0
50.36 347560.0
50.36 347580.0
50.36 347600.0
50.36 347620.0
51.5 347640.0
51.5 347660.0
51.5 347680.0
50.36 347700.0
50.36 347720.0
51.5 347740.0
51.5 347760.0
50.36 347780.0
50.36 347800.0
50.36 347820.0
50.36 347840.0
50.36 347860.0
50.36 347880.0
51.5 347900.0
50.36 347920.0
50.36 347940.0
50.36 347960.0
50.36 347980.0
50.36 348000.0
50.36 348020.0
50.36 348040.0
50.36 348060.0
50.36 348080.0
50.36 348100.0
50.36 348120.0
50.36 348140.0
51.5 348160.0
50.36 348180.0
51.5 348200.0
51.5 348220.0
50.36 348240.0
50.36 348260.0
51.5 348280.0
50.36 348300.0
50.36 348320.0
50.36 348340.0
50.36 348360.0
51.5 348380.0
50.36 348400.0
50.36 348420.0
51.5 348440.0
50.36 348460.0
50.36 348480.0
51.5 348500.0
50.36 348520.0
50.36 348540.0
50.36 348560.0
50.36 348580.0
50.36 348600.0
50.36 348620.0
50.36 348640.0
50.36 348660.0
50.36 348680.0
50.36 348700.0
50.36 348720.0
50.36 348740.0
51.5 348760.0
50.36 348780.0
50.36 348800.0
51.5 348820.0
50.36 348840.0
50.36 348860.0
51.5 348880.0
50.36 348900.0
50.36 348920.0
50.36 348940.0
50.36 348960.0
50.36 348980.0
50.36 349000.0
50.36 349020.0
50.36 349040.0
50.36 349060.0
51.5 349080.0
51.5 349100.0
50.36 349120.0
50.36 349140.0
50.36 349160.0
50.36 349180.0
50.36 349200.0
50.36 349220.0
51.5 349240.0
50.36 349260.0
51.5 349280.0
50.36 349300.0
50.36 349320.0
50.36 349340.0
51.5 349360.0
50.36 349380.0
51.5 349400.0
51.5 349420.0
50.36 349440.0
50.36 349460.0
50.36 349480.0
51.5 349500.0
51.5 349520.0
50.36 349540.0
50.36 349560.0
51.5 349580.0
51.5 349600.0
50.36 349620.0
50.36 349640.0
50.36 349660.0
51.5 349680.0
50.36 349700.0
50.36 349720.0
50.36 349740.0
50.36 349760.0
51.5 349780.0
51.5 349800.0
50.36 349820.0
50.36 349840.0
51.5 349860.0
50.36 349880.0
50.36 349900.0
50.36 349920.0
50.36 349940.0
50.36 349960.0
51.5 349980.0
51.5 350000.0
51.5 350020.0
50.36 350040.0
50.36 350060.0
50.36 350080.0
50.36 350100.0
50.36 350120.0
51.5 350140.0
51.5 350160.0
50.36 350180.0
50.36 350200.0
50.36 350220.0
50.36 350240.0
50.36 350260.0
51.5 350280.0
50.36 350300.0
50.36 350320.0
50.36 350340.0
50.36 350360.0
51.5 350380.0
50.36 350400.0
50.36 350420.0
50.36 350440.0
50.36 350460.0
50.36 350480.0
50.36 350500.0
50.36 350520.0
50.36 350540.0
51.5 350560.0
50.36 350580.0
50.36 350600.0
50.36 350620.0
51.5 350640.0
50.36 350660.0
50.36 350680.0
50.36 350700.0
50.36 350720.0
50.36 350740.0
50.36 350760.0
50.36 350780.0
50.36 350800.0
50.36 350820.0
50.36 350840.0
51.5 350860.0
50.36 350880.0
50.36 350900.0
51.5 350920.0
50.36 350940.0
50.36 350960.0
50.36 350980.0
50.36 351000.0
51.5 351020.0
50.36 351040.0
50.36 351060.0
50.36 351080.0
51.5 351100.0
50.36 351120.0
50.36 351140.0
51.5 351160.0
50.36 351180.0
51.5 351200.0
50.36 351220.0
51.5 351240.0
50.36 351260.0
50.36 351280.0
51.5 351300.0
50.36 351320.0
50.36 351340.0
51.5 351360.0
50.36 351380.0
51.5 351400.0
51.5 351420.0
50.36 351440.0
51.5 351460.0
50.36 351480.0
50.36 351500.0
51.5 351520.0
50.36 351540.0
50.36 351560.0
51.5 351580.0
50.36 351600.0
50.36 351620.0
50.36 351640.0
51.5 351660.0
50.36 351680.0
50.36 351700.0
50.36 351720.0
51.5 351740.0
50.36 351760.0
51.5 351780.0
50.36 351800.0
51.5 351820.0
51.5 351840.0
50.36 351860.0
50.36 351880.0
50.36 351900.0
50.36 351920.0
50.36 351940.0
51.5 351960.0
50.36 351980.0
51.5 352000.0
51.5 352020.0
51.5 352040.0
50.36 352060.0
50.36 352080.0
50.36 352100.0
50.36 352120.0
50.36 352140.0
50.36 352160.0
51.5 352180.0
50.36 352200.0
50.36 352220.0
51.5 352240.0
50.36 352260.0
51.5 352280.0
50.36 352300.0
50.36 352320.0
50.36 352340.0
50.36 352360.0
51.5 352380.0
50.36 352400.0
50.36 352420.0
50.36 352440.0
50.36 352460.0
50.36 352480.0
50.36 352500.0
50.36 352520.0
51.5 352540.0
51.5 352560.0
51.5 352580.0
50.36 352600.0
50.36 352620.0
50.36 352640.0
50.36 352660.0
50.36 352680.0
50.36 352700.0
51.5 352720.0
50.36 352740.0
51.5 352760.0
51.5 352780.0
50.36 352800.0
50.36 352820.0
51.5 352840.0
51.5 352860.0
50.36 352880.0
50.36 352900.0
50.36 352920.0
51.5 352940.0
50.36 352960.0
50.36 352980.0
50.36 353000.0
50.36 353020.0
50.36 353040.0
50.36 353060.0
50.36 353080.0
50.36 353100.0
50.36 353120.0
50.36 353140.0
51.5 353160.0
50.36 353180.0
50.36 353200.0
50.36 353220.0
51.5 353240.0
50.36 353260.0
50.36 353280.0
50.36 353300.0
50.36 353320.0
51.5 353340.0
50.36 353360.0
50.36 353380.0
50.36 353400.0
50.36 353420.0
50.36 353440.0
50.36 353460.0
51.5 353480.0
50.36 353500.0
50.36 353520.0
51.5 353540.0
50.36 353560.0
50.36 353580.0
50.36 353600.0
51.5 353620.0
51.5 353640.0
51.5 353660.0
50.36 353680.0
50.36 353700.0
50.36 353720.0
50.36 353740.0
50.36 353760.0
50.36 353780.0
50.36 353800.0
50.36 353820.0
50.36 353840.0
51.5 353860.0
50.36 353880.0
51.5 353900.0
50.36 353920.0
50.36 353940.0
50.36 353960.0
50.36 353980.0
51.5 354000.0
51.5 354020.0
51.5 354040.0
51.5 354060.0
51.5 354080.0
50.36 354100.0
50.36 354120.0
51.5 354140.0
51.5 354160.0
51.5 354180.0
50.36 354200.0
51.5 354220.0
51.5 354240.0
50.36 354260.0
50.36 354280.0
50.36 354300.0
50.36 354320.0
50.36 354340.0
50.36 354360.0
50.36 354380.0
50.36 354400.0
50.36 354420.0
50.36 354440.0
51.5 354460.0
51.5 354480.0
50.36 354500.0
50.36 354520.0
50.36 354540.0
50.36 354560.0
51.5 354580.0
51.5 354600.0
50.36 354620.0
50.36 354640.0
50.36 354660.0
50.36 354680.0
50.36 354700.0
50.36 354720.0
50.36 354740.0
50.36 354760.0
51.5 354780.0
51.5 354800.0
51.5 354820.0
50.36 354840.0
51.5 354860.0
51.5 354880.0
50.36 354900.0
51.5 354920.0
51.5 354940.0
50.36 354960.0
51.5 354980.0
50.36 355000.0
51.5 355020.0
50.36 355040.0
50.36 355060.0
50.36 355080.0
51.5 355100.0
50.36 355120.0
50.36 355140.0
50.36 355160.0
51.5 355180.0
50.36 355200.0
50.36 355220.0
50.36 355240.0
50.36 355260.0
50.36 355280.0
50.36 355300.0
50.36 355320.0
50.36 355340.0
51.5 355360.0
50.36 355380.0
51.5 355400.0
50.36 355420.0
51.5 355440.0
50.36 355460.0
50.36 355480.0
50.36 355500.0
50.36 355520.0
50.36 355540.0
51.5 355560.0
50.36 355580.0
50.36 355600.0
50.36 355620.0
51.5 355640.0
51.5 355660.0
50.36 355680.0
51.5 355700.0
50.36 355720.0
50.36 355740.0
50.36 355760.0
50.36 355780.0
50.36 355800.0
51.5 355820.0
50.36 355840.0
51.5 355860.0
51.5 355880.0
51.5 355900.0
50.36 355920.0
50.36 355940.0
51.5 355960.0
50.36 355980.0
50.36 356000.0
50.36 356020.0
50.36 356040.0
51.5 356060.0
50.36 356080.0
51.5 356100.0
50.36 356120.0
50.36 356140.0
50.36 356160.0
50.36 356180.0
50.36 356200.0
50.36 356220.0
50.36 356240.0
51.5 356260.0
50.36 356280.0
50.36 356300.0
50.36 356320.0
50.36 356340.0
51.5 356360.0
50.36 356380.0
50.36 356400.0
50.36 356420.0
51.5 356440.0
50.36 356460.0
50.36 356480.0
50.36 356500.0
50.36 356520.0
50.36 356540.0
50.36 356560.0
50.36 356580.0
50.36 356600.0
50.36 356620.0
50.36 356640.0
50.36 356660.0
50.36 356680.0
50.36 356700.0
51.5 356720.0
50.36 356740.0
51.5 356760.0
50.36 356780.0
51.5 356800.0
51.5 356820.0
50.36 356840.0
50.36 356860.0
51.5 356880.0
50.36 356900.0
50.36 356920.0
50.36 356940.0
51.5 356960.0
50.36 356980.0
51.5 357000.0
50.36 357020.0
50.36 357040.0
50.36 357060.0
50.36 357080.0
51.5 357100.0
51.5 357120.0
51.5 357140.0
50.36 357160.0
50.36 357180.0
51.5 357200.0
51.5 357220.0
50.36 357240.0
50.36 357260.0
51.5 357280.0
50.36 357300.0
50.36 357320.0
50.36 357340.0
50.36 357360.0
50.36 357380.0
50.36 357400.0
51.5 357420.0
50.36 357440.0
50.36 357460.0
50.36 357480.0
50.36 357500.0
50.36 357520.0
50.36 357540.0
50.36 357560.0
50.36 357580.0
51.5 357600.0
50.36 357620.0
50.36 357640.0
50.36 357660.0
50.36 357680.0
51.5 357700.0
51.5 357720.0
50.36 357740.0
51.5 357760.0
51.5 357780.0
50.36 357800.0
51.5 357820.0
50.36 357840.0
51.5 357860.0
50.36 357880.0
50.36 357900.0
50.36 357920.0
50.36 357940.0
50.36 357960.0
50.36 357980.0
50.36 358000.0
50.36 358020.0
51.5 358040.0
50.36 358060.0
50.36 358080.0
51.5 358100.0
50.36 358120.0
50.36 358140.0
50.36 358160.0
50.36 358180.0
50.36 358200.0
50.36 358220.0
50.36 358240.0
50.36 358260.0
51.5 358280.0
50.36 358300.0
51.5 358320.0
51.5 358340.0
51.5 358360.0
51.5 358380.0
50.36 358400.0
51.5 358420.0
51.5 358440.0
50.36 358460.0
50.36 358480.0
51.5 358500.0
51.5 358520.0
50.36 358540.0
50.36 358560.0
50.36 358580.0
51.5 358600.0
50.36 358620.0
50.36 358640.0
51.5 358660.0
50.36 358680.0
50.36 358700.0
51.5 358720.0
50.36 358740.0
50.36 358760.0
50.36 358780.0
51.5 358800.0
51.5 358820.0
51.5 358840.0
51.5 358860.0
51.5 358880.0
50.36 358900.0
51.5 358920.0
50.36 358940.0
50.36 358960.0
50.36 358980.0
51.5 359000.0
50.36 359020.0
50.36 359040.0
50.36 359060.0
51.5 359080.0
51.5 359100.0
51.5 359120.0
51.5 359140.0
51.5 359160.0
50.36 359180.0
50.36 359200.0
50.36 359220.0
50.36 359240.0
51.5 359260.0
50.36 359280.0
50.36 359300.0
50.36 359320.0
51.5 359340.0
51.5 359360.0
50.36 359380.0
50.36 359400.0
51.5 359420.0
51.5 359440.0
51.5 359460.0
51.5 359480.0
51.5 359500.0
50.36 359520.0
50.36 359540.0
50.36 359560.0
50.36 359580.0
50.36 359600.0
51.5 359620.0
50.36 359640.0
50.36 359660.0
50.36 359680.0
50.36 359700.0
50.36 359720.0
50.36 359740.0
50.36 359760.0
50.36 359780.0
51.5 359800.0
51.5 359820.0
51.5 359840.0
50.36 359860.0
50.36 359880.0
50.36 359900.0
50.36 359920.0
50.36 359940.0
50.36 359960.0
50.36 359980.0
51.5 360000.0
50.36 360020.0
50.36 360040.0
50.36 360060.0
50.36 360080.0
51.5 360100.0
50.36 360120.0
50.36 360140.0
51.5 360160.0
51.5 360180.0
50.36 360200.0
50.36 360220.0
50.36 360240.0
50.36 360260.0
50.36 360280.0
50.36 360300.0
51.5 360320.0
51.5 360340.0
51.5 360360.0
50.36 360380.0
50.36 360400.0
50.36 360420.0
50.36 360440.0
51.5 360460.0
51.5 360480.0
50.36 360500.0
51.5 360520.0
50.36 360540.0
50.36 360560.0
50.36 360580.0
50.36 360600.0
50.36 360620.0
50.36 360640.0
50.36 360660.0
50.36 360680.0
51.5 360700.0
50.36 360720.0
50.36 360740.0
51.5 360760.0
51.5 360780.0
50.36 360800.0
51.5 360820.0
50.36 360840.0
51.5 360860.0
51.5 360880.0
50.36 360900.0
51.5 360920.0
50.36 360940.0
50.36 360960.0
50.36 360980.0
51.5 361000.0
51.5 361020.0
51.5 361040.0
50.36 361060.0
51.5 361080.0
51.5 361100.0
50.36 361120.0
50.36 361140.0
51.5 361160.0
50.36 361180.0
50.36 361200.0
50.36 361220.0
50.36 361240.0
50.36 361260.0
50.36 361280.0
50.36 361300.0
50.36 361320.0
50.36 361340.0
51.5 361360.0
50.36 361380.0
50.36 361400.0
51.5 361420.0
50.36 361440.0
50.36 361460.0
50.36 361480.0
50.36 361500.0
51.5 361520.0
50.36 361540.0
51.5 361560.0
51.5 361580.0
50.36 361600.0
50.36 361620.0
50.36 361640.0
50.36 361660.0
50.36 361680.0
50.36 361700.0
50.36 361720.0
50.36 361740.0
50.36 361760.0
50.36 361780.0
50.36 361800.0
51.5 361820.0
50.36 361840.0
51.5 361860.0
51.5 361880.0
50.36 361900.0
50.36 361920.0
50.36 361940.0
51.5 361960.0
50.36 361980.0
51.5 362000.0
50.36 362020.0
51.5 362040.0
51.5 362060.0
51.5 362080.0
50.36 362100.0
51.5 362120.0
50.36 362140.0
50.36 362160.0
51.5 362180.0
51.5 362200.0
50.36 362220.0
50.36 362240.0
50.36 362260.0
50.36 362280.0
50.36 362300.0
50.36 362320.0
51.5 362340.0
51.5 362360.0
50.36 362380.0
51.5 362400.0
50.36 362420.0
51.5 362440.0
50.36 362460.0
51.5 362480.0
50.36 362500.0
50.36 362520.0
51.5 362540.0
51.5 362560.0
50.36 362580.0
51.5 362600.0
51.5 362620.0
51.5 362640.0
51.5 362660.0
51.5 362680.0
50.36 362700.0
50.36 362720.0
51.5 362740.0
51.5 362760.0
50.36 362780.0
51.5 362800.0
51.5 362820.0
50.36 362840.0
50.36 362860.0
50.36 362880.0
50.36 362900.0
50.36 362920.0
51.5 362940.0
50.36 362960.0
50.36 362980.0
51.5 363000.0
50.36 363020.0
50.36 363040.0
50.36 363060.0
51.5 363080.0
50.36 363100.0
50.36 363120.0
50.36 363140.0
50.36 363160.0
51.5 363180.0
51.5 363200.0
50.36 363220.0
50.36 363240.0
50.36 363260.0
50.36 363280.0
51.5 363300.0
51.5 363320.0
50.36 363340.0
51.5 363360.0
51.5 363380.0
51.5 363400.0
51.5 363420.0
51.5 363440.0
51.5 363460.0
50.36 363480.0
51.5 363500.0
50.36 363520.0
50.36 363540.0
50.36 363560.0
51.5 363580.0
50.36 363600.0
50.36 363620.0
50.36 363640.0
50.36 363660.0
50.36 363680.0
50.36 363700.0
50.36 363720.0
50.36 363740.0
50.36 363760.0
51.5 363780.0
51.5 363800.0
51.5 363820.0
50.36 363840.0
50.36 363860.0
50.36 363880.0
50.36 363900.0
50.36 363920.0
50.36 363940.0
50.36 363960.0
50.36 363980.0
50.36 364000.0
51.5 364020.0
50.36 364040.0
50.36 364060.0
50.36 364080.0
51.5 364100.0
51.5 364120.0
50.36 364140.0
51.5 364160.0
51.5 364180.0
50.36 364200.0
50.36 364220.0
50.36 364240.0
50.36 364260.0
50.36 364280.0
50.36 364300.0
50.36 364320.0
51.5 364340.0
50.36 364360.0
51.5 364380.0
51.5 364400.0
50.36 364420.0
50.36 364440.0
51.5 364460.0
51.5 364480.0
50.36 364500.0
50.36 364520.0
51.5 364540.0
50.36 364560.0
50.36 364580.0
50.36 364600.0
50.36 364620.0
51.5 364640.0
51.5 364660.0
50.36 364680.0
51.5 364700.0
50.36 364720.0
51.5 364740.0
51.5 364760.0
50.36 364780.0
50.36 364800.0
50.36 364820.0
51.5 364840.0
50.36 364860.0
50.36 364880.0
50.36 364900.0
50.36 364920.0
51.5 364940.0
51.5 364960.0
51.5 364980.0
50.36 365000.0
50.36 365020.0
50.36 365040.0
50.36 365060.0
50.36 365080.0
50.36 365100.0
51.5 365120.0
51.5 365140.0
51.5 365160.0
50.36 365180.0
51.5 365200.0
50.36 365220.0
51.5 365240.0
50.36 365260.0
51.5 365280.0
51.5 365300.0
51.5 365320.0
51.5 365340.0
51.5 365360.0
50.36 365380.0
51.5 365400.0
51.5 365420.0
50.36 365440.0
50.36 365460.0
50.36 365480.0
51.5 365500.0
51.5 365520.0
51.5 365540.0
51.5 365560.0
51.5 365580.0
50.36 365600.0
50.36 365620.0
50.36 365640.0
50.36 365660.0
50.36 365680.0
51.5 365700.0
51.5 365720.0
51.5 365740.0
50.36 365760.0
50.36 365780.0
51.5 365800.0
51.5 365820.0
51.5 365840.0
51.5 365860.0
51.5 365880.0
51.5 365900.0
51.5 365920.0
50.36 365940.0
50.36 365960.0
51.5 365980.0
50.36 366000.0
50.36 366020.0
51.5 366040.0
50.36 366060.0
50.36 366080.0
51.5 366100.0
50.36 366120.0
50.36 366140.0
51.5 366160.0
50.36 366180.0
50.36 366200.0
50.36 366220.0
50.36 366240.0
51.5 366260.0
51.5 366280.0
51.5 366300.0
51.5 366320.0
51.5 366340.0
50.36 366360.0
51.5 366380.0
50.36 366400.0
51.5 366420.0
50.36 366440.0
50.36 366460.0
51.5 366480.0
50.36 366500.0
50.36 366520.0
50.36 366540.0
51.5 366560.0
50.36 366580.0
51.5 366600.0
50.36 366620.0
50.36 366640.0
50.36 366660.0
50.36 366680.0
50.36 366700.0
50.36 366720.0
50.36 366740.0
50.36 366760.0
50.36 366780.0
50.36 366800.0
50.36 366820.0
50.36 366840.0
50.36 366860.0
51.5 366880.0
50.36 366900.0
50.36 366920.0
50.36 366940.0
50.36 366960.0
51.5 366980.0
50.36 367000.0
50.36 367020.0
50.36 367040.0
51.5 367060.0
51.5 367080.0
50.36 367100.0
50.36 367120.0
51.5 367140.0
50.36 367160.0
51.5 367180.0
50.36 367200.0
50.36 367220.0
51.5 367240.0
50.36 367260.0
50.36 367280.0
50.36 367300.0
50.36 367320.0
51.5 367340.0
51.5 367360.0
51.5 367380.0
50.36 367400.0
51.5 367420.0
51.5 367440.0
50.36 367460.0
51.5 367480.0
51.5 367500.0
51.5 367520.0
51.5 367540.0
50.36 367560.0
51.5 367580.0
51.5 367600.0
51.5 367620.0
51.5 367640.0
51.5 367660.0
51.5 367680.0
51.5 367700.0
51.5 367720.0
50.36 367740.0
50.36 367760.0
50.36 367780.0
51.5 367800.0
50.36 367820.0
50.36 367840.0
50.36 367860.0
50.36 367880.0
51.5 367900.0
50.36 367920.0
51.5 367940.0
50.36 367960.0
51.5 367980.0
50.36 368000.0
50.36 368020.0
51.5 368040.0
50.36 368060.0
50.36 368080.0
50.36 368100.0
50.36 368120.0
50.36 368140.0
51.5 368160.0
50.36 368180.0
50.36 368200.0
50.36 368220.0
50.36 368240.0
50.36 368260.0
50.36 368280.0
50.36 368300.0
50.36 368320.0
50.36 368340.0
50.36 368360.0
50.36 368380.0
50.36 368400.0
50.36 368420.0
50.36 368440.0
50.36 368460.0
50.36 368480.0
51.5 368500.0
51.5 368520.0
51.5 368540.0
50.36 368560.0
50.36 368580.0
50.36 368600.0
51.5 368620.0
50.36 368640.0
51.5 368660.0
50.36 368680.0
50.36 368700.0
51.5 368720.0
50.36 368740.0
51.5 368760.0
51.5 368780.0
50.36 368800.0
50.36 368820.0
50.36 368840.0
50.36 368860.0
50.36 368880.0
50.36 368900.0
51.5 368920.0
50.36 368940.0
51.5 368960.0
51.5 368980.0
50.36 369000.0
50.36 369020.0
51.5 369040.0
50.36 369060.0
51.5 369080.0
50.36 369100.0
51.5 369120.0
50.36 369140.0
50.36 369160.0
51.5 369180.0
50.36 369200.0
50.36 369220.0
50.36 369240.0
51.5 369260.0
51.5 369280.0
51.5 369300.0
51.5 369320.0
50.36 369340.0
51.5 369360.0
51.5 369380.0
50.36 369400.0
50.36 369420.0
51.5 369440.0
50.36 369460.0
51.5 369480.0
50.36 369500.0
50.36 369520.0
51.5 369540.0
51.5 369560.0
50.36 369580.0
51.5 369600.0
50.36 369620.0
50.36 369640.0
50.36 369660.0
50.36 369680.0
50.36 369700.0
50.36 369720.0
50.36 369740.0
51.5 369760.0
50.36 369780.0
51.5 369800.0
50.36 369820.0
51.5 369840.0
50.36 369860.0
50.36 369880.0
50.36 369900.0
50.36 369920.0
51.5 369940.0
50.36 369960.0
50.36 369980.0
50.36 370000.0
51.5 370020.0
51.5 370040.0
51.5 370060.0
50.36 370080.0
50.36 370100.0
50.36 370120.0
50.36 370140.0
50.36 370160.0
50.36 370180.0
51.5 370200.0
50.36 370220.0
50.36 370240.0
50.36 370260.0
50.36 370280.0
50.36 370300.0
50.36 370320.0
50.36 370340.0
50.36 370360.0
50.36 370380.0
51.5 370400.0
50.36 370420.0
51.5 370440.0
50.36 370460.0
50.36 370480.0
50.36 370500.0
50.36 370520.0
51.5 370540.0
50.36 370560.0
51.5 370580.0
51.5 370600.0
51.5 370620.0
50.36 370640.0
51.5 370660.0
50.36 370680.0
51.5 370700.0
51.5 370720.0
50.36 370740.0
50.36 370760.0
50.36 370780.0
51.5 370800.0
50.36 370820.0
50.36 370840.0
51.5 370860.0
50.36 370880.0
50.36 370900.0
51.5 370920.0
51.5 370940.0
51.5 370960.0
50.36 370980.0
50.36 371000.0
50.36 371020.0
50.36 371040.0
51.5 371060.0
50.36 371080.0
51.5 371100.0
50.36 371120.0
50.36 371140.0
51.5 371160.0
51.5 371180.0
50.36 371200.0
51.5 371220.0
51.5 371240.0
51.5 371260.0
50.36 371280.0
51.5 371300.0
51.5 371320.0
50.36 371340.0
51.5 371360.0
50.36 371380.0
50.36 371400.0
50.36 371420.0
50.36 371440.0
50.36 371460.0
50.36 371480.0
50.36 371500.0
50.36 371520.0
50.36 371540.0
51.5 371560.0
51.5 371580.0
51.5 371600.0
50.36 371620.0
51.5 371640.0
51.5 371660.0
51.5 371680.0
50.36 371700.0
51.5 371720.0
50.36 371740.0
50.36 371760.0
51.5 371780.0
51.5 371800.0
51.5 371820.0
51.5 371840.0
50.36 371860.0
50.36 371880.0
50.36 371900.0
50.36 371920.0
50.36 371940.0
50.36 371960.0
51.5 371980.0
51.5 372000.0
50.36 372020.0
50.36 372040.0
51.5 372060.0
51.5 372080.0
50.36 372100.0
51.5 372120.0
50.36 372140.0
51.5 372160.0
51.5 372180.0
51.5 372200.0
50.36 372220.0
50.36 372240.0
51.5 372260.0
51.5 372280.0
51.5 372300.0
51.5 372320.0
51.5 372340.0
50.36 372360.0
50.36 372380.0
50.36 372400.0
51.5 372420.0
51.5 372440.0
50.36 372460.0
50.36 372480.0
50.36 372500.0
50.36 372520.0
51.5 372540.0
51.5 372560.0
50.36 372580.0
50.36 372600.0
51.5 372620.0
50.36 372640.0
51.5 372660.0
51.5 372680.0
50.36 372700.0
50.36 372720.0
51.5 372740.0
51.5 372760.0
50.36 372780.0
50.36 372800.0
51.5 372820.0
51.5 372840.0
50.36 372860.0
50.36 372880.0
50.36 372900.0
51.5 372920.0
51.5 372940.0
50.36 372960.0
51.5 372980.0
50.36 373000.0
50.36 373020.0
50.36 373040.0
50.36 373060.0
50.36 373080.0
50.36 373100.0
50.36 373120.0
51.5 373140.0
51.5 373160.0
50.36 373180.0
50.36 373200.0
51.5 373220.0
50.36 373240.0
50.36 373260.0
50.36 373280.0
51.5 373300.0
51.5 373320.0
50.36 373340.0
51.5 373360.0
51.5 373380.0
50.36 373400.0
50.36 373420.0
51.5 373440.0
51.5 373460.0
50.36 373480.0
51.5 373500.0
51.5 373520.0
50.36 373540.0
51.5 373560.0
51.5 373580.0
50.36 373600.0
51.5 373620.0
51.5 373640.0
51.5 373660.0
51.5 373680.0
50.36 373700.0
51.5 373720.0
51.5 373740.0
51.5 373760.0
