25.28 22.06
24.14 21.66
25.28 21.8
25.28 21.66
25.28 21.71
25.28 21.71
25.28 21.58
25.28 21.58
25.28 21.55
25.28 21.45
25.28 21.93
26.42 21.74
25.28 21.5
25.28 21.69
25.28 21.72
26.42 21.58
25.28 21.62
25.28 21.6
25.28 21.63
26.42 21.48
25.28 21.61
26.42 21.53
27.56 21.57
26.42 21.42
26.42 21.47
26.42 21.5
27.56 21.43
26.42 21.37
26.42 21.29
25.28 21.41
27.56 21.38
26.42 21.23
27.56 21.42
26.42 21.31
26.42 21.3
26.42 21.28
27.56 21.39
27.56 21.31
27.56 21.26
27.56 21.19
27.56 21.29
27.56 21.3
27.56 21.26
27.56 21.15
27.56 21.34
27.56 21.23
27.56 21.18
27.56 21.4
27.56 21.31
27.56 21.26
27.56 21.19
27.56 21.18
27.56 21.17
