49.22 69520.0
49.22 69540.0
49.22 69560.0
49.22 69580.0
49.22 69600.0
49.22 69620.0
49.22 69640.0
49.22 69660.0
49.22 69680.0
49.22 69700.0
49.22 69720.0
49.22 69740.0
49.22 69760.0
49.22 69780.0
49.22 69800.0
49.22 69820.0
49.22 69840.0
49.22 69860.0
49.22 69880.0
49.22 69900.0
49.22 69920.0
49.22 69940.0
49.22 69960.0
49.22 69980.0
49.22 70000.0
48.08 70020.0
49.22 70040.0
49.22 70060.0
49.22 70080.0
49.22 70100.0
49.22 70120.0
49.22 70140.0
49.22 70160.0
49.22 70180.0
49.22 70200.0
49.22 70220.0
49.22 70240.0
49.22 70260.0
49.22 70280.0
50.36 70300.0
49.22 70320.0
49.22 70340.0
49.22 70360.0
48.08 70380.0
49.22 70400.0
49.22 70420.0
49.22 70440.0
48.08 70460.0
49.22 70480.0
49.22 70500.0
49.22 70520.0
49.22 70540.0
49.22 70560.0
49.22 70580.0
49.22 70600.0
49.22 70620.0
49.22 70640.0
49.22 70660.0
49.22 70680.0
49.22 70700.0
49.22 70720.0
49.22 70740.0
49.22 70760.0
49.22 70780.0
49.22 70800.0
49.22 70820.0
49.22 70840.0
49.22 70860.0
49.22 70880.0
49.22 70900.0
49.22 70920.0
49.22 70940.0
49.22 70960.0
49.22 70980.0
49.22 71000.0
49.22 71020.0
49.22 71040.0
49.22 71060.0
49.22 71080.0
49.22 71100.0
49.22 71120.0
49.22 71140.0
49.22 71160.0
49.22 71180.0
49.22 71200.0
49.22 71220.0
49.22 71240.0
49.22 71260.0
49.22 71280.0
49.22 71300.0
49.22 71320.0
49.22 71340.0
49.22 71360.0
49.22 71380.0
49.22 71400.0
49.22 71420.0
49.22 71440.0
49.22 71460.0
49.22 71480.0
49.22 71500.0
49.22 71520.0
49.22 71540.0
49.22 71560.0
49.22 71580.0
49.22 71600.0
49.22 71620.0
49.22 71640.0
49.22 71660.0
49.22 71680.0
49.22 71700.0
49.22 71720.0
49.22 71740.0
49.22 71760.0
48.08 71780.0
49.22 71800.0
49.22 71820.0
49.22 71840.0
49.22 71860.0
49.22 71880.0
49.22 71900.0
49.22 71920.0
48.08 71940.0
49.22 71960.0
49.22 71980.0
49.22 72000.0
49.22 72020.0
49.22 72040.0
49.22 72060.0
49.22 72080.0
49.22 72100.0
49.22 72120.0
49.22 72140.0
49.22 72160.0
49.22 72180.0
49.22 72200.0
49.22 72220.0
49.22 72240.0
49.22 72260.0
49.22 72280.0
49.22 72300.0
49.22 72320.0
49.22 72340.0
49.22 72360.0
49.22 72380.0
49.22 72400.0
49.22 72420.0
49.22 72440.0
49.22 72460.0
49.22 72480.0
49.22 72500.0
49.22 72520.0
49.22 72540.0
49.22 72560.0
49.22 72580.0
49.22 72600.0
49.22 72620.0
49.22 72640.0
49.22 72660.0
49.22 72680.0
49.22 72700.0
49.22 72720.0
49.22 72740.0
49.22 72760.0
49.22 72780.0
49.22 72800.0
49.22 72820.0
49.22 72840.0
48.08 72860.0
49.22 72880.0
49.22 72900.0
49.22 72920.0
49.22 72940.0
50.36 72960.0
49.22 72980.0
49.22 73000.0
49.22 73020.0
49.22 73040.0
49.22 73060.0
49.22 73080.0
49.22 73100.0
49.22 73120.0
49.22 73140.0
49.22 73160.0
49.22 73180.0
49.22 73200.0
49.22 73220.0
49.22 73240.0
49.22 73260.0
49.22 73280.0
49.22 73300.0
49.22 73320.0
49.22 73340.0
49.22 73360.0
49.22 73380.0
49.22 73400.0
49.22 73420.0
49.22 73440.0
49.22 73460.0
49.22 73480.0
49.22 73500.0
49.22 73520.0
49.22 73540.0
49.22 73560.0
49.22 73580.0
49.22 73600.0
49.22 73620.0
49.22 73640.0
49.22 73660.0
49.22 73680.0
49.22 73700.0
48.08 73720.0
49.22 73740.0
49.22 73760.0
49.22 73780.0
49.22 73800.0
49.22 73820.0
49.22 73840.0
49.22 73860.0
49.22 73880.0
49.22 73900.0
49.22 73920.0
49.22 73940.0
49.22 73960.0
49.22 73980.0
49.22 74000.0
49.22 74020.0
49.22 74040.0
49.22 74060.0
50.36 74080.0
49.22 74100.0
49.22 74120.0
49.22 74140.0
50.36 74160.0
49.22 74180.0
49.22 74200.0
49.22 74220.0
49.22 74240.0
49.22 74260.0
49.22 74280.0
49.22 74300.0
49.22 74320.0
49.22 74340.0
49.22 74360.0
49.22 74380.0
50.36 74400.0
49.22 74420.0
49.22 74440.0
49.22 74460.0
49.22 74480.0
49.22 74500.0
49.22 74520.0
49.22 74540.0
49.22 74560.0
49.22 74580.0
49.22 74600.0
49.22 74620.0
49.22 74640.0
49.22 74660.0
50.36 74680.0
49.22 74700.0
49.22 74720.0
49.22 74740.0
49.22 74760.0
49.22 74780.0
49.22 74800.0
49.22 74820.0
49.22 74840.0
49.22 74860.0
49.22 74880.0
49.22 74900.0
49.22 74920.0
49.22 74940.0
49.22 74960.0
49.22 74980.0
50.36 75000.0
49.22 75020.0
49.22 75040.0
49.22 75060.0
49.22 75080.0
49.22 75100.0
50.36 75120.0
49.22 75140.0
49.22 75160.0
49.22 75180.0
50.36 75200.0
49.22 75220.0
49.22 75240.0
49.22 75260.0
49.22 75280.0
49.22 75300.0
49.22 75320.0
49.22 75340.0
49.22 75360.0
49.22 75380.0
49.22 75400.0
50.36 75420.0
49.22 75440.0
49.22 75460.0
49.22 75480.0
49.22 75500.0
49.22 75520.0
49.22 75540.0
49.22 75560.0
49.22 75580.0
49.22 75600.0
49.22 75620.0
49.22 75640.0
49.22 75660.0
49.22 75680.0
49.22 75700.0
49.22 75720.0
49.22 75740.0
49.22 75760.0
50.36 75780.0
49.22 75800.0
50.36 75820.0
49.22 75840.0
50.36 75860.0
49.22 75880.0
49.22 75900.0
49.22 75920.0
50.36 75940.0
49.22 75960.0
49.22 75980.0
49.22 76000.0
49.22 76020.0
49.22 76040.0
49.22 76060.0
50.36 76080.0
49.22 76100.0
49.22 76120.0
49.22 76140.0
49.22 76160.0
50.36 76180.0
49.22 76200.0
49.22 76220.0
49.22 76240.0
50.36 76260.0
49.22 76280.0
49.22 76300.0
49.22 76320.0
49.22 76340.0
49.22 76360.0
49.22 76380.0
49.22 76400.0
49.22 76420.0
49.22 76440.0
49.22 76460.0
49.22 76480.0
49.22 76500.0
50.36 76520.0
49.22 76540.0
49.22 76560.0
49.22 76580.0
49.22 76600.0
49.22 76620.0
49.22 76640.0
49.22 76660.0
49.22 76680.0
49.22 76700.0
49.22 76720.0
49.22 76740.0
49.22 76760.0
50.36 76780.0
49.22 76800.0
49.22 76820.0
49.22 76840.0
50.36 76860.0
50.36 76880.0
49.22 76900.0
49.22 76920.0
49.22 76940.0
50.36 76960.0
49.22 76980.0
49.22 77000.0
49.22 77020.0
49.22 77040.0
49.22 77060.0
49.22 77080.0
49.22 77100.0
49.22 77120.0
49.22 77140.0
49.22 77160.0
50.36 77180.0
49.22 77200.0
49.22 77220.0
49.22 77240.0
49.22 77260.0
49.22 77280.0
50.36 77300.0
49.22 77320.0
49.22 77340.0
50.36 77360.0
49.22 77380.0
49.22 77400.0
49.22 77420.0
49.22 77440.0
49.22 77460.0
49.22 77480.0
49.22 77500.0
49.22 77520.0
49.22 77540.0
49.22 77560.0
49.22 77580.0
49.22 77600.0
49.22 77620.0
50.36 77640.0
49.22 77660.0
49.22 77680.0
49.22 77700.0
49.22 77720.0
49.22 77740.0
49.22 77760.0
50.36 77780.0
50.36 77800.0
49.22 77820.0
50.36 77840.0
50.36 77860.0
50.36 77880.0
49.22 77900.0
49.22 77920.0
49.22 77940.0
49.22 77960.0
49.22 77980.0
49.22 78000.0
49.22 78020.0
50.36 78040.0
49.22 78060.0
50.36 78080.0
49.22 78100.0
50.36 78120.0
49.22 78140.0
49.22 78160.0
49.22 78180.0
49.22 78200.0
49.22 78220.0
50.36 78240.0
50.36 78260.0
50.36 78280.0
49.22 78300.0
50.36 78320.0
50.36 78340.0
49.22 78360.0
49.22 78380.0
49.22 78400.0
50.36 78420.0
49.22 78440.0
49.22 78460.0
50.36 78480.0
49.22 78500.0
49.22 78520.0
49.22 78540.0
49.22 78560.0
49.22 78580.0
50.36 78600.0
50.36 78620.0
49.22 78640.0
49.22 78660.0
49.22 78680.0
50.36 78700.0
49.22 78720.0
50.36 78740.0
49.22 78760.0
49.22 78780.0
49.22 78800.0
49.22 78820.0
49.22 78840.0
50.36 78860.0
50.36 78880.0
49.22 78900.0
49.22 78920.0
49.22 78940.0
49.22 78960.0
49.22 78980.0
49.22 79000.0
50.36 79020.0
50.36 79040.0
49.22 79060.0
49.22 79080.0
49.22 79100.0
49.22 79120.0
49.22 79140.0
50.36 79160.0
50.36 79180.0
49.22 79200.0
49.22 79220.0
49.22 79240.0
49.22 79260.0
50.36 79280.0
50.36 79300.0
49.22 79320.0
50.36 79340.0
49.22 79360.0
50.36 79380.0
49.22 79400.0
49.22 79420.0
50.36 79440.0
50.36 79460.0
49.22 79480.0
50.36 79500.0
50.36 79520.0
50.36 79540.0
49.22 79560.0
49.22 79580.0
50.36 79600.0
49.22 79620.0
49.22 79640.0
49.22 79660.0
49.22 79680.0
49.22 79700.0
49.22 79720.0
49.22 79740.0
50.36 79760.0
50.36 79780.0
49.22 79800.0
49.22 79820.0
49.22 79840.0
49.22 79860.0
49.22 79880.0
49.22 79900.0
49.22 79920.0
50.36 79940.0
50.36 79960.0
50.36 79980.0
50.36 80000.0
50.36 80020.0
49.22 80040.0
49.22 80060.0
50.36 80080.0
50.36 80100.0
49.22 80120.0
49.22 80140.0
49.22 80160.0
49.22 80180.0
50.36 80200.0
49.22 80220.0
49.22 80240.0
49.22 80260.0
49.22 80280.0
50.36 80300.0
50.36 80320.0
49.22 80340.0
50.36 80360.0
49.22 80380.0
49.22 80400.0
50.36 80420.0
50.36 80440.0
49.22 80460.0
49.22 80480.0
50.36 80500.0
50.36 80520.0
49.22 80540.0
50.36 80560.0
50.36 80580.0
50.36 80600.0
49.22 80620.0
50.36 80640.0
50.36 80660.0
49.22 80680.0
50.36 80700.0
50.36 80720.0
49.22 80740.0
50.36 80760.0
49.22 80780.0
49.22 80800.0
49.22 80820.0
49.22 80840.0
50.36 80860.0
49.22 80880.0
49.22 80900.0
50.36 80920.0
49.22 80940.0
50.36 80960.0
50.36 80980.0
49.22 81000.0
50.36 81020.0
49.22 81040.0
50.36 81060.0
49.22 81080.0
50.36 81100.0
49.22 81120.0
49.22 81140.0
49.22 81160.0
50.36 81180.0
50.36 81200.0
50.36 81220.0
49.22 81240.0
49.22 81260.0
50.36 81280.0
50.36 81300.0
49.22 81320.0
50.36 81340.0
49.22 81360.0
50.36 81380.0
50.36 81400.0
49.22 81420.0
50.36 81440.0
50.36 81460.0
50.36 81480.0
50.36 81500.0
50.36 81520.0
50.36 81540.0
49.22 81560.0
49.22 81580.0
50.36 81600.0
50.36 81620.0
49.22 81640.0
50.36 81660.0
50.36 81680.0
49.22 81700.0
50.36 81720.0
49.22 81740.0
50.36 81760.0
49.22 81780.0
49.22 81800.0
50.36 81820.0
50.36 81840.0
50.36 81860.0
49.22 81880.0
49.22 81900.0
49.22 81920.0
50.36 81940.0
50.36 81960.0
49.22 81980.0
49.22 82000.0
50.36 82020.0
49.22 82040.0
50.36 82060.0
49.22 82080.0
50.36 82100.0
49.22 82120.0
49.22 82140.0
50.36 82160.0
49.22 82180.0
50.36 82200.0
50.36 82220.0
50.36 82240.0
50.36 82260.0
49.22 82280.0
49.22 82300.0
50.36 82320.0
50.36 82340.0
49.22 82360.0
50.36 82380.0
49.22 82400.0
50.36 82420.0
50.36 82440.0
50.36 82460.0
49.22 82480.0
49.22 82500.0
49.22 82520.0
50.36 82540.0
49.22 82560.0
49.22 82580.0
49.22 82600.0
50.36 82620.0
49.22 82640.0
50.36 82660.0
49.22 82680.0
49.22 82700.0
49.22 82720.0
50.36 82740.0
50.36 82760.0
50.36 82780.0
49.22 82800.0
49.22 82820.0
50.36 82840.0
49.22 82860.0
50.36 82880.0
49.22 82900.0
49.22 82920.0
50.36 82940.0
50.36 82960.0
50.36 82980.0
49.22 83000.0
49.22 83020.0
49.22 83040.0
50.36 83060.0
49.22 83080.0
49.22 83100.0
49.22 83120.0
49.22 83140.0
49.22 83160.0
50.36 83180.0
50.36 83200.0
50.36 83220.0
49.22 83240.0
50.36 83260.0
50.36 83280.0
50.36 83300.0
50.36 83320.0
50.36 83340.0
49.22 83360.0
49.22 83380.0
50.36 83400.0
49.22 83420.0
50.36 83440.0
49.22 83460.0
50.36 83480.0
49.22 83500.0
49.22 83520.0
50.36 83540.0
49.22 83560.0
50.36 83580.0
50.36 83600.0
49.22 83620.0
49.22 83640.0
49.22 83660.0
49.22 83680.0
50.36 83700.0
50.36 83720.0
50.36 83740.0
50.36 83760.0
50.36 83780.0
50.36 83800.0
49.22 83820.0
49.22 83840.0
50.36 83860.0
50.36 83880.0
49.22 83900.0
50.36 83920.0
50.36 83940.0
50.36 83960.0
50.36 83980.0
50.36 84000.0
49.22 84020.0
49.22 84040.0
50.36 84060.0
50.36 84080.0
50.36 84100.0
50.36 84120.0
50.36 84140.0
49.22 84160.0
50.36 84180.0
50.36 84200.0
50.36 84220.0
49.22 84240.0
50.36 84260.0
50.36 84280.0
49.22 84300.0
50.36 84320.0
50.36 84340.0
50.36 84360.0
50.36 84380.0
50.36 84400.0
50.36 84420.0
50.36 84440.0
50.36 84460.0
49.22 84480.0
50.36 84500.0
50.36 84520.0
49.22 84540.0
49.22 84560.0
50.36 84580.0
50.36 84600.0
50.36 84620.0
49.22 84640.0
49.22 84660.0
50.36 84680.0
50.36 84700.0
49.22 84720.0
49.22 84740.0
50.36 84760.0
49.22 84780.0
49.22 84800.0
49.22 84820.0
49.22 84840.0
50.36 84860.0
50.36 84880.0
49.22 84900.0
49.22 84920.0
49.22 84940.0
50.36 84960.0
49.22 84980.0
49.22 85000.0
49.22 85020.0
49.22 85040.0
50.36 85060.0
50.36 85080.0
50.36 85100.0
50.36 85120.0
50.36 85140.0
50.36 85160.0
50.36 85180.0
50.36 85200.0
49.22 85220.0
49.22 85240.0
49.22 85260.0
50.36 85280.0
50.36 85300.0
50.36 85320.0
50.36 85340.0
50.36 85360.0
50.36 85380.0
50.36 85400.0
50.36 85420.0
50.36 85440.0
50.36 85460.0
50.36 85480.0
49.22 85500.0
50.36 85520.0
50.36 85540.0
49.22 85560.0
50.36 85580.0
50.36 85600.0
50.36 85620.0
49.22 85640.0
50.36 85660.0
49.22 85680.0
50.36 85700.0
49.22 85720.0
50.36 85740.0
50.36 85760.0
50.36 85780.0
50.36 85800.0
50.36 85820.0
49.22 85840.0
49.22 85860.0
50.36 85880.0
49.22 85900.0
49.22 85920.0
50.36 85940.0
50.36 85960.0
49.22 85980.0
49.22 86000.0
50.36 86020.0
50.36 86040.0
50.36 86060.0
50.36 86080.0
50.36 86100.0
50.36 86120.0
50.36 86140.0
50.36 86160.0
50.36 86180.0
49.22 86200.0
50.36 86220.0
49.22 86240.0
50.36 86260.0
50.36 86280.0
50.36 86300.0
50.36 86320.0
50.36 86340.0
50.36 86360.0
50.36 86380.0
50.36 86400.0
50.36 86420.0
50.36 86440.0
50.36 86460.0
50.36 86480.0
50.36 86500.0
49.22 86520.0
50.36 86540.0
50.36 86560.0
49.22 86580.0
50.36 86600.0
50.36 86620.0
50.36 86640.0
50.36 86660.0
50.36 86680.0
50.36 86700.0
50.36 86720.0
50.36 86740.0
50.36 86760.0
50.36 86780.0
50.36 86800.0
50.36 86820.0
50.36 86840.0
49.22 86860.0
49.22 86880.0
50.36 86900.0
50.36 86920.0
49.22 86940.0
50.36 86960.0
50.36 86980.0
50.36 87000.0
50.36 87020.0
49.22 87040.0
50.36 87060.0
50.36 87080.0
49.22 87100.0
50.36 87120.0
50.36 87140.0
50.36 87160.0
50.36 87180.0
50.36 87200.0
50.36 87220.0
49.22 87240.0
50.36 87260.0
50.36 87280.0
50.36 87300.0
50.36 87320.0
50.36 87340.0
50.36 87360.0
50.36 87380.0
50.36 87400.0
49.22 87420.0
49.22 87440.0
50.36 87460.0
50.36 87480.0
50.36 87500.0
50.36 87520.0
50.36 87540.0
50.36 87560.0
50.36 87580.0
49.22 87600.0
50.36 87620.0
50.36 87640.0
49.22 87660.0
50.36 87680.0
50.36 87700.0
50.36 87720.0
50.36 87740.0
49.22 87760.0
49.22 87780.0
50.36 87800.0
50.36 87820.0
50.36 87840.0
50.36 87860.0
49.22 87880.0
49.22 87900.0
50.36 87920.0
50.36 87940.0
49.22 87960.0
49.22 87980.0
50.36 88000.0
50.36 88020.0
50.36 88040.0
49.22 88060.0
49.22 88080.0
49.22 88100.0
50.36 88120.0
50.36 88140.0
50.36 88160.0
50.36 88180.0
50.36 88200.0
50.36 88220.0
50.36 88240.0
50.36 88260.0
50.36 88280.0
50.36 88300.0
50.36 88320.0
50.36 88340.0
49.22 88360.0
49.22 88380.0
50.36 88400.0
50.36 88420.0
50.36 88440.0
50.36 88460.0
50.36 88480.0
50.36 88500.0
50.36 88520.0
50.36 88540.0
50.36 88560.0
50.36 88580.0
50.36 88600.0
50.36 88620.0
49.22 88640.0
49.22 88660.0
50.36 88680.0
50.36 88700.0
50.36 88720.0
50.36 88740.0
50.36 88760.0
50.36 88780.0
50.36 88800.0
50.36 88820.0
50.36 88840.0
49.22 88860.0
50.36 88880.0
50.36 88900.0
50.36 88920.0
50.36 88940.0
50.36 88960.0
50.36 88980.0
50.36 89000.0
50.36 89020.0
49.22 89040.0
50.36 89060.0
50.36 89080.0
50.36 89100.0
50.36 89120.0
50.36 89140.0
50.36 89160.0
49.22 89180.0
50.36 89200.0
49.22 89220.0
50.36 89240.0
50.36 89260.0
49.22 89280.0
49.22 89300.0
50.36 89320.0
50.36 89340.0
50.36 89360.0
50.36 89380.0
50.36 89400.0
50.36 89420.0
50.36 89440.0
50.36 89460.0
49.22 89480.0
50.36 89500.0
50.36 89520.0
49.22 89540.0
50.36 89560.0
50.36 89580.0
50.36 89600.0
50.36 89620.0
49.22 89640.0
50.36 89660.0
50.36 89680.0
50.36 89700.0
50.36 89720.0
50.36 89740.0
50.36 89760.0
50.36 89780.0
50.36 89800.0
50.36 89820.0
49.22 89840.0
50.36 89860.0
50.36 89880.0
50.36 89900.0
49.22 89920.0
50.36 89940.0
50.36 89960.0
49.22 89980.0
50.36 90000.0
50.36 90020.0
50.36 90040.0
49.22 90060.0
50.36 90080.0
49.22 90100.0
50.36 90120.0
50.36 90140.0
50.36 90160.0
50.36 90180.0
49.22 90200.0
50.36 90220.0
50.36 90240.0
50.36 90260.0
50.36 90280.0
50.36 90300.0
50.36 90320.0
50.36 90340.0
50.36 90360.0
50.36 90380.0
49.22 90400.0
50.36 90420.0
50.36 90440.0
50.36 90460.0
50.36 90480.0
50.36 90500.0
50.36 90520.0
50.36 90540.0
50.36 90560.0
49.22 90580.0
50.36 90600.0
50.36 90620.0
50.36 90640.0
50.36 90660.0
50.36 90680.0
50.36 90700.0
50.36 90720.0
50.36 90740.0
50.36 90760.0
50.36 90780.0
50.36 90800.0
50.36 90820.0
50.36 90840.0
50.36 90860.0
50.36 90880.0
50.36 90900.0
50.36 90920.0
50.36 90940.0
50.36 90960.0
50.36 90980.0
50.36 91000.0
50.36 91020.0
50.36 91040.0
50.36 91060.0
50.36 91080.0
50.36 91100.0
50.36 91120.0
50.36 91140.0
50.36 91160.0
50.36 91180.0
50.36 91200.0
50.36 91220.0
50.36 91240.0
50.36 91260.0
50.36 91280.0
50.36 91300.0
50.36 91320.0
50.36 91340.0
50.36 91360.0
50.36 91380.0
50.36 91400.0
50.36 91420.0
50.36 91440.0
50.36 91460.0
50.36 91480.0
50.36 91500.0
49.22 91520.0
50.36 91540.0
50.36 91560.0
50.36 91580.0
50.36 91600.0
50.36 91620.0
50.36 91640.0
50.36 91660.0
50.36 91680.0
50.36 91700.0
50.36 91720.0
50.36 91740.0
50.36 91760.0
50.36 91780.0
50.36 91800.0
50.36 91820.0
50.36 91840.0
50.36 91860.0
50.36 91880.0
50.36 91900.0
50.36 91920.0
50.36 91940.0
50.36 91960.0
50.36 91980.0
50.36 92000.0
50.36 92020.0
50.36 92040.0
49.22 92060.0
50.36 92080.0
50.36 92100.0
50.36 92120.0
50.36 92140.0
50.36 92160.0
50.36 92180.0
50.36 92200.0
50.36 92220.0
50.36 92240.0
50.36 92260.0
50.36 92280.0
50.36 92300.0
50.36 92320.0
50.36 92340.0
50.36 92360.0
50.36 92380.0
50.36 92400.0
50.36 92420.0
50.36 92440.0
50.36 92460.0
50.36 92480.0
50.36 92500.0
50.36 92520.0
50.36 92540.0
50.36 92560.0
50.36 92580.0
50.36 92600.0
49.22 92620.0
50.36 92640.0
50.36 92660.0
50.36 92680.0
50.36 92700.0
50.36 92720.0
50.36 92740.0
50.36 92760.0
50.36 92780.0
50.36 92800.0
50.36 92820.0
50.36 92840.0
50.36 92860.0
50.36 92880.0
50.36 92900.0
50.36 92920.0
50.36 92940.0
50.36 92960.0
50.36 92980.0
50.36 93000.0
50.36 93020.0
49.22 93040.0
50.36 93060.0
50.36 93080.0
50.36 93100.0
49.22 93120.0
49.22 93140.0
50.36 93160.0
49.22 93180.0
50.36 93200.0
49.22 93220.0
50.36 93240.0
50.36 93260.0
50.36 93280.0
50.36 93300.0
50.36 93320.0
50.36 93340.0
50.36 93360.0
50.36 93380.0
50.36 93400.0
50.36 93420.0
50.36 93440.0
50.36 93460.0
50.36 93480.0
50.36 93500.0
50.36 93520.0
50.36 93540.0
50.36 93560.0
50.36 93580.0
49.22 93600.0
50.36 93620.0
50.36 93640.0
50.36 93660.0
50.36 93680.0
50.36 93700.0
50.36 93720.0
50.36 93740.0
50.36 93760.0
50.36 93780.0
50.36 93800.0
50.36 93820.0
50.36 93840.0
50.36 93860.0
50.36 93880.0
50.36 93900.0
50.36 93920.0
50.36 93940.0
50.36 93960.0
50.36 93980.0
50.36 94000.0
50.36 94020.0
50.36 94040.0
50.36 94060.0
50.36 94080.0
50.36 94100.0
50.36 94120.0
50.36 94140.0
50.36 94160.0
50.36 94180.0
50.36 94200.0
50.36 94220.0
50.36 94240.0
50.36 94260.0
50.36 94280.0
50.36 94300.0
50.36 94320.0
50.36 94340.0
50.36 94360.0
50.36 94380.0
50.36 94400.0
50.36 94420.0
50.36 94440.0
50.36 94460.0
50.36 94480.0
50.36 94500.0
50.36 94520.0
50.36 94540.0
50.36 94560.0
50.36 94580.0
50.36 94600.0
50.36 94620.0
50.36 94640.0
50.36 94660.0
50.36 94680.0
50.36 94700.0
50.36 94720.0
50.36 94740.0
50.36 94760.0
50.36 94780.0
50.36 94800.0
50.36 94820.0
50.36 94840.0
50.36 94860.0
50.36 94880.0
50.36 94900.0
50.36 94920.0
50.36 94940.0
50.36 94960.0
50.36 94980.0
50.36 95000.0
50.36 95020.0
50.36 95040.0
50.36 95060.0
50.36 95080.0
50.36 95100.0
50.36 95120.0
50.36 95140.0
50.36 95160.0
50.36 95180.0
50.36 95200.0
50.36 95220.0
50.36 95240.0
50.36 95260.0
50.36 95280.0
50.36 95300.0
50.36 95320.0
50.36 95340.0
50.36 95360.0
50.36 95380.0
50.36 95400.0
50.36 95420.0
50.36 95440.0
50.36 95460.0
50.36 95480.0
50.36 95500.0
50.36 95520.0
50.36 95540.0
50.36 95560.0
50.36 95580.0
50.36 95600.0
50.36 95620.0
50.36 95640.0
50.36 95660.0
50.36 95680.0
50.36 95700.0
50.36 95720.0
50.36 95740.0
50.36 95760.0
50.36 95780.0
50.36 95800.0
50.36 95820.0
50.36 95840.0
50.36 95860.0
50.36 95880.0
50.36 95900.0
50.36 95920.0
50.36 95940.0
50.36 95960.0
50.36 95980.0
50.36 96000.0
50.36 96020.0
50.36 96040.0
50.36 96060.0
50.36 96080.0
50.36 96100.0
50.36 96120.0
50.36 96140.0
50.36 96160.0
50.36 96180.0
50.36 96200.0
50.36 96220.0
50.36 96240.0
50.36 96260.0
50.36 96280.0
50.36 96300.0
50.36 96320.0
50.36 96340.0
50.36 96360.0
50.36 96380.0
50.36 96400.0
50.36 96420.0
50.36 96440.0
50.36 96460.0
50.36 96480.0
50.36 96500.0
50.36 96520.0
50.36 96540.0
50.36 96560.0
50.36 96580.0
50.36 96600.0
50.36 96620.0
50.36 96640.0
50.36 96660.0
50.36 96680.0
50.36 96700.0
50.36 96720.0
50.36 96740.0
50.36 96760.0
50.36 96780.0
50.36 96800.0
50.36 96820.0
50.36 96840.0
50.36 96860.0
50.36 96880.0
50.36 96900.0
50.36 96920.0
50.36 96940.0
50.36 96960.0
50.36 96980.0
50.36 97000.0
50.36 97020.0
50.36 97040.0
50.36 97060.0
50.36 97080.0
50.36 97100.0
50.36 97120.0
50.36 97140.0
50.36 97160.0
50.36 97180.0
50.36 97200.0
50.36 97220.0
50.36 97240.0
50.36 97260.0
50.36 97280.0
50.36 97300.0
50.36 97320.0
50.36 97340.0
50.36 97360.0
50.36 97380.0
50.36 97400.0
50.36 97420.0
50.36 97440.0
50.36 97460.0
50.36 97480.0
50.36 97500.0
50.36 97520.0
50.36 97540.0
50.36 97560.0
50.36 97580.0
50.36 97600.0
50.36 97620.0
50.36 97640.0
50.36 97660.0
50.36 97680.0
50.36 97700.0
50.36 97720.0
50.36 97740.0
50.36 97760.0
50.36 97780.0
50.36 97800.0
50.36 97820.0
50.36 97840.0
50.36 97860.0
50.36 97880.0
50.36 97900.0
