23.0 21.81
24.14 21.76
24.14 21.83
25.28 21.89
25.28 21.81
25.28 21.88
25.28 21.76
25.28 21.77
25.28 21.66
25.28 21.66
25.28 21.66
26.42 21.66
26.42 21.65
26.42 21.48
26.42 21.55
27.56 21.57
25.28 21.63
26.42 21.52
27.56 21.5
26.42 21.56
27.56 21.5
27.56 21.45
26.42 21.44
26.42 21.41
27.56 21.49
26.42 21.47
26.42 21.47
27.56 21.4
27.56 21.34
27.56 21.43
27.56 21.35
27.56 21.35
27.56 21.36
27.56 21.36
28.7 21.33
27.56 21.29
27.56 21.27
28.7 21.33
27.56 21.28
28.7 21.37
28.7 21.29
27.56 21.35
28.7 21.21
27.56 21.27
28.7 21.21
27.56 21.23
28.7 21.21
28.7 21.19
28.7 21.22
27.56 21.16
28.7 21.17
29.84 21.15
27.56 21.17
28.7 21.2
28.7 21.1
29.84 21.17
28.7 21.1
29.84 21.15
29.84 21.12
28.7 21.07
29.84 21.15
28.7 21.15
28.7 21.13
28.7 21.08
29.84 21.09
28.7 21.12
29.84 21.07
29.84 21.0
28.7 21.09
29.84 20.96
29.84 21.11
28.7 21.08
29.84 20.99
29.84 20.99
29.84 21.09
28.7 20.97
29.84 21.06
29.84 21.0
28.7 20.97
29.84 20.91
29.84 21.02
29.84 21.01
29.84 21.08
29.84 20.95
28.7 20.97
29.84 20.99
29.84 21.05
29.84 20.99
29.84 21.09
30.98 20.87
29.84 20.91
29.84 20.98
28.7 20.89
29.84 20.89
29.84 20.87
29.84 20.9
29.84 20.95
29.84 20.82
29.84 20.89
29.84 20.92
29.84 20.89
29.84 20.83
30.98 20.83
29.84 20.95
29.84 20.91
29.84 20.85
29.84 20.9
29.84 20.87
29.84 20.84
29.84 20.91
30.98 20.87
29.84 20.91
30.98 20.8
29.84 20.89
30.98 20.85
29.84 20.82
30.98 20.84
29.84 20.88
29.84 20.78
30.98 20.78
30.98 20.81
29.84 20.79
29.84 20.8
30.98 20.77
29.84 20.79
30.98 20.72
30.98 20.83
29.84 20.79
30.98 20.72
30.98 20.85
30.98 20.79
30.98 20.71
30.98 20.74
30.98 20.74
30.98 20.8
30.98 20.75
30.98 20.75
30.98 20.78
30.98 20.77
30.98 20.71
30.98 20.76
32.12 20.71
30.98 20.69
30.98 20.65
30.98 20.65
30.98 20.71
32.12 20.7
30.98 20.73
30.98 20.74
30.98 20.69
30.98 20.7
30.98 20.67
32.12 20.69
30.98 20.65
30.98 20.67
30.98 20.68
30.98 20.67
30.98 20.54
30.98 20.72
30.98 20.67
30.98 20.54
32.12 20.61
30.98 20.57
30.98 20.57
32.12 20.64
32.12 20.6
30.98 20.64
32.12 20.6
32.12 20.64
32.12 20.63
30.98 20.61
32.12 20.59
32.12 20.59
30.98 20.53
32.12 20.54
32.12 20.61
32.12 20.61
32.12 20.58
32.12 20.55
30.98 20.54
30.98 20.63
32.12 20.47
32.12 20.52
32.12 20.55
30.98 20.51
32.12 20.58
32.12 20.46
33.26 20.52
30.98 20.47
32.12 20.48
33.26 20.53
32.12 20.55
32.12 20.63
32.12 20.45
32.12 20.48
32.12 20.5
32.12 20.49
32.12 20.48
33.26 20.47
32.12 20.5
32.12 20.51
32.12 20.44
32.12 20.47
30.98 20.56
32.12 20.44
33.26 20.48
32.12 20.43
33.26 20.45
33.26 20.42
32.12 20.44
32.12 20.48
32.12 20.48
32.12 20.46
32.12 20.39
33.26 20.39
32.12 20.4
32.12 20.41
33.26 20.42
32.12 20.41
32.12 20.47
32.12 20.42
32.12 20.42
33.26 20.39
32.12 20.42
33.26 20.41
32.12 20.38
32.12 20.38
33.26 20.45
33.26 20.32
33.26 20.35
32.12 20.28
33.26 20.35
33.26 20.29
33.26 20.46
33.26 20.39
33.26 20.38
32.12 20.27
33.26 20.32
32.12 20.39
32.12 20.38
33.26 20.42
33.26 20.36
32.12 20.37
33.26 20.33
32.12 20.28
33.26 20.31
33.26 20.29
33.26 20.36
33.26 20.33
33.26 20.33
33.26 20.31
33.26 20.27
32.12 20.34
33.26 20.32
32.12 20.29
33.26 20.32
33.26 20.29
33.26 20.24
32.12 20.33
33.26 20.2
33.26 20.27
33.26 20.27
33.26 20.32
32.12 20.32
33.26 20.26
33.26 20.39
33.26 20.27
33.26 20.26
33.26 20.17
33.26 20.21
33.26 20.33
33.26 20.14
33.26 20.15
34.4 20.21
34.4 20.19
33.26 20.29
33.26 20.18
33.26 20.23
33.26 20.26
34.4 20.26
33.26 20.23
33.26 20.11
34.4 20.19
34.4 20.17
33.26 20.3
34.4 20.29
33.26 20.23
33.26 20.25
34.4 20.17
33.26 20.19
33.26 20.23
33.26 20.22
34.4 20.24
33.26 20.26
33.26 20.11
33.26 20.15
33.26 20.14
33.26 20.18
34.4 20.15
34.4 20.13
34.4 20.22
34.4 20.16
33.26 20.15
34.4 20.17
34.4 20.13
34.4 20.13
34.4 20.15
33.26 20.15
33.26 20.13
33.26 20.14
33.26 20.21
34.4 20.19
34.4 20.02
34.4 20.12
34.4 20.13
34.4 20.13
34.4 20.14
33.26 20.07
34.4 20.1
34.4 20.1
34.4 20.08
33.26 20.13
34.4 20.13
34.4 20.08
34.4 20.12
34.4 20.09
34.4 20.1
34.4 20.02
34.4 20.02
34.4 20.13
34.4 20.05
34.4 19.98
34.4 20.09
34.4 20.14
34.4 20.02
34.4 20.12
35.54 20.11
35.54 20.1
34.4 20.09
34.4 20.06
34.4 20.03
34.4 19.98
34.4 20.16
33.26 19.99
34.4 20.01
34.4 20.0
34.4 20.1
34.4 19.97
34.4 19.95
34.4 20.04
34.4 20.02
34.4 19.99
34.4 20.03
34.4 20.08
34.4 20.0
34.4 20.06
34.4 20.03
34.4 20.0
34.4 19.99
34.4 19.97
34.4 19.97
34.4 19.93
34.4 20.02
34.4 20.0
34.4 19.95
34.4 19.97
35.54 20.01
34.4 19.99
34.4 19.97
34.4 19.92
34.4 19.99
35.54 19.91
34.4 19.99
34.4 19.88
34.4 19.93
34.4 19.86
35.54 19.98
34.4 19.96
35.54 19.98
34.4 19.94
35.54 19.87
34.4 19.89
34.4 19.92
34.4 19.91
35.54 19.91
34.4 19.9
34.4 19.94
34.4 19.92
34.4 19.94
34.4 19.9
35.54 19.9
35.54 19.86
35.54 19.9
35.54 19.89
35.54 19.86
34.4 19.89
34.4 19.87
34.4 19.88
35.54 19.83
34.4 19.9
35.54 19.83
35.54 19.89
35.54 19.87
35.54 19.84
35.54 19.85
35.54 19.87
35.54 19.79
34.4 19.84
35.54 19.84
35.54 19.84
35.54 19.83
35.54 19.87
35.54 19.87
34.4 19.83
35.54 19.82
35.54 19.85
35.54 19.86
35.54 19.89
35.54 19.87
35.54 19.8
35.54 19.82
35.54 19.83
35.54 19.82
35.54 19.75
34.4 19.79
34.4 19.84
35.54 19.73
34.4 19.81
35.54 19.85
35.54 19.73
35.54 19.78
35.54 19.8
35.54 19.81
35.54 19.74
35.54 19.73
35.54 19.72
35.54 19.76
35.54 19.76
35.54 19.79
35.54 19.81
35.54 19.73
35.54 19.8
35.54 19.85
35.54 19.78
35.54 19.77
35.54 19.79
34.4 19.77
35.54 19.72
35.54 19.72
36.68 19.81
35.54 19.78
35.54 19.71
35.54 19.74
35.54 19.73
35.54 19.78
35.54 19.71
35.54 19.72
35.54 19.8
36.68 19.7
36.68 19.76
36.68 19.73
36.68 19.74
35.54 19.63
35.54 19.73
35.54 19.7
35.54 19.63
35.54 19.73
35.54 19.61
35.54 19.68
35.54 19.69
35.54 19.65
36.68 19.67
35.54 19.59
35.54 19.7
35.54 19.59
35.54 19.68
35.54 19.65
36.68 19.76
35.54 19.71
35.54 19.6
36.68 19.65
35.54 19.65
35.54 19.63
36.68 19.66
36.68 19.62
36.68 19.67
35.54 19.67
35.54 19.61
36.68 19.67
36.68 19.63
36.68 19.63
35.54 19.67
36.68 19.64
35.54 19.65
35.54 19.68
35.54 19.63
36.68 19.57
35.54 19.62
35.54 19.59
35.54 19.53
35.54 19.59
35.54 19.58
35.54 19.59
35.54 19.57
36.68 19.55
35.54 19.6
36.68 19.62
36.68 19.65
35.54 19.62
36.68 19.61
36.68 19.59
35.54 19.61
35.54 19.55
36.68 19.55
36.68 19.68
35.54 19.61
36.68 19.63
36.68 19.47
37.82 19.55
36.68 19.53
36.68 19.55
35.54 19.57
35.54 19.62
36.68 19.61
35.54 19.58
36.68 19.57
36.68 19.55
36.68 19.51
36.68 19.57
36.68 19.62
36.68 19.53
36.68 19.54
36.68 19.59
36.68 19.53
36.68 19.54
36.68 19.6
36.68 19.61
36.68 19.57
36.68 19.54
35.54 19.53
36.68 19.51
35.54 19.55
36.68 19.51
36.68 19.52
36.68 19.49
36.68 19.49
36.68 19.51
36.68 19.44
36.68 19.53
36.68 19.49
36.68 19.52
36.68 19.51
36.68 19.55
36.68 19.53
36.68 19.53
36.68 19.5
36.68 19.45
36.68 19.54
37.82 19.5
36.68 19.45
36.68 19.48
36.68 19.46
36.68 19.51
35.54 19.44
36.68 19.53
36.68 19.43
36.68 19.39
36.68 19.49
36.68 19.49
36.68 19.47
36.68 19.46
36.68 19.46
36.68 19.46
37.82 19.46
36.68 19.4
37.82 19.43
37.82 19.47
36.68 19.45
36.68 19.45
37.82 19.47
37.82 19.36
36.68 19.41
37.82 19.34
37.82 19.46
37.82 19.47
36.68 19.39
36.68 19.4
36.68 19.47
36.68 19.42
37.82 19.43
37.82 19.44
36.68 19.38
36.68 19.38
36.68 19.54
37.82 19.38
36.68 19.41
36.68 19.35
37.82 19.45
36.68 19.4
37.82 19.33
36.68 19.4
36.68 19.38
36.68 19.43
36.68 19.34
37.82 19.35
37.82 19.29
36.68 19.3
37.82 19.44
37.82 19.43
37.82 19.4
37.82 19.49
37.82 19.34
36.68 19.36
37.82 19.34
37.82 19.37
37.82 19.38
36.68 19.37
36.68 19.41
37.82 19.42
37.82 19.31
37.82 19.35
36.68 19.35
36.68 19.4
37.82 19.29
37.82 19.36
36.68 19.36
36.68 19.27
36.68 19.31
36.68 19.35
37.82 19.41
36.68 19.36
38.96 19.29
37.82 19.32
37.82 19.34
36.68 19.4
37.82 19.32
37.82 19.27
37.82 19.26
37.82 19.31
37.82 19.27
37.82 19.26
36.68 19.34
37.82 19.28
37.82 19.3
37.82 19.29
37.82 19.25
37.82 19.3
37.82 19.32
37.82 19.32
37.82 19.31
37.82 19.35
37.82 19.33
36.68 19.36
38.96 19.23
37.82 19.27
36.68 19.27
37.82 19.37
37.82 19.27
37.82 19.34
38.96 19.3
37.82 19.31
37.82 19.24
37.82 19.23
36.68 19.3
37.82 19.27
37.82 19.3
36.68 19.29
37.82 19.29
37.82 19.22
37.82 19.37
37.82 19.24
37.82 19.25
37.82 19.34
37.82 19.3
37.82 19.23
38.96 19.26
37.82 19.18
37.82 19.26
38.96 19.23
37.82 19.32
37.82 19.23
37.82 19.25
37.82 19.22
37.82 19.27
37.82 19.25
37.82 19.32
37.82 19.25
37.82 19.3
37.82 19.24
38.96 19.23
37.82 19.23
37.82 19.21
37.82 19.14
37.82 19.25
37.82 19.24
37.82 19.25
37.82 19.27
37.82 19.25
37.82 19.26
38.96 19.16
38.96 19.22
37.82 19.26
37.82 19.15
37.82 19.18
