52.64 182180.0
52.64 182200.0
52.64 182220.0
52.64 182240.0
52.64 182260.0
52.64 182280.0
52.64 182300.0
52.64 182320.0
51.5 182340.0
52.64 182360.0
52.64 182380.0
52.64 182400.0
51.5 182420.0
52.64 182440.0
51.5 182460.0
52.64 182480.0
52.64 182500.0
52.64 182520.0
52.64 182540.0
52.64 182560.0
52.64 182580.0
52.64 182600.0
51.5 182620.0
51.5 182640.0
52.64 182660.0
52.64 182680.0
52.64 182700.0
52.64 182720.0
52.64 182740.0
52.64 182760.0
51.5 182780.0
51.5 182800.0
52.64 182820.0
52.64 182840.0
52.64 182860.0
52.64 182880.0
52.64 182900.0
52.64 182920.0
52.64 182940.0
52.64 182960.0
52.64 182980.0
51.5 183000.0
52.64 183020.0
52.64 183040.0
52.64 183060.0
52.64 183080.0
52.64 183100.0
52.64 183120.0
51.5 183140.0
52.64 183160.0
51.5 183180.0
52.64 183200.0
52.64 183220.0
52.64 183240.0
52.64 183260.0
52.64 183280.0
52.64 183300.0
52.64 183320.0
52.64 183340.0
52.64 183360.0
52.64 183380.0
52.64 183400.0
52.64 183420.0
51.5 183440.0
52.64 183460.0
52.64 183480.0
52.64 183500.0
51.5 183520.0
52.64 183540.0
52.64 183560.0
52.64 183580.0
52.64 183600.0
52.64 183620.0
52.64 183640.0
52.64 183660.0
52.64 183680.0
52.64 183700.0
52.64 183720.0
52.64 183740.0
51.5 183760.0
52.64 183780.0
52.64 183800.0
51.5 183820.0
52.64 183840.0
51.5 183860.0
52.64 183880.0
52.64 183900.0
52.64 183920.0
52.64 183940.0
51.5 183960.0
52.64 183980.0
52.64 184000.0
51.5 184020.0
52.64 184040.0
52.64 184060.0
52.64 184080.0
52.64 184100.0
52.64 184120.0
52.64 184140.0
51.5 184160.0
52.64 184180.0
52.64 184200.0
52.64 184220.0
52.64 184240.0
52.64 184260.0
52.64 184280.0
51.5 184300.0
52.64 184320.0
52.64 184340.0
51.5 184360.0
52.64 184380.0
51.5 184400.0
52.64 184420.0
52.64 184440.0
52.64 184460.0
51.5 184480.0
52.64 184500.0
52.64 184520.0
51.5 184540.0
52.64 184560.0
51.5 184580.0
52.64 184600.0
52.64 184620.0
52.64 184640.0
51.5 184660.0
52.64 184680.0
52.64 184700.0
52.64 184720.0
52.64 184740.0
52.64 184760.0
52.64 184780.0
52.64 184800.0
52.64 184820.0
52.64 184840.0
51.5 184860.0
52.64 184880.0
52.64 184900.0
51.5 184920.0
52.64 184940.0
52.64 184960.0
52.64 184980.0
51.5 185000.0
52.64 185020.0
52.64 185040.0
52.64 185060.0
52.64 185080.0
52.64 185100.0
52.64 185120.0
52.64 185140.0
52.64 185160.0
52.64 185180.0
52.64 185200.0
52.64 185220.0
52.64 185240.0
52.64 185260.0
52.64 185280.0
52.64 185300.0
51.5 185320.0
52.64 185340.0
51.5 185360.0
52.64 185380.0
52.64 185400.0
52.64 185420.0
52.64 185440.0
52.64 185460.0
52.64 185480.0
52.64 185500.0
52.64 185520.0
52.64 185540.0
52.64 185560.0
52.64 185580.0
52.64 185600.0
51.5 185620.0
51.5 185640.0
52.64 185660.0
52.64 185680.0
52.64 185700.0
52.64 185720.0
52.64 185740.0
52.64 185760.0
52.64 185780.0
52.64 185800.0
52.64 185820.0
52.64 185840.0
52.64 185860.0
52.64 185880.0
52.64 185900.0
52.64 185920.0
52.64 185940.0
52.64 185960.0
51.5 185980.0
52.64 186000.0
52.64 186020.0
52.64 186040.0
52.64 186060.0
52.64 186080.0
52.64 186100.0
52.64 186120.0
52.64 186140.0
52.64 186160.0
52.64 186180.0
52.64 186200.0
52.64 186220.0
52.64 186240.0
51.5 186260.0
52.64 186280.0
52.64 186300.0
52.64 186320.0
52.64 186340.0
52.64 186360.0
51.5 186380.0
52.64 186400.0
52.64 186420.0
51.5 186440.0
51.5 186460.0
52.64 186480.0
52.64 186500.0
52.64 186520.0
52.64 186540.0
52.64 186560.0
51.5 186580.0
51.5 186600.0
52.64 186620.0
52.64 186640.0
52.64 186660.0
51.5 186680.0
52.64 186700.0
52.64 186720.0
52.64 186740.0
52.64 186760.0
52.64 186780.0
52.64 186800.0
52.64 186820.0
52.64 186840.0
51.5 186860.0
51.5 186880.0
52.64 186900.0
52.64 186920.0
52.64 186940.0
52.64 186960.0
52.64 186980.0
52.64 187000.0
52.64 187020.0
52.64 187040.0
51.5 187060.0
52.64 187080.0
52.64 187100.0
51.5 187120.0
52.64 187140.0
52.64 187160.0
52.64 187180.0
52.64 187200.0
52.64 187220.0
52.64 187240.0
52.64 187260.0
52.64 187280.0
52.64 187300.0
51.5 187320.0
51.5 187340.0
52.64 187360.0
51.5 187380.0
51.5 187400.0
52.64 187420.0
52.64 187440.0
52.64 187460.0
51.5 187480.0
52.64 187500.0
52.64 187520.0
52.64 187540.0
52.64 187560.0
52.64 187580.0
52.64 187600.0
52.64 187620.0
52.64 187640.0
51.5 187660.0
52.64 187680.0
52.64 187700.0
52.64 187720.0
52.64 187740.0
52.64 187760.0
52.64 187780.0
52.64 187800.0
52.64 187820.0
52.64 187840.0
52.64 187860.0
52.64 187880.0
52.64 187900.0
52.64 187920.0
52.64 187940.0
52.64 187960.0
52.64 187980.0
52.64 188000.0
52.64 188020.0
52.64 188040.0
52.64 188060.0
51.5 188080.0
52.64 188100.0
51.5 188120.0
52.64 188140.0
52.64 188160.0
52.64 188180.0
52.64 188200.0
52.64 188220.0
52.64 188240.0
52.64 188260.0
52.64 188280.0
52.64 188300.0
52.64 188320.0
52.64 188340.0
51.5 188360.0
52.64 188380.0
52.64 188400.0
52.64 188420.0
52.64 188440.0
52.64 188460.0
52.64 188480.0
52.64 188500.0
52.64 188520.0
52.64 188540.0
52.64 188560.0
52.64 188580.0
52.64 188600.0
52.64 188620.0
51.5 188640.0
52.64 188660.0
52.64 188680.0
51.5 188700.0
51.5 188720.0
52.64 188740.0
52.64 188760.0
52.64 188780.0
51.5 188800.0
52.64 188820.0
52.64 188840.0
52.64 188860.0
52.64 188880.0
52.64 188900.0
52.64 188920.0
52.64 188940.0
52.64 188960.0
51.5 188980.0
52.64 189000.0
52.64 189020.0
52.64 189040.0
52.64 189060.0
52.64 189080.0
52.64 189100.0
52.64 189120.0
52.64 189140.0
51.5 189160.0
52.64 189180.0
52.64 189200.0
52.64 189220.0
52.64 189240.0
52.64 189260.0
51.5 189280.0
52.64 189300.0
52.64 189320.0
52.64 189340.0
52.64 189360.0
52.64 189380.0
52.64 189400.0
51.5 189420.0
52.64 189440.0
52.64 189460.0
52.64 189480.0
52.64 189500.0
52.64 189520.0
52.64 189540.0
52.64 189560.0
52.64 189580.0
52.64 189600.0
52.64 189620.0
52.64 189640.0
52.64 189660.0
52.64 189680.0
51.5 189700.0
53.78 189720.0
52.64 189740.0
52.64 189760.0
52.64 189780.0
52.64 189800.0
53.78 189820.0
52.64 189840.0
52.64 189860.0
52.64 189880.0
52.64 189900.0
52.64 189920.0
52.64 189940.0
52.64 189960.0
51.5 189980.0
52.64 190000.0
52.64 190020.0
51.5 190040.0
51.5 190060.0
52.64 190080.0
52.64 190100.0
52.64 190120.0
52.64 190140.0
52.64 190160.0
51.5 190180.0
52.64 190200.0
52.64 190220.0
52.64 190240.0
52.64 190260.0
51.5 190280.0
52.64 190300.0
52.64 190320.0
52.64 190340.0
52.64 190360.0
52.64 190380.0
51.5 190400.0
52.64 190420.0
52.64 190440.0
52.64 190460.0
51.5 190480.0
52.64 190500.0
52.64 190520.0
52.64 190540.0
52.64 190560.0
52.64 190580.0
52.64 190600.0
52.64 190620.0
52.64 190640.0
52.64 190660.0
52.64 190680.0
52.64 190700.0
52.64 190720.0
52.64 190740.0
52.64 190760.0
52.64 190780.0
52.64 190800.0
51.5 190820.0
51.5 190840.0
52.64 190860.0
52.64 190880.0
52.64 190900.0
51.5 190920.0
52.64 190940.0
52.64 190960.0
51.5 190980.0
52.64 191000.0
52.64 191020.0
52.64 191040.0
52.64 191060.0
52.64 191080.0
52.64 191100.0
52.64 191120.0
52.64 191140.0
52.64 191160.0
52.64 191180.0
51.5 191200.0
52.64 191220.0
52.64 191240.0
52.64 191260.0
52.64 191280.0
52.64 191300.0
52.64 191320.0
52.64 191340.0
52.64 191360.0
52.64 191380.0
52.64 191400.0
51.5 191420.0
52.64 191440.0
52.64 191460.0
52.64 191480.0
52.64 191500.0
52.64 191520.0
52.64 191540.0
52.64 191560.0
52.64 191580.0
52.64 191600.0
52.64 191620.0
51.5 191640.0
52.64 191660.0
52.64 191680.0
52.64 191700.0
52.64 191720.0
52.64 191740.0
52.64 191760.0
52.64 191780.0
52.64 191800.0
52.64 191820.0
52.64 191840.0
52.64 191860.0
52.64 191880.0
52.64 191900.0
52.64 191920.0
52.64 191940.0
52.64 191960.0
52.64 191980.0
52.64 192000.0
51.5 192020.0
52.64 192040.0
52.64 192060.0
52.64 192080.0
51.5 192100.0
52.64 192120.0
52.64 192140.0
52.64 192160.0
52.64 192180.0
52.64 192200.0
52.64 192220.0
52.64 192240.0
52.64 192260.0
52.64 192280.0
52.64 192300.0
52.64 192320.0
52.64 192340.0
52.64 192360.0
52.64 192380.0
52.64 192400.0
52.64 192420.0
52.64 192440.0
52.64 192460.0
52.64 192480.0
51.5 192500.0
52.64 192520.0
52.64 192540.0
52.64 192560.0
52.64 192580.0
52.64 192600.0
52.64 192620.0
52.64 192640.0
51.5 192660.0
52.64 192680.0
51.5 192700.0
52.64 192720.0
52.64 192740.0
52.64 192760.0
52.64 192780.0
52.64 192800.0
52.64 192820.0
52.64 192840.0
52.64 192860.0
52.64 192880.0
52.64 192900.0
52.64 192920.0
51.5 192940.0
52.64 192960.0
52.64 192980.0
52.64 193000.0
52.64 193020.0
52.64 193040.0
52.64 193060.0
52.64 193080.0
52.64 193100.0
52.64 193120.0
52.64 193140.0
52.64 193160.0
52.64 193180.0
52.64 193200.0
52.64 193220.0
52.64 193240.0
52.64 193260.0
52.64 193280.0
52.64 193300.0
52.64 193320.0
52.64 193340.0
51.5 193360.0
52.64 193380.0
52.64 193400.0
52.64 193420.0
52.64 193440.0
52.64 193460.0
52.64 193480.0
52.64 193500.0
52.64 193520.0
52.64 193540.0
52.64 193560.0
52.64 193580.0
52.64 193600.0
51.5 193620.0
52.64 193640.0
52.64 193660.0
52.64 193680.0
52.64 193700.0
52.64 193720.0
51.5 193740.0
52.64 193760.0
52.64 193780.0
52.64 193800.0
52.64 193820.0
52.64 193840.0
51.5 193860.0
52.64 193880.0
52.64 193900.0
52.64 193920.0
52.64 193940.0
51.5 193960.0
52.64 193980.0
52.64 194000.0
52.64 194020.0
52.64 194040.0
52.64 194060.0
52.64 194080.0
52.64 194100.0
52.64 194120.0
52.64 194140.0
52.64 194160.0
52.64 194180.0
52.64 194200.0
52.64 194220.0
52.64 194240.0
52.64 194260.0
52.64 194280.0
52.64 194300.0
52.64 194320.0
52.64 194340.0
52.64 194360.0
52.64 194380.0
52.64 194400.0
52.64 194420.0
52.64 194440.0
52.64 194460.0
52.64 194480.0
52.64 194500.0
52.64 194520.0
52.64 194540.0
52.64 194560.0
52.64 194580.0
52.64 194600.0
52.64 194620.0
52.64 194640.0
52.64 194660.0
52.64 194680.0
52.64 194700.0
52.64 194720.0
52.64 194740.0
52.64 194760.0
52.64 194780.0
51.5 194800.0
52.64 194820.0
52.64 194840.0
52.64 194860.0
52.64 194880.0
52.64 194900.0
52.64 194920.0
52.64 194940.0
52.64 194960.0
52.64 194980.0
52.64 195000.0
52.64 195020.0
52.64 195040.0
52.64 195060.0
52.64 195080.0
52.64 195100.0
52.64 195120.0
52.64 195140.0
52.64 195160.0
52.64 195180.0
52.64 195200.0
52.64 195220.0
51.5 195240.0
52.64 195260.0
52.64 195280.0
52.64 195300.0
52.64 195320.0
52.64 195340.0
51.5 195360.0
51.5 195380.0
52.64 195400.0
52.64 195420.0
52.64 195440.0
52.64 195460.0
52.64 195480.0
52.64 195500.0
52.64 195520.0
51.5 195540.0
52.64 195560.0
52.64 195580.0
52.64 195600.0
52.64 195620.0
51.5 195640.0
52.64 195660.0
52.64 195680.0
52.64 195700.0
52.64 195720.0
52.64 195740.0
52.64 195760.0
52.64 195780.0
52.64 195800.0
52.64 195820.0
52.64 195840.0
52.64 195860.0
52.64 195880.0
52.64 195900.0
52.64 195920.0
52.64 195940.0
52.64 195960.0
52.64 195980.0
52.64 196000.0
52.64 196020.0
52.64 196040.0
52.64 196060.0
52.64 196080.0
52.64 196100.0
52.64 196120.0
52.64 196140.0
52.64 196160.0
52.64 196180.0
52.64 196200.0
52.64 196220.0
52.64 196240.0
52.64 196260.0
51.5 196280.0
51.5 196300.0
52.64 196320.0
52.64 196340.0
52.64 196360.0
52.64 196380.0
52.64 196400.0
52.64 196420.0
52.64 196440.0
52.64 196460.0
52.64 196480.0
52.64 196500.0
52.64 196520.0
52.64 196540.0
52.64 196560.0
52.64 196580.0
52.64 196600.0
52.64 196620.0
52.64 196640.0
52.64 196660.0
52.64 196680.0
52.64 196700.0
52.64 196720.0
52.64 196740.0
52.64 196760.0
51.5 196780.0
52.64 196800.0
52.64 196820.0
52.64 196840.0
52.64 196860.0
52.64 196880.0
52.64 196900.0
52.64 196920.0
52.64 196940.0
52.64 196960.0
52.64 196980.0
51.5 197000.0
52.64 197020.0
52.64 197040.0
51.5 197060.0
52.64 197080.0
52.64 197100.0
52.64 197120.0
52.64 197140.0
51.5 197160.0
52.64 197180.0
52.64 197200.0
52.64 197220.0
52.64 197240.0
52.64 197260.0
51.5 197280.0
51.5 197300.0
51.5 197320.0
52.64 197340.0
52.64 197360.0
51.5 197380.0
51.5 197400.0
52.64 197420.0
52.64 197440.0
52.64 197460.0
52.64 197480.0
52.64 197500.0
51.5 197520.0
51.5 197540.0
51.5 197560.0
52.64 197580.0
52.64 197600.0
51.5 197620.0
52.64 197640.0
52.64 197660.0
52.64 197680.0
52.64 197700.0
52.64 197720.0
52.64 197740.0
53.78 197760.0
52.64 197780.0
52.64 197800.0
52.64 197820.0
52.64 197840.0
52.64 197860.0
52.64 197880.0
52.64 197900.0
52.64 197920.0
51.5 197940.0
52.64 197960.0
52.64 197980.0
52.64 198000.0
51.5 198020.0
52.64 198040.0
52.64 198060.0
51.5 198080.0
52.64 198100.0
52.64 198120.0
52.64 198140.0
52.64 198160.0
52.64 198180.0
52.64 198200.0
52.64 198220.0
52.64 198240.0
52.64 198260.0
52.64 198280.0
52.64 198300.0
51.5 198320.0
52.64 198340.0
52.64 198360.0
52.64 198380.0
51.5 198400.0
51.5 198420.0
52.64 198440.0
52.64 198460.0
52.64 198480.0
52.64 198500.0
52.64 198520.0
52.64 198540.0
52.64 198560.0
52.64 198580.0
52.64 198600.0
52.64 198620.0
52.64 198640.0
52.64 198660.0
52.64 198680.0
52.64 198700.0
52.64 198720.0
52.64 198740.0
52.64 198760.0
52.64 198780.0
52.64 198800.0
52.64 198820.0
53.78 198840.0
52.64 198860.0
52.64 198880.0
52.64 198900.0
52.64 198920.0
52.64 198940.0
52.64 198960.0
52.64 198980.0
51.5 199000.0
53.78 199020.0
52.64 199040.0
52.64 199060.0
52.64 199080.0
52.64 199100.0
52.64 199120.0
52.64 199140.0
52.64 199160.0
52.64 199180.0
52.64 199200.0
52.64 199220.0
52.64 199240.0
52.64 199260.0
52.64 199280.0
52.64 199300.0
52.64 199320.0
52.64 199340.0
52.64 199360.0
52.64 199380.0
52.64 199400.0
52.64 199420.0
52.64 199440.0
52.64 199460.0
52.64 199480.0
52.64 199500.0
52.64 199520.0
52.64 199540.0
52.64 199560.0
52.64 199580.0
51.5 199600.0
52.64 199620.0
52.64 199640.0
52.64 199660.0
51.5 199680.0
52.64 199700.0
52.64 199720.0
51.5 199740.0
52.64 199760.0
52.64 199780.0
52.64 199800.0
52.64 199820.0
52.64 199840.0
52.64 199860.0
52.64 199880.0
51.5 199900.0
51.5 199920.0
52.64 199940.0
52.64 199960.0
52.64 199980.0
52.64 200000.0
52.64 200020.0
52.64 200040.0
52.64 200060.0
52.64 200080.0
52.64 200100.0
52.64 200120.0
52.64 200140.0
52.64 200160.0
52.64 200180.0
52.64 200200.0
51.5 200220.0
52.64 200240.0
52.64 200260.0
52.64 200280.0
51.5 200300.0
52.64 200320.0
52.64 200340.0
52.64 200360.0
52.64 200380.0
52.64 200400.0
52.64 200420.0
51.5 200440.0
52.64 200460.0
52.64 200480.0
52.64 200500.0
52.64 200520.0
53.78 200540.0
52.64 200560.0
52.64 200580.0
52.64 200600.0
52.64 200620.0
52.64 200640.0
52.64 200660.0
52.64 200680.0
52.64 200700.0
51.5 200720.0
52.64 200740.0
52.64 200760.0
51.5 200780.0
52.64 200800.0
52.64 200820.0
51.5 200840.0
52.64 200860.0
52.64 200880.0
52.64 200900.0
52.64 200920.0
52.64 200940.0
52.64 200960.0
52.64 200980.0
51.5 201000.0
52.64 201020.0
52.64 201040.0
52.64 201060.0
52.64 201080.0
52.64 201100.0
52.64 201120.0
52.64 201140.0
52.64 201160.0
52.64 201180.0
52.64 201200.0
52.64 201220.0
52.64 201240.0
52.64 201260.0
52.64 201280.0
52.64 201300.0
52.64 201320.0
52.64 201340.0
52.64 201360.0
52.64 201380.0
52.64 201400.0
52.64 201420.0
52.64 201440.0
52.64 201460.0
52.64 201480.0
52.64 201500.0
52.64 201520.0
52.64 201540.0
52.64 201560.0
52.64 201580.0
52.64 201600.0
52.64 201620.0
52.64 201640.0
52.64 201660.0
52.64 201680.0
52.64 201700.0
52.64 201720.0
52.64 201740.0
52.64 201760.0
52.64 201780.0
52.64 201800.0
52.64 201820.0
52.64 201840.0
52.64 201860.0
52.64 201880.0
52.64 201900.0
52.64 201920.0
52.64 201940.0
52.64 201960.0
52.64 201980.0
52.64 202000.0
52.64 202020.0
52.64 202040.0
52.64 202060.0
52.64 202080.0
52.64 202100.0
52.64 202120.0
52.64 202140.0
52.64 202160.0
52.64 202180.0
51.5 202200.0
52.64 202220.0
52.64 202240.0
52.64 202260.0
52.64 202280.0
51.5 202300.0
52.64 202320.0
52.64 202340.0
52.64 202360.0
52.64 202380.0
52.64 202400.0
52.64 202420.0
52.64 202440.0
52.64 202460.0
52.64 202480.0
52.64 202500.0
52.64 202520.0
52.64 202540.0
52.64 202560.0
52.64 202580.0
52.64 202600.0
52.64 202620.0
52.64 202640.0
52.64 202660.0
52.64 202680.0
51.5 202700.0
52.64 202720.0
52.64 202740.0
52.64 202760.0
52.64 202780.0
52.64 202800.0
52.64 202820.0
52.64 202840.0
51.5 202860.0
52.64 202880.0
52.64 202900.0
52.64 202920.0
52.64 202940.0
52.64 202960.0
52.64 202980.0
51.5 203000.0
52.64 203020.0
52.64 203040.0
52.64 203060.0
52.64 203080.0
51.5 203100.0
52.64 203120.0
52.64 203140.0
52.64 203160.0
52.64 203180.0
52.64 203200.0
52.64 203220.0
51.5 203240.0
52.64 203260.0
52.64 203280.0
52.64 203300.0
52.64 203320.0
52.64 203340.0
52.64 203360.0
52.64 203380.0
52.64 203400.0
51.5 203420.0
52.64 203440.0
52.64 203460.0
51.5 203480.0
52.64 203500.0
52.64 203520.0
52.64 203540.0
52.64 203560.0
52.64 203580.0
52.64 203600.0
52.64 203620.0
52.64 203640.0
52.64 203660.0
52.64 203680.0
52.64 203700.0
52.64 203720.0
52.64 203740.0
52.64 203760.0
51.5 203780.0
51.5 203800.0
52.64 203820.0
52.64 203840.0
52.64 203860.0
52.64 203880.0
52.64 203900.0
52.64 203920.0
52.64 203940.0
52.64 203960.0
52.64 203980.0
52.64 204000.0
52.64 204020.0
52.64 204040.0
52.64 204060.0
52.64 204080.0
52.64 204100.0
52.64 204120.0
52.64 204140.0
52.64 204160.0
51.5 204180.0
51.5 204200.0
52.64 204220.0
52.64 204240.0
53.78 204260.0
52.64 204280.0
52.64 204300.0
52.64 204320.0
52.64 204340.0
52.64 204360.0
52.64 204380.0
52.64 204400.0
52.64 204420.0
52.64 204440.0
52.64 204460.0
52.64 204480.0
52.64 204500.0
52.64 204520.0
52.64 204540.0
52.64 204560.0
52.64 204580.0
52.64 204600.0
52.64 204620.0
52.64 204640.0
52.64 204660.0
52.64 204680.0
52.64 204700.0
52.64 204720.0
52.64 204740.0
52.64 204760.0
51.5 204780.0
52.64 204800.0
52.64 204820.0
52.64 204840.0
52.64 204860.0
52.64 204880.0
52.64 204900.0
52.64 204920.0
52.64 204940.0
52.64 204960.0
51.5 204980.0
52.64 205000.0
52.64 205020.0
52.64 205040.0
52.64 205060.0
52.64 205080.0
52.64 205100.0
52.64 205120.0
51.5 205140.0
51.5 205160.0
51.5 205180.0
52.64 205200.0
51.5 205220.0
52.64 205240.0
52.64 205260.0
52.64 205280.0
52.64 205300.0
52.64 205320.0
52.64 205340.0
52.64 205360.0
52.64 205380.0
52.64 205400.0
52.64 205420.0
52.64 205440.0
52.64 205460.0
52.64 205480.0
52.64 205500.0
52.64 205520.0
52.64 205540.0
52.64 205560.0
52.64 205580.0
52.64 205600.0
52.64 205620.0
52.64 205640.0
52.64 205660.0
52.64 205680.0
52.64 205700.0
51.5 205720.0
52.64 205740.0
51.5 205760.0
52.64 205780.0
52.64 205800.0
52.64 205820.0
52.64 205840.0
52.64 205860.0
52.64 205880.0
52.64 205900.0
52.64 205920.0
52.64 205940.0
52.64 205960.0
52.64 205980.0
52.64 206000.0
52.64 206020.0
52.64 206040.0
52.64 206060.0
52.64 206080.0
52.64 206100.0
52.64 206120.0
52.64 206140.0
52.64 206160.0
52.64 206180.0
52.64 206200.0
52.64 206220.0
52.64 206240.0
51.5 206260.0
52.64 206280.0
52.64 206300.0
52.64 206320.0
52.64 206340.0
52.64 206360.0
52.64 206380.0
52.64 206400.0
52.64 206420.0
52.64 206440.0
52.64 206460.0
52.64 206480.0
52.64 206500.0
51.5 206520.0
52.64 206540.0
52.64 206560.0
52.64 206580.0
52.64 206600.0
52.64 206620.0
52.64 206640.0
52.64 206660.0
52.64 206680.0
52.64 206700.0
52.64 206720.0
52.64 206740.0
52.64 206760.0
52.64 206780.0
52.64 206800.0
51.5 206820.0
52.64 206840.0
52.64 206860.0
52.64 206880.0
52.64 206900.0
52.64 206920.0
52.64 206940.0
52.64 206960.0
52.64 206980.0
52.64 207000.0
51.5 207020.0
52.64 207040.0
52.64 207060.0
52.64 207080.0
52.64 207100.0
52.64 207120.0
52.64 207140.0
52.64 207160.0
52.64 207180.0
52.64 207200.0
51.5 207220.0
52.64 207240.0
52.64 207260.0
52.64 207280.0
52.64 207300.0
52.64 207320.0
52.64 207340.0
52.64 207360.0
52.64 207380.0
52.64 207400.0
52.64 207420.0
52.64 207440.0
52.64 207460.0
52.64 207480.0
52.64 207500.0
52.64 207520.0
52.64 207540.0
52.64 207560.0
52.64 207580.0
52.64 207600.0
52.64 207620.0
52.64 207640.0
52.64 207660.0
52.64 207680.0
52.64 207700.0
52.64 207720.0
52.64 207740.0
52.64 207760.0
52.64 207780.0
52.64 207800.0
52.64 207820.0
52.64 207840.0
52.64 207860.0
51.5 207880.0
52.64 207900.0
52.64 207920.0
52.64 207940.0
52.64 207960.0
52.64 207980.0
52.64 208000.0
52.64 208020.0
52.64 208040.0
52.64 208060.0
52.64 208080.0
52.64 208100.0
52.64 208120.0
52.64 208140.0
52.64 208160.0
51.5 208180.0
52.64 208200.0
52.64 208220.0
52.64 208240.0
52.64 208260.0
51.5 208280.0
52.64 208300.0
52.64 208320.0
52.64 208340.0
52.64 208360.0
52.64 208380.0
52.64 208400.0
52.64 208420.0
52.64 208440.0
52.64 208460.0
52.64 208480.0
52.64 208500.0
52.64 208520.0
52.64 208540.0
52.64 208560.0
52.64 208580.0
52.64 208600.0
52.64 208620.0
52.64 208640.0
52.64 208660.0
52.64 208680.0
52.64 208700.0
52.64 208720.0
52.64 208740.0
52.64 208760.0
52.64 208780.0
52.64 208800.0
52.64 208820.0
52.64 208840.0
51.5 208860.0
52.64 208880.0
52.64 208900.0
52.64 208920.0
52.64 208940.0
52.64 208960.0
52.64 208980.0
52.64 209000.0
51.5 209020.0
52.64 209040.0
53.78 209060.0
52.64 209080.0
52.64 209100.0
52.64 209120.0
52.64 209140.0
52.64 209160.0
52.64 209180.0
52.64 209200.0
52.64 209220.0
52.64 209240.0
52.64 209260.0
52.64 209280.0
52.64 209300.0
51.5 209320.0
52.64 209340.0
52.64 209360.0
52.64 209380.0
52.64 209400.0
52.64 209420.0
52.64 209440.0
52.64 209460.0
52.64 209480.0
52.64 209500.0
52.64 209520.0
52.64 209540.0
52.64 209560.0
52.64 209580.0
52.64 209600.0
52.64 209620.0
52.64 209640.0
52.64 209660.0
52.64 209680.0
52.64 209700.0
52.64 209720.0
52.64 209740.0
52.64 209760.0
52.64 209780.0
52.64 209800.0
52.64 209820.0
52.64 209840.0
52.64 209860.0
52.64 209880.0
52.64 209900.0
52.64 209920.0
52.64 209940.0
52.64 209960.0
52.64 209980.0
52.64 210000.0
52.64 210020.0
51.5 210040.0
52.64 210060.0
52.64 210080.0
52.64 210100.0
52.64 210120.0
52.64 210140.0
52.64 210160.0
52.64 210180.0
52.64 210200.0
52.64 210220.0
52.64 210240.0
52.64 210260.0
52.64 210280.0
52.64 210300.0
52.64 210320.0
52.64 210340.0
52.64 210360.0
52.64 210380.0
52.64 210400.0
52.64 210420.0
52.64 210440.0
52.64 210460.0
52.64 210480.0
52.64 210500.0
51.5 210520.0
52.64 210540.0
52.64 210560.0
52.64 210580.0
52.64 210600.0
52.64 210620.0
52.64 210640.0
52.64 210660.0
52.64 210680.0
52.64 210700.0
52.64 210720.0
52.64 210740.0
52.64 210760.0
52.64 210780.0
52.64 210800.0
52.64 210820.0
52.64 210840.0
52.64 210860.0
52.64 210880.0
52.64 210900.0
52.64 210920.0
52.64 210940.0
