24.14 20.73
24.14 20.74
23.0 20.75
23.0 20.72
24.14 20.71
24.14 20.61
24.14 20.76
24.14 20.71
23.0 20.73
25.28 20.58
25.28 20.72
24.14 20.65
24.14 20.69
24.14 20.79
24.14 20.63
24.14 20.69
25.28 20.7
23.0 20.64
25.28 20.64
23.0 20.67
25.28 20.64
25.28 20.67
25.28 20.56
25.28 20.64
24.14 20.65
24.14 20.64
25.28 20.59
25.28 20.61
25.28 20.59
25.28 20.71
25.28 20.53
25.28 20.66
25.28 20.59
25.28 20.57
25.28 20.58
25.28 20.65
25.28 20.5
26.42 20.57
25.28 20.58
25.28 20.56
25.28 20.57
25.28 20.5
25.28 20.56
25.28 20.54
24.14 20.57
25.28 20.5
25.28 20.58
25.28 20.53
25.28 20.48
25.28 20.6
25.28 20.59
25.28 20.54
25.28 20.53
24.14 20.58
25.28 20.54
25.28 20.53
25.28 20.47
25.28 20.41
25.28 20.41
25.28 20.36
25.28 20.57
25.28 20.54
25.28 20.52
25.28 20.52
25.28 20.63
25.28 20.55
25.28 20.54
25.28 20.56
25.28 20.55
25.28 20.54
25.28 20.52
26.42 20.51
25.28 20.44
25.28 20.49
26.42 20.45
25.28 20.49
25.28 20.45
25.28 20.57
25.28 20.43
25.28 20.49
25.28 20.47
26.42 20.51
25.28 20.52
25.28 20.43
25.28 20.49
25.28 20.5
26.42 20.61
26.42 20.41
25.28 20.42
25.28 20.53
25.28 20.45
26.42 20.4
26.42 20.51
25.28 20.53
25.28 20.52
26.42 20.52
26.42 20.44
25.28 20.51
25.28 20.46
25.28 20.44
26.42 20.5
26.42 20.4
26.42 20.44
25.28 20.37
26.42 20.42
25.28 20.43
26.42 20.45
26.42 20.4
25.28 20.39
26.42 20.38
26.42 20.38
26.42 20.44
25.28 20.51
25.28 20.37
25.28 20.37
26.42 20.41
25.28 20.51
25.28 20.37
26.42 20.34
25.28 20.36
26.42 20.56
26.42 20.4
26.42 20.44
26.42 20.51
25.28 20.4
26.42 20.28
26.42 20.32
26.42 20.45
27.56 20.28
26.42 20.41
26.42 20.37
26.42 20.49
26.42 20.38
25.28 20.33
26.42 20.31
26.42 20.37
25.28 20.29
26.42 20.4
25.28 20.51
26.42 20.58
25.28 20.44
26.42 20.33
26.42 20.2
26.42 20.38
25.28 20.27
26.42 20.35
27.56 20.36
26.42 20.29
26.42 20.38
26.42 20.31
26.42 20.3
26.42 20.33
25.28 20.33
27.56 20.27
26.42 20.34
25.28 20.31
26.42 20.36
26.42 20.17
26.42 20.23
27.56 20.31
25.28 20.22
27.56 20.3
25.28 20.27
26.42 20.27
27.56 20.28
26.42 20.29
26.42 20.39
25.28 20.25
27.56 20.3
26.42 20.21
26.42 20.23
26.42 20.2
25.28 20.26
26.42 20.23
27.56 20.2
26.42 20.38
26.42 20.29
26.42 20.28
25.28 20.27
26.42 20.28
26.42 20.35
26.42 20.15
25.28 20.27
27.56 20.33
26.42 20.31
27.56 20.31
26.42 20.39
25.28 20.32
26.42 20.24
27.56 20.31
26.42 20.38
26.42 20.29
26.42 20.23
27.56 20.38
26.42 20.35
27.56 20.29
26.42 20.37
26.42 20.31
26.42 20.36
26.42 20.29
26.42 20.25
27.56 20.23
27.56 20.32
25.28 20.28
27.56 20.37
27.56 20.35
27.56 20.24
26.42 20.3
26.42 20.32
26.42 20.23
27.56 20.38
26.42 20.35
26.42 20.31
27.56 20.26
27.56 20.27
27.56 20.25
26.42 20.2
26.42 20.31
26.42 20.28
27.56 20.31
27.56 20.29
26.42 20.32
27.56 20.35
27.56 20.34
26.42 20.34
26.42 20.27
27.56 20.24
26.42 20.18
25.28 20.21
27.56 20.32
26.42 20.21
26.42 20.29
26.42 20.25
27.56 20.2
27.56 20.28
27.56 20.19
26.42 20.24
26.42 20.23
27.56 20.23
27.56 20.2
27.56 20.21
27.56 20.23
26.42 20.22
26.42 20.22
26.42 20.23
27.56 20.19
26.42 20.17
27.56 20.19
27.56 20.3
26.42 20.31
27.56 20.2
27.56 20.22
25.28 20.18
27.56 20.2
27.56 20.16
27.56 20.36
27.56 20.2
27.56 20.19
27.56 20.22
26.42 20.2
27.56 20.15
27.56 20.29
27.56 20.26
26.42 20.25
26.42 20.19
27.56 20.28
26.42 20.19
27.56 20.21
27.56 20.31
27.56 20.29
27.56 20.21
27.56 20.24
26.42 20.23
27.56 20.21
27.56 20.22
27.56 20.32
27.56 20.24
27.56 20.16
27.56 20.15
26.42 20.17
27.56 20.26
26.42 20.27
27.56 20.16
27.56 20.16
27.56 20.18
27.56 20.21
27.56 20.18
27.56 20.1
27.56 20.31
25.28 20.11
27.56 20.25
27.56 20.17
27.56 20.24
26.42 20.21
27.56 20.09
27.56 20.15
27.56 20.22
27.56 20.17
27.56 20.29
27.56 20.2
27.56 20.18
27.56 20.14
27.56 20.19
27.56 20.18
27.56 20.17
27.56 20.15
27.56 20.27
27.56 20.21
27.56 20.11
27.56 20.23
27.56 20.21
27.56 20.23
27.56 20.2
27.56 20.24
27.56 20.14
27.56 20.19
27.56 20.21
27.56 20.25
27.56 20.27
27.56 20.21
27.56 20.12
27.56 20.19
27.56 20.13
26.42 20.22
27.56 20.17
28.7 20.12
27.56 20.17
27.56 20.24
27.56 20.05
27.56 20.09
27.56 20.26
28.7 20.07
27.56 20.06
27.56 20.07
27.56 20.19
27.56 20.21
27.56 20.15
27.56 20.17
27.56 20.23
27.56 20.16
27.56 20.11
27.56 20.13
27.56 20.18
27.56 20.13
27.56 20.19
27.56 20.13
27.56 20.1
27.56 20.09
27.56 20.18
26.42 20.13
27.56 20.09
27.56 20.23
27.56 20.19
27.56 20.14
27.56 20.06
27.56 20.21
27.56 20.11
27.56 20.14
27.56 20.13
27.56 20.15
27.56 20.1
27.56 20.08
27.56 20.17
27.56 20.1
27.56 20.17
27.56 20.13
28.7 20.14
26.42 20.12
27.56 20.08
27.56 20.09
27.56 20.2
28.7 20.21
27.56 20.12
27.56 20.1
27.56 20.16
27.56 20.12
27.56 20.11
27.56 20.16
27.56 20.17
27.56 20.15
27.56 20.06
27.56 20.11
27.56 20.13
27.56 20.15
27.56 20.12
27.56 20.06
27.56 20.07
27.56 20.05
27.56 20.01
27.56 20.09
27.56 20.14
27.56 20.13
27.56 20.11
27.56 20.13
27.56 20.15
27.56 20.1
27.56 20.03
27.56 20.02
27.56 20.18
27.56 20.12
28.7 20.08
27.56 20.08
27.56 20.07
28.7 20.01
27.56 20.09
27.56 20.08
27.56 20.12
27.56 20.07
27.56 20.08
27.56 20.1
27.56 20.02
28.7 20.07
27.56 20.1
27.56 20.14
27.56 20.05
27.56 20.11
27.56 20.11
27.56 20.17
27.56 20.11
27.56 19.97
27.56 20.1
28.7 20.08
27.56 20.06
27.56 19.95
27.56 20.1
28.7 20.15
27.56 20.11
27.56 20.1
28.7 20.07
28.7 20.14
27.56 20.08
27.56 20.06
27.56 20.02
28.7 20.07
27.56 20.03
27.56 20.05
27.56 20.06
28.7 20.05
28.7 20.04
27.56 20.15
28.7 20.06
28.7 20.11
27.56 20.14
27.56 20.1
27.56 20.12
27.56 20.1
27.56 19.98
28.7 20.07
27.56 20.07
28.7 20.03
28.7 20.07
28.7 20.04
27.56 20.01
27.56 20.12
28.7 20.08
28.7 20.07
27.56 20.02
28.7 20.09
28.7 20.06
28.7 20.07
27.56 19.98
28.7 20.03
27.56 20.09
28.7 20.04
27.56 20.03
27.56 20.13
28.7 20.04
27.56 20.1
28.7 20.0
27.56 19.99
28.7 20.03
27.56 20.1
27.56 20.04
27.56 20.04
28.7 19.97
28.7 20.09
27.56 19.99
28.7 20.13
27.56 20.08
27.56 19.97
27.56 19.99
27.56 20.08
27.56 19.97
27.56 20.07
27.56 20.04
28.7 20.03
27.56 20.08
28.7 19.94
27.56 20.08
28.7 20.03
27.56 20.06
28.7 20.05
28.7 20.1
27.56 20.02
28.7 20.05
28.7 20.02
28.7 20.03
28.7 19.98
27.56 20.06
27.56 20.03
27.56 20.06
28.7 20.01
28.7 20.08
27.56 20.05
28.7 19.98
28.7 20.07
28.7 20.02
27.56 20.06
28.7 20.03
28.7 19.97
27.56 20.02
28.7 20.02
28.7 20.01
28.7 20.17
27.56 20.0
27.56 20.03
27.56 19.94
28.7 20.01
27.56 20.08
28.7 20.01
28.7 20.03
28.7 20.04
28.7 19.99
27.56 20.05
27.56 20.0
27.56 20.12
28.7 20.08
28.7 20.03
27.56 20.03
28.7 20.02
27.56 19.93
28.7 19.97
27.56 19.93
27.56 20.0
28.7 20.1
27.56 20.04
28.7 20.05
27.56 19.98
28.7 19.96
27.56 20.1
27.56 20.0
27.56 20.09
27.56 19.97
27.56 19.96
28.7 20.05
28.7 20.04
28.7 20.18
27.56 19.98
27.56 20.04
27.56 19.97
28.7 19.94
27.56 20.02
28.7 19.96
28.7 20.11
28.7 20.02
28.7 19.96
28.7 20.12
28.7 20.02
28.7 20.02
28.7 19.99
27.56 20.0
27.56 20.04
28.7 20.01
28.7 19.99
27.56 20.0
28.7 20.02
27.56 19.96
27.56 20.04
27.56 19.99
28.7 20.08
27.56 19.99
27.56 19.98
27.56 20.04
28.7 19.96
28.7 20.02
28.7 20.06
28.7 19.99
27.56 19.93
27.56 19.95
28.7 20.01
27.56 20.07
28.7 20.01
27.56 19.98
27.56 19.91
27.56 19.98
27.56 20.09
28.7 20.02
28.7 20.01
28.7 20.01
28.7 20.0
28.7 20.02
27.56 19.99
27.56 19.95
27.56 20.05
27.56 19.94
28.7 19.99
28.7 20.03
28.7 20.0
27.56 20.03
28.7 20.03
28.7 20.06
28.7 19.97
27.56 19.95
27.56 19.97
27.56 20.01
28.7 20.04
28.7 19.94
28.7 19.98
27.56 19.99
28.7 20.03
28.7 19.93
27.56 19.97
27.56 19.97
28.7 19.95
28.7 19.99
28.7 19.98
28.7 19.98
27.56 19.99
28.7 19.98
28.7 19.97
28.7 20.1
28.7 19.93
28.7 19.95
27.56 19.95
27.56 19.95
27.56 20.02
28.7 19.91
28.7 19.98
28.7 19.95
28.7 19.87
28.7 20.03
28.7 19.97
27.56 19.93
28.7 19.92
28.7 19.97
27.56 19.95
28.7 20.01
28.7 20.03
28.7 20.0
27.56 20.01
27.56 20.01
28.7 20.03
28.7 19.94
28.7 19.97
28.7 20.0
28.7 19.96
28.7 19.99
27.56 19.94
28.7 19.98
27.56 20.03
28.7 19.98
28.7 19.99
28.7 19.89
28.7 19.98
27.56 19.93
28.7 19.98
28.7 19.93
28.7 19.98
28.7 19.88
28.7 19.95
28.7 19.93
27.56 19.95
28.7 19.97
27.56 19.94
28.7 19.98
27.56 19.99
28.7 19.98
28.7 19.99
27.56 19.94
28.7 19.97
28.7 19.9
28.7 19.99
27.56 19.97
29.84 19.95
28.7 19.95
28.7 19.95
27.56 19.96
28.7 19.89
29.84 19.97
27.56 19.97
28.7 19.89
28.7 19.89
27.56 19.93
28.7 20.0
29.84 19.96
28.7 19.86
28.7 19.95
29.84 19.93
28.7 19.92
28.7 19.9
29.84 19.97
28.7 19.92
28.7 19.95
28.7 19.98
28.7 19.86
28.7 19.9
27.56 19.96
28.7 19.9
28.7 20.01
28.7 19.91
28.7 19.99
28.7 19.91
28.7 19.96
27.56 19.88
28.7 19.92
29.84 19.99
28.7 19.85
28.7 19.97
28.7 19.9
28.7 19.88
28.7 19.91
29.84 19.87
28.7 19.91
28.7 20.01
28.7 19.87
28.7 19.87
28.7 19.95
27.56 19.94
29.84 19.93
28.7 19.98
28.7 19.84
28.7 19.93
27.56 19.91
27.56 20.0
28.7 19.92
29.84 19.9
28.7 19.94
28.7 19.91
28.7 19.92
29.84 19.94
28.7 19.89
28.7 19.9
28.7 19.93
28.7 19.93
28.7 19.97
28.7 19.87
27.56 19.95
28.7 19.94
29.84 19.94
28.7 19.9
28.7 19.96
27.56 19.85
27.56 19.86
29.84 19.91
28.7 20.04
29.84 19.82
29.84 19.85
28.7 19.97
28.7 19.93
27.56 19.92
28.7 19.85
28.7 19.93
28.7 19.89
29.84 19.91
28.7 19.94
28.7 19.95
28.7 19.9
28.7 20.02
28.7 19.87
28.7 19.9
27.56 19.93
29.84 19.96
28.7 19.91
29.84 19.93
28.7 19.91
29.84 19.91
28.7 19.92
29.84 19.9
28.7 19.95
27.56 19.94
28.7 19.88
28.7 19.89
29.84 19.83
29.84 19.87
28.7 19.86
29.84 19.85
28.7 19.94
28.7 19.94
28.7 19.84
29.84 19.91
29.84 19.9
29.84 19.81
27.56 19.92
29.84 19.81
28.7 19.84
29.84 19.78
28.7 19.9
29.84 19.95
28.7 19.92
29.84 19.86
28.7 19.89
28.7 19.9
29.84 19.93
28.7 19.89
28.7 19.92
28.7 19.89
28.7 19.79
29.84 19.82
29.84 19.82
29.84 19.91
28.7 19.88
28.7 19.96
28.7 19.86
29.84 19.89
28.7 19.85
28.7 19.93
27.56 19.94
27.56 19.87
29.84 19.92
27.56 19.92
28.7 19.9
29.84 19.95
29.84 19.8
29.84 19.81
29.84 19.82
29.84 19.89
28.7 19.81
29.84 19.87
28.7 19.9
29.84 19.95
27.56 19.79
28.7 19.81
28.7 19.9
28.7 19.81
29.84 19.9
29.84 19.85
28.7 19.86
28.7 19.89
28.7 19.92
28.7 19.9
29.84 19.83
29.84 19.85
28.7 19.88
29.84 19.84
29.84 19.81
28.7 19.85
28.7 19.88
28.7 19.85
29.84 19.78
29.84 19.93
27.56 19.89
29.84 19.88
28.7 19.83
28.7 19.84
28.7 19.84
28.7 19.8
29.84 19.85
29.84 19.84
29.84 19.87
28.7 19.89
29.84 19.87
29.84 19.86
29.84 19.89
28.7 19.81
28.7 19.88
28.7 19.76
28.7 19.86
29.84 19.75
29.84 19.82
29.84 19.82
28.7 19.88
28.7 19.87
28.7 19.83
29.84 19.85
29.84 19.83
29.84 19.88
29.84 19.91
28.7 19.82
28.7 19.7
28.7 19.83
28.7 19.88
28.7 19.8
29.84 19.85
29.84 19.78
28.7 19.8
28.7 19.87
28.7 19.77
28.7 19.81
28.7 19.86
29.84 19.79
29.84 19.83
28.7 19.84
29.84 19.91
29.84 19.79
29.84 19.81
28.7 19.78
28.7 19.83
29.84 19.82
28.7 19.81
28.7 19.87
28.7 19.8
27.56 19.79
29.84 19.9
29.84 19.89
29.84 19.81
28.7 19.82
28.7 19.85
29.84 19.81
28.7 19.82
29.84 19.8
29.84 19.78
29.84 19.8
29.84 19.87
28.7 19.78
28.7 19.85
28.7 19.76
29.84 19.81
29.84 19.71
27.56 19.71
29.84 19.78
28.7 19.66
29.84 19.85
29.84 19.85
28.7 19.84
29.84 19.9
29.84 19.79
29.84 19.85
29.84 19.82
29.84 19.79
29.84 19.82
28.7 19.8
29.84 19.83
29.84 19.85
29.84 19.77
29.84 19.8
29.84 19.81
29.84 19.85
29.84 19.82
28.7 19.74
29.84 19.76
29.84 19.86
29.84 19.78
28.7 19.8
28.7 19.77
29.84 19.88
28.7 19.75
29.84 19.8
28.7 19.74
29.84 19.83
28.7 19.86
29.84 19.91
28.7 19.72
28.7 19.72
29.84 19.83
29.84 19.8
28.7 19.77
28.7 19.89
28.7 19.82
29.84 19.82
28.7 19.82
29.84 19.74
29.84 19.78
29.84 19.73
29.84 19.84
29.84 19.75
28.7 19.84
29.84 19.75
29.84 19.81
29.84 19.82
29.84 19.82
28.7 19.82
27.56 19.71
29.84 19.88
29.84 19.8
29.84 19.75
29.84 19.84
29.84 19.81
29.84 19.84
29.84 19.86
29.84 19.77
29.84 19.83
29.84 19.78
28.7 19.78
29.84 19.77
29.84 19.86
29.84 19.78
29.84 19.85
28.7 19.81
29.84 19.72
29.84 19.79
28.7 19.74
28.7 19.84
28.7 19.79
29.84 19.84
28.7 19.85
29.84 19.8
28.7 19.8
29.84 19.65
29.84 19.82
29.84 19.82
28.7 19.69
28.7 19.8
28.7 19.8
29.84 19.79
28.7 19.68
29.84 19.77
29.84 19.74
29.84 19.71
28.7 19.81
29.84 19.86
29.84 19.82
29.84 19.8
29.84 19.77
28.7 19.73
28.7 19.72
29.84 19.81
29.84 19.74
29.84 19.76
29.84 19.59
29.84 19.72
29.84 19.79
29.84 19.76
29.84 19.73
29.84 19.76
29.84 19.64
29.84 19.65
29.84 19.66
29.84 19.76
29.84 19.69
29.84 19.63
28.7 19.62
29.84 19.6
29.84 19.72
29.84 19.67
29.84 19.65
29.84 19.66
29.84 19.66
29.84 19.54
29.84 19.62
29.84 19.55
29.84 19.74
29.84 19.69
29.84 19.76
29.84 19.75
29.84 19.71
29.84 19.79
28.7 19.79
29.84 19.69
28.7 19.68
29.84 19.65
29.84 19.63
28.7 19.57
29.84 19.73
28.7 19.57
29.84 19.62
29.84 19.7
29.84 19.71
28.7 19.62
29.84 19.64
29.84 19.78
29.84 19.69
28.7 19.71
29.84 19.65
28.7 19.65
29.84 19.68
29.84 19.65
29.84 19.58
29.84 19.59
29.84 19.72
29.84 19.69
28.7 19.67
29.84 19.66
29.84 19.69
28.7 19.75
29.84 19.8
29.84 19.71
29.84 19.67
28.7 19.77
29.84 19.77
29.84 19.7
29.84 19.73
29.84 19.69
29.84 19.65
29.84 19.66
29.84 19.66
29.84 19.65
29.84 19.68
28.7 19.78
29.84 19.71
29.84 19.68
29.84 19.7
29.84 19.71
29.84 19.74
29.84 19.68
29.84 19.71
29.84 19.72
28.7 19.74
29.84 19.75
29.84 19.72
29.84 19.66
29.84 19.71
29.84 19.72
28.7 19.75
29.84 19.7
29.84 19.69
29.84 19.74
29.84 19.69
29.84 19.71
29.84 19.74
29.84 19.72
29.84 19.75
29.84 19.66
29.84 19.7
29.84 19.65
29.84 19.73
28.7 19.81
29.84 19.64
28.7 19.69
29.84 19.65
29.84 19.66
29.84 19.65
29.84 19.68
29.84 19.69
28.7 19.65
29.84 19.58
29.84 19.62
29.84 19.75
29.84 19.58
29.84 19.61
29.84 19.58
29.84 19.66
29.84 19.65
29.84 19.59
28.7 19.66
29.84 19.55
29.84 19.57
29.84 19.63
28.7 19.57
28.7 19.58
29.84 19.64
29.84 19.61
29.84 19.6
29.84 19.6
29.84 19.64
29.84 19.59
29.84 19.67
29.84 19.59
29.84 19.66
29.84 19.65
29.84 19.68
29.84 19.67
29.84 19.6
29.84 19.64
29.84 19.58
29.84 19.62
29.84 19.65
29.84 19.61
29.84 19.65
29.84 19.72
29.84 19.65
29.84 19.62
28.7 19.64
29.84 19.66
29.84 19.64
28.7 19.61
29.84 19.59
29.84 19.68
29.84 19.6
29.84 19.65
29.84 19.52
29.84 19.65
29.84 19.64
29.84 19.62
29.84 19.6
29.84 19.66
29.84 19.61
29.84 19.7
29.84 19.67
29.84 19.71
29.84 19.67
29.84 19.79
29.84 19.67
29.84 19.67
29.84 19.71
29.84 19.63
29.84 19.6
29.84 19.68
29.84 19.6
29.84 19.58
29.84 19.59
29.84 19.67
29.84 19.75
29.84 19.67
29.84 19.66
29.84 19.68
29.84 19.71
29.84 19.66
29.84 19.76
29.84 19.75
29.84 19.65
29.84 19.79
29.84 19.7
29.84 19.77
29.84 19.65
29.84 19.65
28.7 19.77
29.84 19.67
29.84 19.71
29.84 19.64
29.84 19.73
29.84 19.68
29.84 19.63
30.98 19.81
29.84 19.69
29.84 19.78
29.84 19.69
29.84 19.64
29.84 19.7
30.98 19.65
29.84 19.53
29.84 19.67
29.84 19.64
29.84 19.63
29.84 19.66
29.84 19.65
29.84 19.66
29.84 19.71
29.84 19.69
29.84 19.71
30.98 19.74
29.84 19.75
30.98 19.61
29.84 19.72
29.84 19.63
29.84 19.69
30.98 19.64
29.84 19.64
29.84 19.62
30.98 19.71
29.84 19.7
29.84 19.81
29.84 19.7
29.84 19.76
29.84 19.71
29.84 19.72
29.84 19.74
29.84 19.64
29.84 19.74
30.98 19.65
29.84 19.66
29.84 19.66
30.98 19.75
29.84 19.65
29.84 19.72
29.84 19.76
29.84 19.7
29.84 19.64
29.84 19.7
29.84 19.74
29.84 19.66
29.84 19.7
29.84 19.74
29.84 19.69
29.84 19.77
29.84 19.73
29.84 19.74
29.84 19.71
29.84 19.66
30.98 19.66
29.84 19.71
29.84 19.61
29.84 19.69
30.98 19.62
29.84 19.73
29.84 19.66
29.84 19.73
29.84 19.66
29.84 19.7
29.84 19.8
29.84 19.66
29.84 19.68
29.84 19.63
30.98 19.69
29.84 19.66
29.84 19.68
30.98 19.69
29.84 19.71
29.84 19.63
29.84 19.69
29.84 19.66
29.84 19.69
29.84 19.74
29.84 19.65
29.84 19.63
30.98 19.75
29.84 19.74
29.84 19.69
29.84 19.73
29.84 19.62
29.84 19.64
29.84 19.65
29.84 19.69
29.84 19.72
29.84 19.7
29.84 19.76
29.84 19.66
29.84 19.72
30.98 19.67
29.84 19.61
29.84 19.68
30.98 19.65
29.84 19.67
29.84 19.68
29.84 19.67
29.84 19.77
29.84 19.69
29.84 19.64
29.84 19.65
29.84 19.67
29.84 19.75
29.84 19.59
29.84 19.74
29.84 19.69
30.98 19.67
29.84 19.67
29.84 19.71
29.84 19.65
29.84 19.63
29.84 19.63
30.98 19.67
30.98 19.66
30.98 19.7
29.84 19.67
29.84 19.66
29.84 19.69
29.84 19.71
29.84 19.7
29.84 19.63
30.98 19.67
29.84 19.61
29.84 19.65
29.84 19.62
29.84 19.6
29.84 19.74
30.98 19.65
29.84 19.68
30.98 19.72
29.84 19.71
29.84 19.77
29.84 19.65
29.84 19.65
29.84 19.65
29.84 19.72
30.98 19.69
29.84 19.74
29.84 19.65
30.98 19.64
29.84 19.64
30.98 19.73
29.84 19.63
29.84 19.62
29.84 19.72
29.84 19.75
30.98 19.73
29.84 19.66
29.84 19.64
30.98 19.67
29.84 19.69
29.84 19.67
29.84 19.67
29.84 19.74
30.98 19.66
29.84 19.61
29.84 19.62
29.84 19.69
29.84 19.6
29.84 19.82
29.84 19.67
29.84 19.77
30.98 19.67
29.84 19.77
29.84 19.62
30.98 19.69
29.84 19.68
29.84 19.71
29.84 19.65
30.98 19.7
29.84 19.63
29.84 19.68
29.84 19.53
30.98 19.79
29.84 19.69
29.84 19.77
29.84 19.7
29.84 19.71
30.98 19.63
30.98 19.7
29.84 19.8
29.84 19.7
29.84 19.61
30.98 19.65
29.84 19.57
29.84 19.61
30.98 19.67
29.84 19.62
29.84 19.67
29.84 19.6
29.84 19.69
30.98 19.68
29.84 19.56
30.98 19.63
29.84 19.79
29.84 19.67
29.84 19.61
30.98 19.65
30.98 19.59
29.84 19.62
29.84 19.74
29.84 19.69
29.84 19.6
29.84 19.62
29.84 19.67
29.84 19.55
30.98 19.65
29.84 19.66
30.98 19.6
29.84 19.7
29.84 19.64
