24.14 21.84
25.28 21.88
24.14 21.74
25.28 21.73
25.28 21.76
25.28 21.69
25.28 21.71
25.28 21.61
26.42 21.66
25.28 21.63
26.42 21.57
26.42 21.64
25.28 21.6
25.28 21.57
26.42 21.69
25.28 21.48
26.42 21.55
26.42 21.52
25.28 21.51
26.42 21.53
25.28 20.47
27.56 21.43
27.56 21.58
27.56 21.45
27.56 21.4
27.56 21.54
27.56 21.43
27.56 21.32
27.56 21.34
27.56 21.47
27.56 21.36
27.56 21.36
27.56 21.39
27.56 21.31
27.56 21.36
27.56 21.39
27.56 21.38
27.56 21.3
27.56 21.3
28.7 21.35
27.56 21.32
26.42 21.32
27.56 21.26
27.56 21.25
27.56 21.42
27.56 21.23
27.56 21.32
27.56 21.35
27.56 21.25
27.56 21.33
27.56 21.31
27.56 21.4
27.56 21.28
27.56 21.24
27.56 21.29
27.56 21.23
28.7 21.19
27.56 21.19
28.7 21.19
28.7 21.19
27.56 21.19
27.56 20.17
27.56 21.17
27.56 21.2
27.56 21.21
27.56 21.13
27.56 21.22
27.56 21.2
29.84 21.18
28.7 21.17
28.7 21.2
28.7 21.16
27.56 21.21
28.7 21.13
28.7 21.15
28.7 21.1
27.56 21.15
28.7 21.09
28.7 21.09
28.7 21.14
29.84 21.09
28.7 21.04
28.7 21.06
28.7 21.15
28.7 21.15
28.7 21.1
28.7 21.11
27.56 21.13
27.56 21.11
28.7 21.06
28.7 20.06
28.7 21.07
28.7 20.96
28.7 21.08
29.84 21.04
27.56 21.08
28.7 20.94
27.56 21.06
28.7 20.93
28.7 21.08
28.7 20.96
28.7 21.05
29.84 21.08
29.84 21.05
29.84 20.93
29.84 21.02
29.84 20.99
29.84 21.02
27.56 20.92
27.56 20.95
27.56 20.93
29.84 21.0
29.84 20.88
29.84 20.98
29.84 20.95
28.7 20.95
28.7 20.93
29.84 21.0
29.84 20.89
28.7 20.96
28.7 20.9
29.84 20.93
29.84 20.98
29.84 20.87
29.84 20.91
29.84 20.87
29.84 20.9
29.84 20.91
29.84 20.99
29.84 20.85
29.84 20.86
28.7 20.85
29.84 20.9
29.84 20.95
29.84 20.83
29.84 20.87
29.84 20.89
29.84 20.84
29.84 20.83
29.84 20.94
29.84 20.82
29.84 20.86
30.98 20.83
29.84 20.77
29.84 20.85
29.84 20.72
29.84 20.85
29.84 20.79
29.84 20.75
30.98 20.74
29.84 20.89
29.84 20.89
29.84 20.84
30.98 20.79
29.84 20.8
29.84 20.78
29.84 20.78
29.84 20.75
29.84 20.79
29.84 20.83
29.84 20.84
30.98 20.75
29.84 20.7
29.84 20.74
29.84 20.79
29.84 20.78
30.98 20.72
29.84 20.77
30.98 20.8
30.98 20.74
30.98 20.73
30.98 20.76
29.84 20.7
29.84 20.76
29.84 20.69
30.98 20.72
29.84 20.71
29.84 19.68
29.84 20.68
30.98 20.72
30.98 20.63
29.84 20.72
30.98 20.66
30.98 20.68
29.84 20.72
30.98 20.69
30.98 20.71
30.98 20.7
30.98 20.68
30.98 20.7
30.98 20.65
29.84 20.68
29.84 20.61
30.98 20.68
29.84 20.58
30.98 20.63
30.98 20.63
29.84 20.65
30.98 20.66
30.98 20.69
30.98 20.6
30.98 20.62
30.98 20.58
32.12 20.55
30.98 20.65
30.98 20.63
29.84 20.62
29.84 20.58
32.12 20.64
32.12 20.54
30.98 20.59
30.98 20.61
30.98 20.56
30.98 20.61
30.98 20.57
30.98 20.6
29.84 20.68
32.12 20.59
30.98 20.56
30.98 20.52
32.12 20.64
30.98 20.61
30.98 20.59
30.98 20.49
32.12 20.53
29.84 20.54
29.84 20.51
29.84 20.5
30.98 20.47
32.12 20.51
30.98 20.42
32.12 20.44
30.98 20.49
32.12 20.51
32.12 20.46
32.12 20.55
30.98 20.5
30.98 20.49
32.12 20.53
30.98 20.53
30.98 20.47
30.98 20.44
32.12 20.52
32.12 20.49
30.98 20.5
32.12 20.47
32.12 20.47
32.12 20.44
30.98 20.42
32.12 20.43
29.84 20.46
32.12 20.54
30.98 20.48
32.12 20.46
32.12 20.49
32.12 20.49
32.12 20.44
32.12 20.51
30.98 20.47
30.98 20.37
32.12 20.47
32.12 20.34
32.12 20.4
32.12 20.47
32.12 20.4
32.12 20.42
32.12 20.41
32.12 20.41
33.26 20.38
32.12 20.46
32.12 20.4
32.12 20.36
32.12 20.39
32.12 20.33
32.12 20.41
32.12 20.3
32.12 20.42
32.12 20.37
32.12 20.38
32.12 20.36
32.12 20.39
32.12 20.32
33.26 19.34
32.12 20.35
33.26 20.37
32.12 20.39
32.12 20.3
32.12 20.33
32.12 20.4
32.12 20.36
33.26 20.34
33.26 20.33
32.12 20.32
32.12 20.35
32.12 20.39
32.12 20.27
33.26 20.23
33.26 20.42
32.12 20.34
32.12 20.27
32.12 20.29
32.12 20.34
33.26 20.31
32.12 20.28
32.12 20.23
32.12 20.34
32.12 20.34
32.12 20.29
32.12 20.37
32.12 20.26
32.12 20.32
33.26 20.28
32.12 20.23
33.26 20.3
32.12 20.26
33.26 20.36
32.12 20.24
33.26 20.27
32.12 20.27
33.26 20.23
32.12 20.19
32.12 20.22
32.12 20.25
33.26 20.34
32.12 20.3
33.26 20.16
32.12 20.15
32.12 20.25
32.12 20.2
33.26 20.17
33.26 20.28
32.12 20.2
33.26 20.19
33.26 20.18
33.26 20.25
33.26 20.21
33.26 20.19
33.26 20.3
33.26 20.19
32.12 20.13
33.26 20.15
33.26 20.19
33.26 20.16
32.12 20.19
33.26 20.15
33.26 20.23
