49.22 175500.0
49.22 175520.0
49.22 175540.0
49.22 175560.0
49.22 175580.0
49.22 175600.0
49.22 175620.0
49.22 175640.0
49.22 175660.0
49.22 175680.0
49.22 175700.0
49.22 175720.0
49.22 175740.0
49.22 175760.0
49.22 175780.0
49.22 175800.0
48.08 175820.0
49.22 175840.0
49.22 175860.0
49.22 175880.0
49.22 175900.0
49.22 175920.0
49.22 175940.0
49.22 175960.0
49.22 175980.0
49.22 176000.0
49.22 176020.0
49.22 176040.0
49.22 176060.0
49.22 176080.0
49.22 176100.0
49.22 176120.0
49.22 176140.0
49.22 176160.0
49.22 176180.0
49.22 176200.0
49.22 176220.0
49.22 176240.0
49.22 176260.0
49.22 176280.0
49.22 176300.0
49.22 176320.0
49.22 176340.0
49.22 176360.0
49.22 176380.0
49.22 176400.0
49.22 176420.0
49.22 176440.0
49.22 176460.0
49.22 176480.0
49.22 176500.0
49.22 176520.0
49.22 176540.0
49.22 176560.0
49.22 176580.0
49.22 176600.0
49.22 176620.0
49.22 176640.0
49.22 176660.0
49.22 176680.0
49.22 176700.0
49.22 176720.0
49.22 176740.0
49.22 176760.0
49.22 176780.0
49.22 176800.0
49.22 176820.0
49.22 176840.0
49.22 176860.0
49.22 176880.0
49.22 176900.0
49.22 176920.0
49.22 176940.0
49.22 176960.0
49.22 176980.0
49.22 177000.0
49.22 177020.0
49.22 177040.0
49.22 177060.0
49.22 177080.0
49.22 177100.0
49.22 177120.0
49.22 177140.0
49.22 177160.0
49.22 177180.0
50.36 177200.0
49.22 177220.0
49.22 177240.0
49.22 177260.0
49.22 177280.0
49.22 177300.0
49.22 177320.0
49.22 177340.0
49.22 177360.0
49.22 177380.0
49.22 177400.0
49.22 177420.0
49.22 177440.0
49.22 177460.0
49.22 177480.0
49.22 177500.0
49.22 177520.0
49.22 177540.0
49.22 177560.0
49.22 177580.0
49.22 177600.0
50.36 177620.0
49.22 177640.0
49.22 177660.0
49.22 177680.0
49.22 177700.0
49.22 177720.0
49.22 177740.0
49.22 177760.0
49.22 177780.0
49.22 177800.0
49.22 177820.0
49.22 177840.0
49.22 177860.0
49.22 177880.0
49.22 177900.0
49.22 177920.0
49.22 177940.0
49.22 177960.0
49.22 177980.0
50.36 178000.0
49.22 178020.0
49.22 178040.0
49.22 178060.0
49.22 178080.0
49.22 178100.0
49.22 178120.0
49.22 178140.0
50.36 178160.0
50.36 178180.0
49.22 178200.0
49.22 178220.0
49.22 178240.0
49.22 178260.0
49.22 178280.0
49.22 178300.0
49.22 178320.0
49.22 178340.0
49.22 178360.0
49.22 178380.0
49.22 178400.0
49.22 178420.0
49.22 178440.0
49.22 178460.0
49.22 178480.0
49.22 178500.0
49.22 178520.0
49.22 178540.0
49.22 178560.0
49.22 178580.0
49.22 178600.0
49.22 178620.0
49.22 178640.0
49.22 178660.0
49.22 178680.0
49.22 178700.0
49.22 178720.0
49.22 178740.0
49.22 178760.0
50.36 178780.0
49.22 178800.0
49.22 178820.0
49.22 178840.0
49.22 178860.0
49.22 178880.0
49.22 178900.0
49.22 178920.0
50.36 178940.0
49.22 178960.0
49.22 178980.0
49.22 179000.0
49.22 179020.0
49.22 179040.0
49.22 179060.0
49.22 179080.0
49.22 179100.0
49.22 179120.0
48.08 179140.0
49.22 179160.0
49.22 179180.0
49.22 179200.0
49.22 179220.0
49.22 179240.0
49.22 179260.0
49.22 179280.0
49.22 179300.0
49.22 179320.0
49.22 179340.0
49.22 179360.0
49.22 179380.0
49.22 179400.0
49.22 179420.0
49.22 179440.0
49.22 179460.0
49.22 179480.0
49.22 179500.0
49.22 179520.0
49.22 179540.0
49.22 179560.0
49.22 179580.0
49.22 179600.0
49.22 179620.0
49.22 179640.0
49.22 179660.0
49.22 179680.0
50.36 179700.0
49.22 179720.0
49.22 179740.0
49.22 179760.0
49.22 179780.0
49.22 179800.0
49.22 179820.0
49.22 179840.0
49.22 179860.0
49.22 179880.0
49.22 179900.0
49.22 179920.0
49.22 179940.0
49.22 179960.0
49.22 179980.0
49.22 180000.0
49.22 180020.0
49.22 180040.0
49.22 180060.0
49.22 180080.0
49.22 180100.0
49.22 180120.0
49.22 180140.0
49.22 180160.0
49.22 180180.0
49.22 180200.0
49.22 180220.0
49.22 180240.0
50.36 180260.0
49.22 180280.0
49.22 180300.0
49.22 180320.0
50.36 180340.0
49.22 180360.0
49.22 180380.0
49.22 180400.0
49.22 180420.0
49.22 180440.0
49.22 180460.0
49.22 180480.0
49.22 180500.0
49.22 180520.0
49.22 180540.0
49.22 180560.0
49.22 180580.0
50.36 180600.0
50.36 180620.0
49.22 180640.0
49.22 180660.0
49.22 180680.0
50.36 180700.0
49.22 180720.0
49.22 180740.0
49.22 180760.0
49.22 180780.0
49.22 180800.0
49.22 180820.0
49.22 180840.0
49.22 180860.0
50.36 180880.0
50.36 180900.0
49.22 180920.0
49.22 180940.0
49.22 180960.0
49.22 180980.0
49.22 181000.0
49.22 181020.0
49.22 181040.0
49.22 181060.0
49.22 181080.0
49.22 181100.0
49.22 181120.0
49.22 181140.0
49.22 181160.0
49.22 181180.0
49.22 181200.0
49.22 181220.0
49.22 181240.0
49.22 181260.0
49.22 181280.0
49.22 181300.0
49.22 181320.0
49.22 181340.0
49.22 181360.0
49.22 181380.0
49.22 181400.0
49.22 181420.0
49.22 181440.0
49.22 181460.0
49.22 181480.0
49.22 181500.0
50.36 181520.0
49.22 181540.0
50.36 181560.0
50.36 181580.0
49.22 181600.0
49.22 181620.0
49.22 181640.0
50.36 181660.0
50.36 181680.0
49.22 181700.0
49.22 181720.0
49.22 181740.0
49.22 181760.0
49.22 181780.0
49.22 181800.0
49.22 181820.0
49.22 181840.0
49.22 181860.0
49.22 181880.0
49.22 181900.0
50.36 181920.0
49.22 181940.0
49.22 181960.0
49.22 181980.0
49.22 182000.0
49.22 182020.0
50.36 182040.0
49.22 182060.0
49.22 182080.0
49.22 182100.0
49.22 182120.0
49.22 182140.0
49.22 182160.0
49.22 182180.0
50.36 182200.0
49.22 182220.0
49.22 182240.0
49.22 182260.0
49.22 182280.0
49.22 182300.0
49.22 182320.0
49.22 182340.0
49.22 182360.0
50.36 182380.0
49.22 182400.0
49.22 182420.0
49.22 182440.0
49.22 182460.0
49.22 182480.0
49.22 182500.0
49.22 182520.0
49.22 182540.0
49.22 182560.0
49.22 182580.0
49.22 182600.0
49.22 182620.0
49.22 182640.0
49.22 182660.0
49.22 182680.0
49.22 182700.0
49.22 182720.0
49.22 182740.0
49.22 182760.0
50.36 182780.0
49.22 182800.0
49.22 182820.0
49.22 182840.0
49.22 182860.0
49.22 182880.0
49.22 182900.0
49.22 182920.0
50.36 182940.0
49.22 182960.0
49.22 182980.0
49.22 183000.0
49.22 183020.0
49.22 183040.0
49.22 183060.0
49.22 183080.0
49.22 183100.0
49.22 183120.0
49.22 183140.0
49.22 183160.0
49.22 183180.0
49.22 183200.0
49.22 183220.0
49.22 183240.0
49.22 183260.0
49.22 183280.0
49.22 183300.0
49.22 183320.0
49.22 183340.0
49.22 183360.0
49.22 183380.0
49.22 183400.0
49.22 183420.0
49.22 183440.0
49.22 183460.0
49.22 183480.0
50.36 183500.0
49.22 183520.0
49.22 183540.0
50.36 183560.0
49.22 183580.0
49.22 183600.0
49.22 183620.0
49.22 183640.0
49.22 183660.0
49.22 183680.0
50.36 183700.0
49.22 183720.0
49.22 183740.0
50.36 183760.0
50.36 183780.0
49.22 183800.0
49.22 183820.0
49.22 183840.0
49.22 183860.0
49.22 183880.0
49.22 183900.0
49.22 183920.0
49.22 183940.0
49.22 183960.0
49.22 183980.0
49.22 184000.0
49.22 184020.0
49.22 184040.0
49.22 184060.0
50.36 184080.0
49.22 184100.0
49.22 184120.0
50.36 184140.0
49.22 184160.0
49.22 184180.0
49.22 184200.0
49.22 184220.0
49.22 184240.0
49.22 184260.0
49.22 184280.0
49.22 184300.0
49.22 184320.0
49.22 184340.0
49.22 184360.0
49.22 184380.0
49.22 184400.0
49.22 184420.0
49.22 184440.0
49.22 184460.0
49.22 184480.0
49.22 184500.0
49.22 184520.0
49.22 184540.0
49.22 184560.0
49.22 184580.0
49.22 184600.0
49.22 184620.0
50.36 184640.0
49.22 184660.0
49.22 184680.0
49.22 184700.0
49.22 184720.0
49.22 184740.0
49.22 184760.0
50.36 184780.0
49.22 184800.0
49.22 184820.0
49.22 184840.0
50.36 184860.0
49.22 184880.0
49.22 184900.0
49.22 184920.0
49.22 184940.0
49.22 184960.0
49.22 184980.0
49.22 185000.0
49.22 185020.0
49.22 185040.0
49.22 185060.0
49.22 185080.0
49.22 185100.0
49.22 185120.0
49.22 185140.0
50.36 185160.0
49.22 185180.0
49.22 185200.0
49.22 185220.0
49.22 185240.0
49.22 185260.0
49.22 185280.0
49.22 185300.0
49.22 185320.0
49.22 185340.0
49.22 185360.0
49.22 185380.0
49.22 185400.0
49.22 185420.0
49.22 185440.0
49.22 185460.0
49.22 185480.0
49.22 185500.0
49.22 185520.0
49.22 185540.0
49.22 185560.0
50.36 185580.0
49.22 185600.0
49.22 185620.0
50.36 185640.0
49.22 185660.0
49.22 185680.0
49.22 185700.0
49.22 185720.0
49.22 185740.0
49.22 185760.0
49.22 185780.0
49.22 185800.0
50.36 185820.0
50.36 185840.0
49.22 185860.0
49.22 185880.0
49.22 185900.0
49.22 185920.0
49.22 185940.0
49.22 185960.0
49.22 185980.0
49.22 186000.0
50.36 186020.0
49.22 186040.0
49.22 186060.0
49.22 186080.0
49.22 186100.0
49.22 186120.0
49.22 186140.0
49.22 186160.0
49.22 186180.0
49.22 186200.0
50.36 186220.0
49.22 186240.0
49.22 186260.0
49.22 186280.0
49.22 186300.0
49.22 186320.0
50.36 186340.0
49.22 186360.0
49.22 186380.0
50.36 186400.0
49.22 186420.0
49.22 186440.0
49.22 186460.0
49.22 186480.0
49.22 186500.0
49.22 186520.0
49.22 186540.0
50.36 186560.0
48.08 186580.0
50.36 186600.0
49.22 186620.0
49.22 186640.0
50.36 186660.0
49.22 186680.0
49.22 186700.0
49.22 186720.0
49.22 186740.0
49.22 186760.0
49.22 186780.0
49.22 186800.0
50.36 186820.0
49.22 186840.0
49.22 186860.0
50.36 186880.0
49.22 186900.0
49.22 186920.0
49.22 186940.0
49.22 186960.0
49.22 186980.0
49.22 187000.0
49.22 187020.0
50.36 187040.0
49.22 187060.0
49.22 187080.0
49.22 187100.0
50.36 187120.0
50.36 187140.0
49.22 187160.0
49.22 187180.0
49.22 187200.0
50.36 187220.0
49.22 187240.0
49.22 187260.0
49.22 187280.0
49.22 187300.0
49.22 187320.0
50.36 187340.0
49.22 187360.0
49.22 187380.0
50.36 187400.0
49.22 187420.0
49.22 187440.0
50.36 187460.0
49.22 187480.0
49.22 187500.0
50.36 187520.0
50.36 187540.0
49.22 187560.0
49.22 187580.0
49.22 187600.0
49.22 187620.0
49.22 187640.0
49.22 187660.0
49.22 187680.0
50.36 187700.0
49.22 187720.0
49.22 187740.0
49.22 187760.0
49.22 187780.0
49.22 187800.0
49.22 187820.0
49.22 187840.0
49.22 187860.0
49.22 187880.0
49.22 187900.0
49.22 187920.0
49.22 187940.0
49.22 187960.0
49.22 187980.0
49.22 188000.0
49.22 188020.0
49.22 188040.0
49.22 188060.0
50.36 188080.0
49.22 188100.0
49.22 188120.0
49.22 188140.0
50.36 188160.0
49.22 188180.0
49.22 188200.0
49.22 188220.0
49.22 188240.0
49.22 188260.0
49.22 188280.0
49.22 188300.0
49.22 188320.0
49.22 188340.0
49.22 188360.0
50.36 188380.0
49.22 188400.0
49.22 188420.0
49.22 188440.0
49.22 188460.0
49.22 188480.0
49.22 188500.0
49.22 188520.0
50.36 188540.0
49.22 188560.0
49.22 188580.0
49.22 188600.0
49.22 188620.0
49.22 188640.0
49.22 188660.0
48.08 188680.0
49.22 188700.0
49.22 188720.0
49.22 188740.0
49.22 188760.0
49.22 188780.0
49.22 188800.0
49.22 188820.0
49.22 188840.0
49.22 188860.0
49.22 188880.0
49.22 188900.0
49.22 188920.0
49.22 188940.0
49.22 188960.0
49.22 188980.0
49.22 189000.0
49.22 189020.0
49.22 189040.0
49.22 189060.0
50.36 189080.0
49.22 189100.0
50.36 189120.0
49.22 189140.0
49.22 189160.0
49.22 189180.0
49.22 189200.0
49.22 189220.0
49.22 189240.0
49.22 189260.0
50.36 189280.0
49.22 189300.0
50.36 189320.0
49.22 189340.0
49.22 189360.0
49.22 189380.0
50.36 189400.0
49.22 189420.0
49.22 189440.0
50.36 189460.0
49.22 189480.0
50.36 189500.0
49.22 189520.0
49.22 189540.0
49.22 189560.0
49.22 189580.0
49.22 189600.0
49.22 189620.0
49.22 189640.0
49.22 189660.0
49.22 189680.0
49.22 189700.0
49.22 189720.0
50.36 189740.0
49.22 189760.0
50.36 189780.0
49.22 189800.0
49.22 189820.0
49.22 189840.0
49.22 189860.0
49.22 189880.0
49.22 189900.0
49.22 189920.0
49.22 189940.0
49.22 189960.0
49.22 189980.0
49.22 190000.0
49.22 190020.0
49.22 190040.0
49.22 190060.0
49.22 190080.0
49.22 190100.0
49.22 190120.0
49.22 190140.0
49.22 190160.0
49.22 190180.0
49.22 190200.0
49.22 190220.0
49.22 190240.0
49.22 190260.0
49.22 190280.0
50.36 190300.0
49.22 190320.0
49.22 190340.0
50.36 190360.0
49.22 190380.0
49.22 190400.0
49.22 190420.0
50.36 190440.0
49.22 190460.0
49.22 190480.0
50.36 190500.0
49.22 190520.0
49.22 190540.0
49.22 190560.0
49.22 190580.0
49.22 190600.0
49.22 190620.0
49.22 190640.0
50.36 190660.0
49.22 190680.0
49.22 190700.0
49.22 190720.0
50.36 190740.0
49.22 190760.0
50.36 190780.0
49.22 190800.0
49.22 190820.0
49.22 190840.0
49.22 190860.0
49.22 190880.0
49.22 190900.0
50.36 190920.0
49.22 190940.0
49.22 190960.0
49.22 190980.0
49.22 191000.0
49.22 191020.0
49.22 191040.0
50.36 191060.0
49.22 191080.0
49.22 191100.0
49.22 191120.0
49.22 191140.0
50.36 191160.0
49.22 191180.0
49.22 191200.0
49.22 191220.0
49.22 191240.0
49.22 191260.0
49.22 191280.0
50.36 191300.0
49.22 191320.0
49.22 191340.0
49.22 191360.0
50.36 191380.0
49.22 191400.0
49.22 191420.0
49.22 191440.0
49.22 191460.0
49.22 191480.0
49.22 191500.0
49.22 191520.0
49.22 191540.0
49.22 191560.0
49.22 191580.0
49.22 191600.0
49.22 191620.0
49.22 191640.0
49.22 191660.0
50.36 191680.0
49.22 191700.0
50.36 191720.0
49.22 191740.0
49.22 191760.0
49.22 191780.0
49.22 191800.0
49.22 191820.0
49.22 191840.0
49.22 191860.0
49.22 191880.0
49.22 191900.0
49.22 191920.0
50.36 191940.0
50.36 191960.0
49.22 191980.0
49.22 192000.0
49.22 192020.0
49.22 192040.0
49.22 192060.0
49.22 192080.0
50.36 192100.0
50.36 192120.0
49.22 192140.0
49.22 192160.0
49.22 192180.0
49.22 192200.0
49.22 192220.0
50.36 192240.0
49.22 192260.0
49.22 192280.0
49.22 192300.0
49.22 192320.0
49.22 192340.0
49.22 192360.0
49.22 192380.0
49.22 192400.0
49.22 192420.0
49.22 192440.0
49.22 192460.0
49.22 192480.0
49.22 192500.0
49.22 192520.0
49.22 192540.0
49.22 192560.0
49.22 192580.0
49.22 192600.0
49.22 192620.0
49.22 192640.0
49.22 192660.0
49.22 192680.0
49.22 192700.0
49.22 192720.0
49.22 192740.0
49.22 192760.0
49.22 192780.0
49.22 192800.0
49.22 192820.0
49.22 192840.0
49.22 192860.0
49.22 192880.0
49.22 192900.0
50.36 192920.0
50.36 192940.0
49.22 192960.0
50.36 192980.0
49.22 193000.0
50.36 193020.0
49.22 193040.0
49.22 193060.0
49.22 193080.0
50.36 193100.0
50.36 193120.0
49.22 193140.0
49.22 193160.0
50.36 193180.0
49.22 193200.0
49.22 193220.0
49.22 193240.0
49.22 193260.0
49.22 193280.0
50.36 193300.0
49.22 193320.0
50.36 193340.0
50.36 193360.0
49.22 193380.0
49.22 193400.0
50.36 193420.0
50.36 193440.0
49.22 193460.0
49.22 193480.0
49.22 193500.0
49.22 193520.0
49.22 193540.0
50.36 193560.0
49.22 193580.0
49.22 193600.0
49.22 193620.0
50.36 193640.0
49.22 193660.0
49.22 193680.0
50.36 193700.0
50.36 193720.0
49.22 193740.0
49.22 193760.0
49.22 193780.0
49.22 193800.0
49.22 193820.0
49.22 193840.0
49.22 193860.0
50.36 193880.0
50.36 193900.0
49.22 193920.0
49.22 193940.0
49.22 193960.0
49.22 193980.0
49.22 194000.0
49.22 194020.0
49.22 194040.0
49.22 194060.0
50.36 194080.0
49.22 194100.0
49.22 194120.0
49.22 194140.0
50.36 194160.0
49.22 194180.0
50.36 194200.0
49.22 194220.0
49.22 194240.0
49.22 194260.0
49.22 194280.0
49.22 194300.0
49.22 194320.0
49.22 194340.0
49.22 194360.0
49.22 194380.0
49.22 194400.0
49.22 194420.0
50.36 194440.0
49.22 194460.0
49.22 194480.0
50.36 194500.0
49.22 194520.0
49.22 194540.0
50.36 194560.0
49.22 194580.0
50.36 194600.0
49.22 194620.0
49.22 194640.0
49.22 194660.0
49.22 194680.0
49.22 194700.0
49.22 194720.0
49.22 194740.0
49.22 194760.0
49.22 194780.0
49.22 194800.0
49.22 194820.0
49.22 194840.0
50.36 194860.0
49.22 194880.0
50.36 194900.0
49.22 194920.0
49.22 194940.0
50.36 194960.0
50.36 194980.0
49.22 195000.0
49.22 195020.0
50.36 195040.0
49.22 195060.0
49.22 195080.0
49.22 195100.0
49.22 195120.0
48.08 195140.0
50.36 195160.0
49.22 195180.0
50.36 195200.0
49.22 195220.0
49.22 195240.0
49.22 195260.0
49.22 195280.0
49.22 195300.0
50.36 195320.0
49.22 195340.0
49.22 195360.0
50.36 195380.0
50.36 195400.0
50.36 195420.0
50.36 195440.0
49.22 195460.0
49.22 195480.0
49.22 195500.0
49.22 195520.0
50.36 195540.0
50.36 195560.0
49.22 195580.0
49.22 195600.0
49.22 195620.0
49.22 195640.0
50.36 195660.0
49.22 195680.0
49.22 195700.0
49.22 195720.0
50.36 195740.0
49.22 195760.0
50.36 195780.0
49.22 195800.0
49.22 195820.0
50.36 195840.0
50.36 195860.0
49.22 195880.0
49.22 195900.0
49.22 195920.0
50.36 195940.0
50.36 195960.0
49.22 195980.0
49.22 196000.0
49.22 196020.0
50.36 196040.0
49.22 196060.0
49.22 196080.0
49.22 196100.0
49.22 196120.0
49.22 196140.0
49.22 196160.0
49.22 196180.0
49.22 196200.0
50.36 196220.0
49.22 196240.0
49.22 196260.0
49.22 196280.0
49.22 196300.0
49.22 196320.0
49.22 196340.0
49.22 196360.0
49.22 196380.0
50.36 196400.0
49.22 196420.0
50.36 196440.0
49.22 196460.0
50.36 196480.0
49.22 196500.0
49.22 196520.0
50.36 196540.0
49.22 196560.0
50.36 196580.0
50.36 196600.0
49.22 196620.0
49.22 196640.0
50.36 196660.0
49.22 196680.0
50.36 196700.0
49.22 196720.0
50.36 196740.0
49.22 196760.0
49.22 196780.0
50.36 196800.0
50.36 196820.0
49.22 196840.0
49.22 196860.0
50.36 196880.0
49.22 196900.0
50.36 196920.0
49.22 196940.0
49.22 196960.0
49.22 196980.0
50.36 197000.0
49.22 197020.0
49.22 197040.0
49.22 197060.0
50.36 197080.0
49.22 197100.0
49.22 197120.0
49.22 197140.0
49.22 197160.0
49.22 197180.0
49.22 197200.0
50.36 197220.0
50.36 197240.0
49.22 197260.0
49.22 197280.0
49.22 197300.0
50.36 197320.0
49.22 197340.0
49.22 197360.0
49.22 197380.0
49.22 197400.0
49.22 197420.0
49.22 197440.0
49.22 197460.0
49.22 197480.0
49.22 197500.0
50.36 197520.0
49.22 197540.0
49.22 197560.0
50.36 197580.0
49.22 197600.0
50.36 197620.0
50.36 197640.0
49.22 197660.0
49.22 197680.0
49.22 197700.0
49.22 197720.0
49.22 197740.0
49.22 197760.0
49.22 197780.0
49.22 197800.0
49.22 197820.0
49.22 197840.0
49.22 197860.0
50.36 197880.0
49.22 197900.0
50.36 197920.0
49.22 197940.0
49.22 197960.0
50.36 197980.0
50.36 198000.0
49.22 198020.0
49.22 198040.0
50.36 198060.0
50.36 198080.0
49.22 198100.0
49.22 198120.0
49.22 198140.0
49.22 198160.0
50.36 198180.0
49.22 198200.0
49.22 198220.0
49.22 198240.0
49.22 198260.0
49.22 198280.0
50.36 198300.0
49.22 198320.0
49.22 198340.0
49.22 198360.0
49.22 198380.0
50.36 198400.0
49.22 198420.0
49.22 198440.0
49.22 198460.0
50.36 198480.0
50.36 198500.0
49.22 198520.0
49.22 198540.0
49.22 198560.0
50.36 198580.0
49.22 198600.0
49.22 198620.0
49.22 198640.0
49.22 198660.0
49.22 198680.0
49.22 198700.0
50.36 198720.0
49.22 198740.0
49.22 198760.0
49.22 198780.0
49.22 198800.0
50.36 198820.0
50.36 198840.0
49.22 198860.0
49.22 198880.0
49.22 198900.0
49.22 198920.0
49.22 198940.0
49.22 198960.0
49.22 198980.0
49.22 199000.0
50.36 199020.0
49.22 199040.0
49.22 199060.0
49.22 199080.0
49.22 199100.0
50.36 199120.0
49.22 199140.0
49.22 199160.0
49.22 199180.0
49.22 199200.0
50.36 199220.0
49.22 199240.0
49.22 199260.0
50.36 199280.0
49.22 199300.0
49.22 199320.0
49.22 199340.0
49.22 199360.0
49.22 199380.0
50.36 199400.0
50.36 199420.0
49.22 199440.0
49.22 199460.0
49.22 199480.0
50.36 199500.0
49.22 199520.0
49.22 199540.0
50.36 199560.0
49.22 199580.0
50.36 199600.0
50.36 199620.0
49.22 199640.0
50.36 199660.0
49.22 199680.0
49.22 199700.0
49.22 199720.0
49.22 199740.0
49.22 199760.0
49.22 199780.0
49.22 199800.0
49.22 199820.0
49.22 199840.0
50.36 199860.0
50.36 199880.0
49.22 199900.0
49.22 199920.0
50.36 199940.0
49.22 199960.0
49.22 199980.0
49.22 200000.0
49.22 200020.0
49.22 200040.0
49.22 200060.0
49.22 200080.0
49.22 200100.0
49.22 200120.0
49.22 200140.0
49.22 200160.0
49.22 200180.0
50.36 200200.0
49.22 200220.0
49.22 200240.0
50.36 200260.0
49.22 200280.0
49.22 200300.0
49.22 200320.0
50.36 200340.0
49.22 200360.0
50.36 200380.0
49.22 200400.0
50.36 200420.0
49.22 200440.0
50.36 200460.0
50.36 200480.0
50.36 200500.0
50.36 200520.0
49.22 200540.0
49.22 200560.0
50.36 200580.0
49.22 200600.0
49.22 200620.0
50.36 200640.0
49.22 200660.0
49.22 200680.0
50.36 200700.0
50.36 200720.0
49.22 200740.0
50.36 200760.0
49.22 200780.0
50.36 200800.0
49.22 200820.0
50.36 200840.0
50.36 200860.0
49.22 200880.0
49.22 200900.0
49.22 200920.0
49.22 200940.0
49.22 200960.0
49.22 200980.0
50.36 201000.0
49.22 201020.0
49.22 201040.0
49.22 201060.0
50.36 201080.0
49.22 201100.0
49.22 201120.0
49.22 201140.0
50.36 201160.0
49.22 201180.0
49.22 201200.0
49.22 201220.0
49.22 201240.0
49.22 201260.0
49.22 201280.0
49.22 201300.0
49.22 201320.0
49.22 201340.0
49.22 201360.0
49.22 201380.0
50.36 201400.0
49.22 201420.0
49.22 201440.0
49.22 201460.0
49.22 201480.0
49.22 201500.0
50.36 201520.0
49.22 201540.0
49.22 201560.0
50.36 201580.0
50.36 201600.0
49.22 201620.0
49.22 201640.0
49.22 201660.0
49.22 201680.0
49.22 201700.0
49.22 201720.0
49.22 201740.0
50.36 201760.0
50.36 201780.0
49.22 201800.0
50.36 201820.0
49.22 201840.0
49.22 201860.0
49.22 201880.0
50.36 201900.0
50.36 201920.0
49.22 201940.0
50.36 201960.0
49.22 201980.0
50.36 202000.0
50.36 202020.0
50.36 202040.0
50.36 202060.0
49.22 202080.0
50.36 202100.0
50.36 202120.0
49.22 202140.0
49.22 202160.0
49.22 202180.0
50.36 202200.0
49.22 202220.0
49.22 202240.0
49.22 202260.0
49.22 202280.0
49.22 202300.0
50.36 202320.0
49.22 202340.0
49.22 202360.0
49.22 202380.0
49.22 202400.0
49.22 202420.0
49.22 202440.0
49.22 202460.0
49.22 202480.0
50.36 202500.0
49.22 202520.0
49.22 202540.0
49.22 202560.0
49.22 202580.0
49.22 202600.0
50.36 202620.0
49.22 202640.0
49.22 202660.0
49.22 202680.0
49.22 202700.0
50.36 202720.0
49.22 202740.0
49.22 202760.0
49.22 202780.0
49.22 202800.0
49.22 202820.0
49.22 202840.0
50.36 202860.0
50.36 202880.0
49.22 202900.0
50.36 202920.0
49.22 202940.0
49.22 202960.0
49.22 202980.0
49.22 203000.0
49.22 203020.0
49.22 203040.0
49.22 203060.0
49.22 203080.0
49.22 203100.0
50.36 203120.0
50.36 203140.0
49.22 203160.0
49.22 203180.0
50.36 203200.0
50.36 203220.0
50.36 203240.0
50.36 203260.0
49.22 203280.0
49.22 203300.0
50.36 203320.0
49.22 203340.0
49.22 203360.0
50.36 203380.0
50.36 203400.0
49.22 203420.0
49.22 203440.0
49.22 203460.0
49.22 203480.0
49.22 203500.0
49.22 203520.0
49.22 203540.0
49.22 203560.0
49.22 203580.0
49.22 203600.0
49.22 203620.0
50.36 203640.0
49.22 203660.0
49.22 203680.0
49.22 203700.0
49.22 203720.0
49.22 203740.0
49.22 203760.0
49.22 203780.0
50.36 203800.0
49.22 203820.0
50.36 203840.0
49.22 203860.0
50.36 203880.0
49.22 203900.0
49.22 203920.0
50.36 203940.0
49.22 203960.0
50.36 203980.0
49.22 204000.0
49.22 204020.0
49.22 204040.0
49.22 204060.0
50.36 204080.0
49.22 204100.0
