20.1244 6.577799999999995
20.864244000000014 6.597177999999997
21.05404244000001 6.548471780000001
21.420740424399984 6.555284717799999
21.823407404243977 6.528352847177996
21.94143407404242 6.490983528471779
22.022414340740387 6.468209835284714
22.13722414340738 6.501482098352848
22.41197224143406 6.489914820983521
22.57431972241432 6.465899148209831
22.974943197224142 6.428958991482091
23.332349431972247 6.3741895899148195
23.894523494319728 6.314141895899144
24.082545234943225 6.263741418958987
24.141425452349434 6.251437414189589
24.427014254523495 6.205414374141892
24.281670142545263 6.209554143741413
24.45121670142548 6.193495541437409
24.98871216701428 6.128734955414368
24.994087121670177 6.0831873495541435
25.0625408712167 6.068131873495542
25.01762540871221 6.061481318734954
25.427576254087143 6.0118148131873514
25.511475762540893 5.989618148131879
25.592114757625435 5.954196181481325
25.570121147576277 5.907741961814812
25.59270121147579 5.912077419618148
25.649927012114787 5.88362077419618
25.616299270121168 5.891936207741961
25.752762992701243 5.883719362077419
25.82252762992704 5.867837193620776
25.89162527629929 5.862478371936208
25.96071625276303 5.809124783719364
25.87020716252765 5.849191247837194
25.892102071625303 5.8333919124783735
26.20012102071628 5.772133919124782
26.07780121020719 5.777621339191248
26.110778012102106 5.757376213391915
26.464507780121057 5.753573762133924
26.41104507780124 5.736735737621342
26.433310450778052 5.727367357376217
26.50193310450782 5.7255736735737655
26.559619331045113 5.685355736735739
26.617196193310484 5.69895355736736
26.754571961933138 5.667289535573676
26.573545719619375 5.671672895355742
26.697135457196232 5.681916728953561
26.86937135457198 5.642419167289538
27.08769371354573 5.639224191672898
27.021476937135475 5.628892241916731
26.827014769371377 5.64048892241917
26.973270147693732 5.616204889224191
26.75813270147697 5.609362048892244
26.961181327014785 5.620093620488923
27.031611813270164 5.6203009362048935
26.91831611813271 5.591103009362053
27.15658316118133 5.609111030093621
27.079165831611828 5.58279111030094
27.112591658316123 5.585727911103012
27.375125916583148 5.592257279111029
27.40055125916582 5.553722572791114
27.38940551259165 5.542137225727912
27.25249405512592 5.55922137225728
27.10292494055127 5.577292213722574
27.21542924940551 5.550272922137226
27.43315429249404 5.533902729221376
27.230131542924948 5.524439027292216
27.38770131542923 5.526244390272922
27.84527701315425 5.5106624439027305
27.690252770131515 5.487706624439029
27.574702527701298 5.490077066244392
27.470947025276995 5.473800770662446
27.458509470252753 5.463738007706625
27.560985094702502 5.442737380077068
27.35680985094702 5.467427373800775
27.525768098509456 5.4384742737380085
27.493257680985074 5.426784742737381
27.549932576809823 5.431267847427377
27.767099325768054 5.411812678474276
27.82627099325764 5.417518126784747
27.94086270993254 5.35577518126785
28.078808627099296 5.36575775181268
28.148588086270955 5.3284575775181295
28.115085880862676 5.364484575775183
28.11475085880858 5.337344845757754
28.319947508588044 5.301173448457581
28.492999475085846 5.276811734484577
28.278129994750806 5.2919681173448465
28.617981299947463 5.280119681173451
28.530179812999453 5.277501196811734
28.44950179812995 5.268875011968119
28.756495017981273 5.25698875011968
28.622764950179768 5.243869887501197
28.860827649501772 5.242738698875012
28.794808276494976 5.216027386988751
28.691548082764918 5.19636027386989
28.87291548082762 5.2109636027387
28.90892915480824 5.208909636027388
28.98908929154805 5.191989096360273
28.978490892915456 5.183319890963602
28.89858490892912 5.167633198909636
28.96618584908926 5.144276331989097
28.955461858490864 5.170242763319892
28.932554618584867 5.1539024276331995
28.955125546185812 5.149639024276331
29.000951255461832 5.120096390242762
28.967209512554582 5.11040096390243
28.98967209512552 5.117104009639022
29.206496720951215 5.086371040096392
29.083264967209484 5.094863710400964
29.150432649672076 5.09194863710401
29.230904326496685 5.07291948637104
29.08350904326493 5.103929194863713
29.230235090432597 5.085839291948637
29.140502350904317 5.076158392919488
29.173805023509036 5.0807615839291955
29.29953805023508 5.052207615839293
29.277995380502343 5.045322076158393
29.31197995380501 5.0564532207615835
29.12991979953803 5.013264532207615
29.390299197995386 5.0371326453220755
29.29030299197992 5.023171326453222
29.2665030299198 5.019531713264534
29.300465030299197 5.027995317132646
29.665604650303013 4.988079953171328
29.532456046503036 5.000380799531713
29.690724560464993 4.957103807995318
29.94310724560465 4.9669710380799525
29.94563107245605 4.952569710380799
29.888656310724564 4.9295256971038075
29.70568656310725 4.9155952569710415
29.407456865631033 4.956055952569713
29.381674568656297 4.949260559525698
29.666416745686558 4.9261926055952605
29.61226416745686 4.9257619260559515
29.73712264167455 4.932057619260559
29.48757122641673 4.924320576192606
29.439475712264127 4.923543205761926
29.245194757122636 4.944135432057618
29.4256519475712 4.933341354320577
29.723856519475707 4.933033413543205
29.52163856519474 4.937330334135433
29.56521638565196 4.892973303341354
29.907652163856543 4.932029733033415
29.888276521638534 4.8865202973303346
29.580282765216374 4.877665202973305
29.34920282765215 4.900376652029736
29.905492028276527 4.9029037665203
29.54625492028276 4.889229037665203
29.599662549202776 4.882292290376652
29.691396625491993 4.876822922903766
29.338913966254914 4.893368229229037
29.346789139662537 4.8715336822922914
29.41526789139664 4.891615336822924
29.51855267891394 4.902916153368231
29.656385526789155 4.862329161533683
29.85156385526792 4.8519232916153365
29.96751563855271 4.848619232916155
30.12827515638555 4.832086192329163
30.15268275156387 4.826920861923295
30.107326827515656 4.836169208619234
30.106873268275177 4.847061692086195
30.152468732682763 4.828270616920861
30.22132468732684 4.83618270616921
30.11941324687328 4.824361827061693
30.14119413246876 4.826643618270614
30.118611941324712 4.800866436182706
30.16398611941327 4.791808664361827
30.255639861194158 4.803718086643617
30.302156398611963 4.786737180866436
30.302621563986143 4.806267371808666
30.393826215639898 4.777462673718087
30.23513826215643 4.77107462673718
30.29055138262158 4.778410746267372
30.34810551382624 4.7584841074626745
30.462681055138273 4.741184841074628
30.361226810551397 4.748711848410745
30.497012268105532 4.737287118484108
30.64657012268107 4.730572871184844
30.807665701226842 4.709905728711848
30.6610766570123 4.728099057287118
30.38601076657015 4.721580990572871
30.59986010766572 4.73031580990573
30.61339860107669 4.698603158099059
30.45393398601079 4.733186031580992
30.611939339860132 4.718131860315811
30.761719393398597 4.704581318603159
30.922817193933998 4.704545813186033
30.468428171939372 4.68224545813186
30.532284281719413 4.697222454581319
30.78372284281722 4.6669722245458125
30.88883722842819 4.695269722245458
30.798688372284296 4.672452697222456
30.763586883722866 4.652024526972225
30.831635868837246 4.671520245269722
30.72971635868839 4.667515202452696
30.557697163586905 4.695275152024527
30.806776971635898 4.660652751520245
30.638267769716375 4.6622065275152025
30.54538267769718 4.678822065275154
30.601453826776993 4.644488220652752
30.89841453826779 4.651644882206528
30.77598414538269 4.679016448822066
30.615159841453856 4.66119016448822
30.681951598414567 4.669911901644884
30.580019515984173 4.657799119016451
30.430800195159865 4.694377991190167
30.440708001951613 4.6542437799119005
30.395207080019546 4.634942437799119
30.474552070800215 4.678049424377991
30.361345520708024 4.656080494243779
30.383013455207102 4.656760804942439
30.38323013455209 4.660467608049425
30.770832301345532 4.679804676080493
30.672108323013468 4.633398046760805
30.693921083230165 4.6490339804676095
30.751139210832335 4.642290339804677
30.865711392108352 4.6357229033980465
31.060657113921092 4.61175722903398
31.119606571139226 4.629417572290339
31.256996065711405 4.593294175722904
31.22416996065712 4.603332941757231
31.315041699606578 4.56053332941757
31.361550416996074 4.569305333294177
31.441815504169966 4.57349305333294
31.4084181550417 4.583834930533332
31.294084181550435 4.559738349305335
31.23594084181552 4.584897383493054
31.075759408418154 4.574948973834929
31.222357594084187 4.57924948973835
31.155423575940873 4.557392494897383
31.530954235759406 4.538173924948976
31.477709542357587 4.52768173924949
31.602577095423566 4.563276817392495
31.62662577095422 4.545832768173924
31.47866625770954 4.55835832768174
31.568386662577094 4.529783583276817
31.706083866625757 4.551297835832768
31.47946083866626 4.535212978358328
31.705194608386645 4.513552129783584
31.88985194608384 4.5309355212978355
31.618098519460823 4.510309355212979
31.660980985194605 4.54140309355213
31.684209809851932 4.51481403093552
31.798442098098494 4.506648140309355
31.924984420980945 4.493366481403093
32.00604984420977 4.4897336648140325
31.69906049844208 4.490897336648139
31.958190604984374 4.47780897336648
32.051981906049804 4.496978089733663
32.25811981906043 4.482369780897336
31.952381198190572 4.494223697808972
31.801123811981885 4.466242236978091
31.879411238119793 4.4623624223697815
31.743394112381175 4.489123624223698
31.77623394112379 4.486391236242237
31.856362339411213 4.462163912362421
32.13076362339406 4.479721639123622
32.15630763623389 4.460397216391234
32.20216307636228 4.41540397216391
32.10002163076357 4.431854039721637
32.07620021630759 4.435818540397213
32.03036200216304 4.46335818540397
31.870303620021605 4.443833581854039
31.766103036200196 4.438538335818539
31.628261030361987 4.466985383358186
31.490082610303617 4.465269853833582
31.488700826103035 4.484952698538337
31.477287008261033 4.505449526985382
31.385972870082615 4.517554495269852
31.6700597287008 4.477675544952697
31.93510059728697 4.474076755449525
32.211351005972816 4.412440767554494
31.8721135100597 4.4338244076755435
31.80032113510058 4.448738244076755
31.74260321135099 4.456587382440766
31.71922603211349 4.473865873824406
32.15219226032108 4.463738658738244
32.00832192260318 4.43843738658738
32.052483219226 4.4444843738658735
32.2125248321922 4.412244843738657
32.362325248321866 4.408322448437385
32.295423252483154 4.387183224484372
31.98695423252479 4.37747183224484
32.07506954232521 4.413874718322447
32.07595069542322 4.3771387471832215
32.06455950695419 4.369071387471829
32.155645595069494 4.391690713874716
31.92855645595065 4.379516907138745
32.35948556455944 4.357995169071384
32.397994855645535 4.338179951690711
32.5351799485564 4.351581799516905
32.4111517994855 4.340015817995166
32.43271151799478 4.321200158179949
32.52412711517989 4.3378120015817965
32.445241271151744 4.314878120015816
32.42165241271145 4.318348781200156
32.46701652412705 4.336183487811999
32.3762701652412 4.327561834878118
32.42096270165235 4.3173756183487795
32.48980962701646 4.321773756183484
32.52469809627011 4.285417737561832
32.44524698096264 4.276854177375616
32.581252469809584 4.2862685417737545
32.57121252469804 4.315362685417735
32.67371212524694 4.302153626854175
32.74313712125243 4.271021536268539
32.538631371212475 4.247410215362682
32.593586313712066 4.240674102153626
32.55993586313705 4.263806741021535
32.78759935863136 4.265538067410212
32.69867599358625 4.2553553806741
32.65218675993582 4.241853553806738
32.6517218675993 4.241018535538063
32.62891721867594 4.229310185355378
32.59448917218671 4.2688931018535525
32.69674489172183 4.223588931018534
32.75476744891717 4.242735889310183
32.629947674489124 4.229427358893099
32.73129947674486 4.264294273588927
32.60691299476739 4.243842942735887
32.59426912994762 4.210838429427357
32.833542691299456 4.227208384294273
33.13233542691302 4.195272083842941
33.18092335426917 4.199552720838428
33.26120923354273 4.173895527208382
33.30761209233547 4.2051389552720835
33.30807612092338 4.171351389552719
33.00028076120923 4.173413513895524
32.95160280761207 4.172134135138954
32.905516028076114 4.187421341351387
32.65425516028071 4.196374213413511
32.60614255160276 4.180763742134133
32.53726142551598 4.19280763742134
32.86717261425517 4.169228076374212
32.92747172614253 4.1982922807637415
32.825474717261415 4.170582922807635
32.98405474717263 4.1726058292280745
32.58664054747166 4.16332605829228
32.81066640547467 4.18083326058292
32.69890666405471 4.216408332605827
32.84598906664053 4.162464083326057
32.608059890666375 4.165424640833258
32.628480598906634 4.162854246408332
32.902284805989055 4.164528542464083
33.04182284805988 4.193745285424639
32.92921822848058 4.149637452854246
32.88249218228481 4.16879637452854
33.25822492182287 4.146287963745284
33.23918224921826 4.118062879637453
33.09079182249221 4.149780628796376
33.51110791822498 4.148597806287963
33.36711107918231 4.142985978062878
33.479671110791884 4.1335298597806265
33.43519671110798 4.108335298597805
33.40055196711112 4.095983352985978
33.43440551967119 4.130459833529856
33.468944055196765 4.115404598335298
33.366689440552015 4.083754045983352
33.46826689440558 4.104237540459831
33.514882668944125 4.078542375404596
33.29874882668947 4.109585423754046
33.478987488266945 4.0807958542375395
33.389589874882724 4.076807958542372
33.434295898748886 4.097068079585422
33.51454295898755 4.079070680795852
33.56094542958996 4.06959070680796
33.57280945429598 4.05009590706808
33.65272809454303 4.0618009590706805
33.61932728094551 4.035418009590706
33.60759327280952 4.061654180095904
33.53907593272816 4.050316541800959
33.640990759327366 4.046203165418008
33.67620990759335 4.02846203165418
33.72216209907601 4.030584620316543
33.69982162099084 4.029405846203164
33.59699821620998 3.996994058462032
33.63016998216218 4.013969940584621
33.58490169982169 4.032939699405847
33.550249016998286 4.007129396994061
33.652502490170065 4.013771293969939
33.69912502490178 4.017937712939699
33.779391250249084 3.995479377129397
33.63199391250257 3.9925547937712946
33.83571993912509 3.9732255479377105
33.76935719939133 4.004132255479378
33.87129357199401 3.9893413225547945
33.78111293572003 3.96429341322555
33.860011129357275 3.9664429341322567
34.18000011129365 3.969864429341324
34.09200000111299 3.9467986442934127
33.86312000001121 3.9756679864429345
33.781031200000186 3.942056679864432
33.985410312000084 3.946520566798645
33.88485410312009 3.947865205667988
34.13464854103128 3.9496786520566793
34.36514648541039 3.9284967865205687
33.85445146485418 3.930284967865205
33.678344514648614 3.9407028496786536
33.642383445146564 3.9576070284967892
33.99542383445154 3.956576070284969
33.80515423834459 3.962965760702849
33.76905154238353 3.9983296576070275
33.63189051542392 3.961083296576072
33.60771890515431 3.939210832965764
33.539077189051625 3.9950921083296573
34.21099077189058 3.943250921083298
33.727509907718975 3.935832509210834
33.59727509907726 3.9488583250921074
33.70997275099085 3.97218858325092
33.75669972750998 3.967421885832511
33.77996699727518 3.969074218858325
33.85999966997285 3.9514907421885836
33.9291999966998 3.942314907421886
33.98689199996706 3.972923149074216
34.18126891999973 3.9391292314907425
34.06921268920008 3.902591292314909
34.0452921268921 3.8948259129231504
33.73725292126898 3.941248259129232
33.60877252921276 3.921912482591294
34.2002877252922 3.907419124825916
34.00100287725299 3.88427419124826
34.1928100287726 3.8476427419124817
34.00092810028777 3.854076427419125
34.249809281002946 3.857640764274192
34.09269809281011 3.8822764076427436
34.23932698092817 3.866622764076429
33.944393269809346 3.858666227640764
34.03264393269816 3.845886662276409
34.193126439327074 3.8626588666227657
34.35433126439335 3.8268265886662274
34.515543312644 3.843268265886662
34.23215543312651 3.821832682658869
34.45732155433132 3.83601832682659
34.53937321554337 3.8413601832682684
34.289393732155496 3.805213601832684
34.44649393732163 3.8257521360183273
34.49366493937328 3.836857521360185
34.4485366493938 3.8500685752136015
34.50508536649401 3.8526006857521353
34.596850853664996 3.8196260068575207
34.415368508536716 3.833596260068575
34.219753685085436 3.846135962600688
34.320397536850926 3.829661359626007
34.34420397536857 3.8410966135962616
34.33304203975374 3.8435109661359634
34.32153042039761 3.83543510966136
34.45821530420404 3.8113543510966146
34.539382153042105 3.819013543510967
34.59719382153049 3.8165901354351104
34.44957193821538 3.815065901354351
34.242895719382226 3.854450659013543
34.2294289571939 3.8446445065901362
34.13809428957202 3.8090464450659014
34.15998094289579 3.839390464450661
34.25139980942903 3.8696939046445085
34.400513998094354 3.852696939046447
34.390605139981 3.858826969390464
34.40190605139988 3.842488269693905
34.687019060514054 3.8422248826969376
34.689870190605205 3.8233222488269676
34.80389870190611 3.8000332224882696
34.725238987019125 3.7978003322248814
34.53065238987026 3.7581780033222505
34.57430652389876 3.7949817800332237
34.25554306523906 3.7871498178003318
34.571555430652445 3.732471498178003
34.506315554306596 3.770024714981781
34.64246315554313 3.7543002471498204
34.495624631555486 3.774943002471498
34.665156246315625 3.736949430024716
34.552851562463225 3.7667694943002488
34.574528515624685 3.765267694943002
34.5861452851563 3.76775267694943
34.59766145285162 3.7709775267694967
34.666176614528574 3.7924097752676973
34.55286176614536 3.7229240977526787
34.38072861766152 3.749229240977526
34.26500728617668 3.740992292409777
34.37785007286182 3.7542099229240966
34.65257850072868 3.7369420992292404
34.73512578500735 3.7314694209922936
34.64475125785013 3.7462146942099217
34.75784751257856 3.7346621469420995
34.747578475125835 3.711846621469423
34.75887578475132 3.6957184662146942
34.71338875784757 3.744457184662147
34.76993388757853 3.7194445718466205
34.702099338875854 3.712894445718467
34.72422099338882 3.702128944457186
34.86124220993394 3.712721289444572
34.83981242209939 3.7056272128944454
34.964998124221026 3.701456272128945
34.66984998124227 3.6881145627212892
34.78089849981248 3.6770811456272128
34.79340898499818 3.691670811456273
34.827734089850026 3.720416708114562
34.73687734089855 3.7069041670811473
34.713168773409045 3.708569041670811
34.78133168773414 3.7097856904167092
34.54261331687741 3.719097856904168
34.585826133168844 3.7640909785690413
34.71165826133175 3.7366409097856916
34.76991658261338 3.672266409097858
34.759099165826186 3.678722664090979
34.838790991658314 3.7084872266409135
34.96498790991663 3.7003848722664094
35.18284987909919 3.6792038487226644
35.26482849879102 3.6678920384872296
35.19724828498793 3.6566789203848744
35.09397248284992 3.6327667892038487
34.97893972482854 3.6597276678920396
34.97778939724832 3.6973972766789207
35.08037789397251 3.6691739727667896
35.49180377893972 3.6679917397276682
35.18811803778943 3.6579799173972765
34.97988118037794 3.662979799173973
35.01199881180382 3.6473297979917403
34.989519988118076 3.665773297979917
34.96649519988123 3.6598577329797983
35.125864951998835 3.6733985773297992
35.047658649520024 3.6206339857732983
34.93287658649525 3.634906339857734
34.943128765865 3.6530490633985777
34.8292312876587 3.624630490633985
34.86229231287664 3.619446304906341
34.81702292312882 3.6189944630490634
34.75957022923134 3.671389944630491
34.86159570229236 1.7161999999999993
34.99941595702296 3.5792619999999986
35.03499415957027 3.68129262
35.012549941595736 3.614512926199999
34.989525499416 3.630245129262
35.12609525499419 3.6832024512926194
35.13886095254997 3.540232024512926
35.16178860952553 3.654002320245129
35.05941788609528 3.8789400232024525
35.10399417886098 3.734689400232024
34.967639941788654 3.6417468940023197
35.03467639941793 3.637017468940022
34.98974676399422 3.6488701746894012
34.87529746763998 3.681688701746893
34.99955297467643 3.6512168870174704
34.977995529746806 3.6597121688701755
34.932179955297514 3.660397121688701
35.091321799553 3.6597039712168855
34.94471321799557 3.6852970397121685
34.90904713218 3.6908529703971227
34.908690471321854 3.68110852970397
34.82888690471327 3.67641108529704
34.88508886904719 3.714264110852968
34.93125088869053 3.7065426411085296
34.90891250888696 3.7136654264110853
34.88588912508892 3.6980366542641114
35.01105889125093 3.7227803665426404
35.16051058891254 3.719527803665425
34.91120510588917 3.7410952780366555
35.10251205105892 3.730710952780367
35.02462512051063 3.7163071095278037
35.058046251205134 3.6876630710952765
35.05838046251208 3.6856766307109528
34.94438380462517 3.70005676630711
34.7836438380463 3.6986005676630715
34.941636438380506 3.701186005676631
35.02301636438385 3.7198118600567667
35.035230163643874 3.7053981186005687
34.94415230163648 3.710853981186005
35.0914415230164 3.7019085398118614
35.070114415230194 3.69071908539812
35.206701144152326 3.670607190853981
35.04846701144156 3.6806060719085396
34.92148467011446 3.6714060607190855
34.78341484670119 3.688614060607191
34.75923414846707 3.694386140606073
34.66779234148473 3.6909438614060615
34.7466779234149 3.7111094386140597
34.73606677923421 3.69881109438614
34.713160667792394 3.846388110943861
34.70153160667799 3.851563881109438
34.69001531606685 3.920115638811094
34.70130015316073 3.8799011563881116
34.69001300153167 3.865199011563882
34.55310013001538 3.975051990115639
34.67713100130021 3.8502505199011576
35.031771310013035 3.9886025051990117
34.55651771310019 3.8853860250519903
34.84816517713105 3.843753860250522
34.94228165177135 3.8462375386025047
34.96602281651775 3.8423623753860237
34.920660228165225 3.8622236237538607
34.9202066022817 3.816322236237537
35.04560206602285 3.8024632223623764
34.71625602066029 3.7766246322236223
34.735762560206666 3.9127662463222377
34.701757625602134 3.7741276624632225
34.75841757625608 3.7738412766246325
34.644984175762616 3.8748384127662465
34.67804984175768 3.841948384127662
34.59858049841764 3.7332194838412764
34.63198580498424 3.776332194838415
34.746319858049894 3.828263321948383
34.770263198580544 3.759582633219484
34.64510263198586 3.8135958263321936
34.735051026319915 3.774735958263323
34.804350510263255 3.798347359582633
34.80504350510269 3.745183473595824
34.64545043505109 3.9261518347359585
34.84905450435056 3.84246151834736
34.885290545043546 3.661724615183472
34.87425290545048 3.734917246151835
34.77154252905456 3.787149172461519
34.827515425290606 3.693471491724615
34.736875154252964 3.659534714917246
34.5535687515426 3.794295347149173
34.84813568751548 3.8766429534714915
34.759881356875205 3.7943664295347155
34.61079881356881 3.8217436642953486
34.734707988135746 3.735217436642951
34.827147079881414 3.7858521743664295
34.93067147079886 3.7609585217436643
34.851906714708036 3.7592095852174383
34.94231906714712 3.777892095852173
34.95462319067151 3.8613789209585203
34.886346231906764 3.6848137892095854
34.95406346231912 3.6454481378920973
35.05734063462322 3.738754481378921
35.09257340634627 3.6985875448137864
35.13852573406349 3.6655858754481376
34.92238525734068 3.6663558587544802
35.10262385257344 3.753063558587545
35.138626238525774 3.6647306355858755
35.08198626238529 3.6537473063558576
35.149819862623886 3.6528374730635598
35.036498198626276 3.6301283747306354
34.81876498198632 3.6839012837473053
34.896387649819914 3.649239012837473
34.931363876498246 3.6891923901283747
35.011513638765024 3.793091923901285
35.24031513638767 3.7107309192390106
35.322403151363886 3.69100730919239
35.19782403151366 3.640210073091923
34.99137824031518 3.6120021007309187
34.875313782403204 3.6390200210073083
35.090753137824066 3.709490200210074
35.01310753137829 3.644894902002101
35.11493107531382 3.6619489490200188
35.21854931075316 3.6313194894902012
35.253785493107564 3.5865131948948994
35.25413785493109 3.6688651319489503
35.459341378549304 3.68578865131949
35.404393413785506 2.6610999999999985
35.403843934137875 3.580010999999999
35.27843843934141 3.5753001100000006
35.41398438439342 3.5286530010999986
35.46093984384393 3.472886530011
35.712209398438425 3.4858288653001104
35.3271220939844 3.4594582886530008
35.23207122093987 3.5548945828865284
35.4591207122094 3.648348945828866
35.26759120712212 3.5859834894582887
35.20867591207125 3.5445598348945824
35.13968675912074 3.683645598348946
35.18459686759124 3.565136455983489
35.07104596867595 3.692251364559836
35.14971045968679 3.668622513645599
35.161897104596896 3.6617862251364564
35.29881897104598 3.5877178622513624
35.25458818971048 3.6045771786225123
35.16294588189713 3.6894457717862266
35.04802945881901 3.5820944577178606
35.02408029458823 3.6030209445771804
35.046640802945916 3.6849302094457723
35.05826640802949 3.6640493020944573
35.03558266408033 3.604440493020944
35.14935582664083 3.6654444049302084
35.15049355826645 3.5142544440493015
35.16190493558269 3.565042544440494
35.28741904935585 3.5872504254444055
35.42547419049356 3.6518725042544444
35.31285474190495 3.612318725042544
35.25472854741908 3.609623187250425
35.311147285474206 3.629296231872504
35.59671147285474 3.631992962318725
35.49696711472855 3.606519929623189
35.564369671147276 3.6021651992962336
35.234443696711494 3.6432216519929637
35.26534443696713 3.5608322165199295
35.35685344436968 3.5486083221652
35.33496853444372 3.535386083221653
35.27774968534446 3.605353860832216
35.50517749685344 3.534953538608321
35.39345177496855 3.5604495353860823
35.57473451774968 3.575104495353861
35.4967473451775 3.501351044953539
35.552967473451766 3.5829135104495355
35.34832967473452 3.6280291351044958
35.334883296747364 3.555180291351046
35.38034883296748 3.5508518029135114
35.232603488329694 3.5648085180291353
35.493326034883296 3.5387480851802917
35.53013326034884 3.5793874808518034
35.71290133260347 3.5958938748085183
35.61212901332604 3.541658938748086
35.57692129013326 3.5280165893874806
35.47396921290134 3.510780165893873
35.25633969212904 3.4953078016589383
35.482163396921294 3.5794530780165887
35.16522163396924 3.5610945307801667
35.2532522163397 3.556810945307801
35.174332522163425 3.5438681094530766
35.33314332522164 3.506038681094532
35.51713143325221 3.5643603868109452
35.31377131433254 3.460343603868109
35.36873771314334 3.565203436038682
35.51748737713143 3.511352034360387
35.5417748737713 3.4437135203436036
35.405217748737726 3.4657371352034367
35.438052177487386 3.543057371352036
35.3129805217749 3.605830573713519
35.45992980521775 3.5521583057371338
35.83759929805215 3.5207215830573717
35.63617599298052 3.6582072158305743
35.61136175992981 3.2911820721583065
35.770713617599284 3.641011820721583
35.68110713617598 3.527410118207215
35.68021107136175 3.2950741011820694
35.782802110713604 3.33905074101182
35.88642802110711 3.2200905074101183
35.56826428021108 3.4218009050740994
35.49668264280212 3.31441800905074
35.49596682642802 3.2483441800905073
35.66695966826426 3.2723834418009043
35.64586959668263 3.2768238344180083
35.702658695966804 3.28546823834418
35.71462658695967 3.2649546823834417
35.69194626586959 3.2769495468238348
35.748719462658684 3.3352694954682374
36.11408719462655 3.2596526949546836
35.87834087194624 3.351496526949548
35.62518340871946 3.276414965269496
35.95325183408716 3.4206641496526955
35.842532518340846 3.368806641496527
35.95542532518338 3.455488066414963
35.86535425325181 3.41375488066415
35.97845354253249 3.3356375488066408
36.03658453542529 3.320756375488065
36.116965845354216 3.458207563754881
36.2773696584535 3.3805820756375495
36.19917369658451 3.3403058207563743
36.23259173696581 3.446103058207563
36.061925917369635 3.4306610305820753
36.07161925917366 3.3640066103058213
36.03751619259171 3.284540066103057
35.706575161925905 3.3402454006610287
35.77166575161924 3.4860024540066092
35.53291665751618 3.5123600245400644
35.41652916657517 3.3711236002454
35.529365291665755 3.4578112360024518
35.33669365291667 3.4038781123600232
35.56276693652916 3.2902387811235996
35.59922766936529 3.4281023878112364
35.576792276693645 3.415081023878111
35.55376792276693 3.24285081023878
35.67893767922766 3.3952285081023894
35.60038937679228 3.3724522850810232
35.66800389376792 3.5584245228508093
35.554680038937676 3.4774842452285073
35.67894680038936 3.514274842452285
35.71438946800388 3.495042748424522
35.78314389468002 3.365950427484245
35.72683143894678 3.429959504274842
35.57806831438947 3.420999595042748
35.66778068314389 3.5445099959504285
35.531877806831446 3.4536450999595054
35.54191877806831 3.414336450999595
35.53061918778069 3.3576433645099946
35.5761061918778 3.4396764336451
35.61076106191877 3.5868967643364496
35.66810761061918 3.6193689676433634
35.73708107610617 3.512993689676435
35.45277081076105 3.408729936896764
35.529727708107615 3.356387299368969
35.46209727708109 3.4386638729936885
35.46142097277082 3.4730866387299373
35.5412142097277 3.407730866387299
35.67881214209726 3.285877308663874
35.82838812142095 3.4974587730866373
35.7386838812142 3.367874587730866
35.62378683881214 3.4748787458773105
35.691037868388115 3.3479487874587748
35.71451037868387 3.4271794878745876
35.73754510378683 3.4103717948787446
35.79477545103785 3.368603717948787
35.84094775451036 3.391986037179487
35.88700947754508 3.4132198603717945
35.94447009477542 3.309732198603718
36.02484470094774 3.405297321986036
36.19664844700942 3.4208529732198594
35.81076648447008 3.332008529732199
35.98930766484468 3.3649200852973227
35.99109307664841 3.2683492008529735
36.01391093076645 3.2777834920085303
36.03693910930763 3.377377834920086
36.07136939109305 3.3447737783491998
35.8665136939109 3.4485477377834917
36.00126513693908 3.4169854773778354
36.01401265136937 3.3480698547737773
35.91154012651366 3.3602806985477374
35.94471540126511 3.280202806985476
35.96784715401262 3.3461020280698546
36.116278471540085 3.455361020280699
35.901162784715375 3.367553610202807
35.88761162784713 3.3329755361020297
35.88747611627844 3.321029755361019
35.967274761162756 3.3789102975536105
36.1504727476116 3.4437891029755368
35.8559047274761 3.3391378910297544
36.17215904727472 3.2812913789102978
36.141121590472714 3.343712913789103
35.90141121590471 3.279037129137889
36.03581411215902 3.3345903712913794
36.11695814112158 3.293345903712913
35.8669695814112 3.395833459037129
36.103869695814076 3.29355833459037
36.0834386969581 3.2289355833459026
36.094634386969545 3.318789355833459
36.17454634386966 3.1685878935583345
36.12974546343866 3.3208858789355817
36.01529745463436 3.3285088587893568
35.84315297454632 3.2900850885878934
35.79583152974544 3.381200850885877
35.59015831529745 3.350712008508859
35.64510158315297 3.3159071200850874
35.85085101583151 3.1945590712008523
35.7617085101583 3.301145590712007
35.94321708510155 3.3445114559071207
36.15023217085097 3.348845114559071
36.26630232170847 3.3762884511455917
35.93686302321708 3.204862884511456
35.86516863023215 3.3176486288451144
35.88725168630229 3.3117764862884513
35.88747251686299 3.187817764862883
36.0356747251686 3.2166781776486273
36.196756747251655 3.2448667817764876
36.16416756747248 3.4080486678177637
36.07264167567469 3.3378804866781775
36.140126416756715 3.211678804866782
36.33460126416754 3.183516788048668
36.53034601264164 3.277835167880485
36.19030346012639 3.276278351678805
36.414903034601224 3.255962783516789
36.189149030345966 3.3766596278351684
36.11849149030344 3.3112665962783514
36.243184914903 3.2806126659627846
36.22163184914899 3.5100061266596265
36.30121631849145 3.4554000612665954
36.484412163184864 0.6689999999999999
36.52044412163181 3.2949899999999985
36.680404441216254 3.3269499000000007
36.49960404441213 3.325469499000001
36.383796040444075 3.244154694990001
36.58783796040438 3.327941546949899
36.62407837960401 3.276979415469499
36.350840783795995 3.242169794154695
36.154308407837924 3.3127216979415475
36.19794308407835 3.2236272169794127
36.17557943084075 3.3252362721697937
36.19815579430837 3.214152362721699
36.209781557943046 3.173441523627217
36.32389781557938 3.3326344152362726
36.25663897815576 3.3183263441523634
36.09636638978152 3.349783263441522
36.40256366389778 3.220797832634414
36.519625636638914 3.3019079783263443
36.57779625636635 3.3035190797832628
36.06537796256363 3.161235190797831
36.584653779625576 3.2545123519079793
36.8064465377962 3.234145123519079
36.842864465377914 3.283241451235191
36.42142864465373 3.3692324145123522
36.64521428644648 3.3271923241451224
36.693052142864424 3.3254719232414516
36.6821305214286 3.2790547192324144
36.67062130521424 3.345490547192324
36.47670621305208 3.238754905471924
36.55456706213046 3.2755875490547184
36.62374567062125 3.2254558754905456
36.57883745670616 3.253754558754906
36.680988374567015 3.3167375455875487
36.590809883745635 3.2748673754558757
36.77230809883741 3.3284486737545587
36.967923080988314 3.296684486737547
36.798879230809824 3.183466844867375
36.81998879230804 3.3424346684486737
36.74039988792303 3.280924346684486
36.45460399887921 3.2384092434668457
36.67974603998873 3.3312840924346676
36.68199746039984 3.2367128409243446
36.77321997460395 3.246967128409244
36.717132199746004 3.18776967128409
36.8989713219974 3.3583776967128403
37.02618971321992 3.3056837769671277
36.79946189713215 3.2209568377696707
36.99099461897126 3.2497095683776944
36.79910994618965 3.2982970956837763
36.80859109946184 3.3707829709568373
36.87708591099456 3.288707829709568
36.854970859109876 3.384987078297095
36.76354970859104 3.4444498707829716
36.86523549708585 3.3274444987078295
