20.093 -7.054899999999998
20.715730000000008 -7.214149
21.006957300000007 -7.228341490000003
21.203669573 -7.264883414900002
21.422236695729993 -7.261548834149002
21.584022366957292 -7.255015488341494
22.075840223669548 -7.299650154883417
22.342958402236672 -7.371496501548834
22.733229584022357 -7.423214965015494
23.056332295840225 -7.446232149650158
23.492763322958403 -7.482662321496507
23.394527633229586 -7.528326623214967
23.644345276332306 -7.531283266232152
23.795043452763334 -7.5626128326623245
23.614150434527637 -7.584626128326624
23.692141504345283 -7.58844626128327
24.000721415043472 -7.62618446261284
24.18620721415045 -7.608361844626131
24.381862072141516 -7.630383618446267
24.361018620721428 -7.6313038361844665
24.429210186207225 -7.653913038361849
24.33869210186209 -7.656939130383623
24.45178692101864 -7.673269391303837
24.46431786921021 -7.663432693913045
24.384643178692116 -7.666134326939134
24.486446431786934 -7.707261343269398
25.04606446431788 -7.718572613432697
25.222660644643206 -7.753785726134332
25.361226606446447 -7.789037857261348
25.32841226606448 -7.788490378572618
25.293884122660643 -7.819684903785726
25.316338841226603 -7.853996849037858
25.191163388412292 -7.829239968490379
25.155711633884156 -7.833692399684902
25.360557116338853 -7.877636923996849
25.453805571163397 -7.874076369239972
25.42053805571163 -7.8067407636924
25.249205380557147 -7.902367407636927
25.4412920538056 -7.937723674076373
25.62561292053809 -7.922777236740765
25.616056129205404 -7.959427772367408
25.80976056129209 -7.988594277723671
25.777497605612954 -7.991385942777238
25.982374976056164 -7.98391385942777
26.064223749760576 -7.992539138594279
26.05364223749763 -8.001425391385947
26.076336422375004 -8.007314253913862
26.122163364223788 -8.01457314253914
26.22522163364228 -8.063945731425394
26.04385221633644 -8.06293945731425
26.190238522163394 -8.054429394573141
26.305702385221664 -8.086444293945728
26.32965702385225 -8.07526444293946
26.36409657023855 -8.092152644429392
26.467040965702424 -8.093821526444291
26.50227040965706 -8.124938215264436
26.6736227040966 -8.044849382152643
26.743736227041005 -8.164848493821529
26.698837362270442 -8.16144848493821
26.81238837362274 -8.179714484849379
26.688123883736267 -8.179497144848494
26.84648123883739 -8.166094971448482
27.007664812388384 -8.182460949714484
27.077676648123894 -8.181024609497145
27.32917676648123 -8.222510246094968
27.308891767664807 -8.204425102460943
27.32008891767664 -8.221444251024604
27.55960088917674 -8.231014442510244
27.459396008891755 -8.266710144425096
27.66359396008889 -8.261867101444247
27.517435939600883 -8.286818671014437
27.70977435939597 -8.269468186710139
27.711697743593927 -8.296394681867095
27.8599169774359 -8.28386394681867
27.872799169774318 -8.303538639468181
28.0553279916977 -8.334435386394677
28.182553279916934 -8.330644353863944
28.115425532799126 -8.33690644353863
28.274354255327957 -8.34766906443538
28.355743542553242 -8.342476690644347
27.991757435425498 -8.356824766906438
28.170517574354207 -8.341268247669058
28.59410517574351 -8.369612682476687
28.689541051757402 -8.377696126824763
28.74749541051753 -8.383776961268238
28.54287495410514 -8.414437769612679
28.757428749541017 -8.415944377696123
28.702574287495395 -8.426659443776956
28.64502574287493 -8.417666594437762
28.644450257428712 -8.424076665944371
28.781244502574253 -8.42904076665944
28.91941244502571 -8.44379040766659
28.943594124450225 -8.43843790407666
28.829835941244472 -8.472984379040765
28.714698359412406 -8.4581298437904
28.9073469835941 -8.475981298437903
29.034673469835912 -8.410759812984374
28.944746734698324 -8.47260759812984
29.04644746734695 -8.476926075981293
28.762464474673433 -8.473769260759804
28.7026246447467 -8.466637692607595
28.998426246447437 -8.495666376926073
29.21798426246447 -8.500056663769255
30.200579842624666 -8.434000566637689
30.073605798426247 -8.519840005666373
29.889936057984265 -8.538598400056664
29.751299360579832 -8.462185984000563
29.829712993605803 -8.535021859840004
29.876097129936085 -8.549950218598397
29.785360971299372 -8.583499502185985
29.90985360971301 -8.59453499502186
30.025098536097158 -8.57324534995022
29.889450985360973 -8.5821324534995
30.02489450985363 -8.583421324534992
30.06044894509856 -8.597734213245348
30.31160448945101 -8.629277342132456
30.29131604489454 -8.634892773421322
30.085913160448957 -8.620948927734213
30.186459131604508 -8.541509489277345
29.91386459131604 -8.624515094892773
29.80853864591312 -8.608045150948925
30.069685386459156 -8.592380451509488
30.254696853864612 -8.628323804515095
30.267946968538674 -8.635883238045148
30.028679469685393 -8.628258832380453
30.02628679469684 -8.643782588323804
31.314462867946972 -8.732437825883236
37.392144628679425 -9.319724378258835
37.236321446286745 -9.322197243782593
37.30316321446284 -9.316121972437829
37.34943163214461 -9.336561219724382
37.201694316321394 -9.328165612197248
37.08621694316315 -9.344281656121975
37.09646216943158 -9.340742816561226
37.17636462169427 -9.338507428165617
36.96056364621688 -9.34488507428166
37.004005636462104 -9.342748850742822
36.59404005636457 -9.363027488507434
36.430340400563615 -9.361030274885078
36.1437034040056 -9.356910302748858
36.26623703404002 -9.36276910302749
36.039462370340374 -9.35972769103028
35.99159462370338 -9.35629727691031
35.94551594623701 -9.367562972769107
35.97925515946233 -9.359675629727692
35.81999255159461 -9.391196756297283
35.84119992551592 -9.373611967562974
35.716011999255144 -9.379736119675636
35.74896011999253 -9.381497361196764
35.72648960119991 -9.403414973611973
35.78326489601198 -9.383334149736125
35.7496326489601 -9.392733341497365
35.943096326489574 -9.385927333414976
35.4548309632649 -9.381259273334154
35.541148309632646 -9.391412592733342
35.64461148309631 -9.410414125927337
35.88504611483094 -9.423204141259282
35.84185046114829 -9.4186320414126
35.716018504611455 -9.42588632041413
35.13336018504614 -9.42565886320415
35.04773360185051 -9.407156588632049
35.09247733601855 -9.412771565886322
35.195524773360205 -9.419327715658865
35.45875524773359 -9.444193277156593
35.529787552477316 -9.43224193277157
35.58749787552476 -9.44412241932772
35.54247497875525 -9.437341224193284
35.485024749787556 -9.428173412241938
35.43885024749788 -9.433081734122425
35.312988502474994 -9.439930817341232
35.03812988502479 -9.45729930817342
35.03538129885029 -9.426572993081738
35.4115538129885 -9.442365729930822
35.50651553812989 -9.479223657299311
35.4048651553813 -9.442792236573
35.597648651553804 -9.449227922365738
35.29177648651555 -9.447292279223662
35.32291776486517 -9.447172922792243
35.18642917764868 -9.451971729227928
35.2876642917765 -9.448019717292283
35.48247664291777 -9.485780197172925
35.31342476642919 -9.445157801971735
35.516934247664295 -9.453251578019724
35.496169342476634 -9.484132515780201
35.50736169342476 -9.485041325157805
35.35927361693427 -9.47015041325158
35.42619273616935 -9.458201504132523
35.643461927361685 -9.480882015041331
35.60003461927361 -9.477608820150415
35.59960034619274 -9.494976088201513
35.474196003461934 -9.493349760882017
35.59834196003462 -9.493333497608829
35.26898341960039 -9.494233334976093
35.037689834196044 -9.487742333349763
35.13797689834198 -9.454977423333501
35.35557976898343 -9.484349774233342
35.38055579768985 -9.462243497742339
35.62020555797689 -9.473922434977426
35.531402055579775 -9.489039224349781
35.69011402055578 -9.486890392243504
35.13310114020558 -9.469268903922437
35.0819310114021 -9.469892689039229
35.21821931011405 -9.473898926890397
35.16258219310117 -9.492838989268908
35.05942582193105 -9.493928389892694
35.44599425821931 -9.486339283898934
35.484059942582185 -9.486163392838995
35.40464059942583 -9.465861633928391
35.118846405994304 -9.505158616339287
35.264188464059956 -9.473351586163398
35.33404188464061 -9.49623351586164
35.19794041884643 -9.49006233515862
35.26497940418849 -9.482000623351594
35.2884497940419 -9.496420006233523
35.23168449794044 -9.464364200062338
35.11711684497944 -9.48704364200063
35.30977116844981 -9.481370436420011
35.5168977116845 -9.467213704364202
35.46196897711685 -9.483472137043648
35.541219689771175 -9.486234721370446
35.6674121968977 -9.496162347213712
35.57747412196898 -9.483061623472144
35.34857474121971 -9.477730616234727
35.380485747412216 -9.464777306162352
35.25540485747415 -9.46204777306163
35.42515404857474 -9.466420477730619
35.59785154048574 -9.49386420477731
35.531178515404854 -9.483138642047779
35.70151178515403 -9.497331386420486
35.82861511785152 -9.487373313864207
35.77288615117849 -9.507173733138648
35.81792886151177 -9.503671737331391
35.8297792886151 -9.524836717373315
35.64749779288615 -9.499548367173738
35.50887497792886 -9.484695483671745
35.667088749779275 -9.51184695483672
35.74847088749777 -9.503118469548372
35.578284708874975 -9.51623118469549
35.633582847088746 -9.507462311846961
35.64553582847087 -9.513874623118474
35.58865535828471 -9.538938746231189
35.46268655358286 -9.42608938746232
35.70082686553581 -9.516960893874634
35.532208268655346 -9.52426960893875
35.75852208268654 -9.517242696089392
35.53278522082687 -9.509772426960899
35.62172785220825 -9.517397724269616
35.23501727852209 -9.506073977242702
35.72135017278521 -9.542860739772435
35.74901350172784 -9.51692860739773
35.749290135017276 -9.538169286073982
35.56689290135016 -9.532881692860748
35.644868929013484 -9.54232881692861
35.80524868929011 -9.51092328816929
35.74985248689289 -9.512309232881698
35.76069852486892 -9.546723092328822
35.806406985248685 -9.541367230923292
35.51046406985249 -9.529413672309236
35.6443046406985 -9.535194136723096
35.246643046407 -9.52985194136724
35.539066430464075 -9.53129851941368
35.644590664304644 -9.544112985194145
35.64564590664303 -9.541241129851946
35.691256459066416 -9.567112411298526
35.657512564590654 -9.545871124112995
35.440575125645914 -9.53975871124114
35.586605751256464 -9.536497587112414
35.65646605751256 -9.550264975871128
35.72556466057512 -9.554002649758715
35.407055646605755 -9.554040026497587
35.381070556466064 -9.527440400264982
35.19841070556468 -9.530374404002655
35.39038410705566 -9.548703744040031
35.70010384107055 -9.534487037440407
35.72600103841069 -9.530844870374413
35.646460010384104 -9.560408448703743
35.53166460010384 -9.54090408448704
35.45071664600105 -9.550109040844871
35.37010716646003 -9.552501090408455
35.289501071664624 -9.552325010904092
35.585095010716635 -9.574923250109048
35.94145095010714 -9.577049232501096
35.79681450950105 -9.58157049232501
35.71556814509499 -9.575915704923254
35.73755568145093 -9.59545915704924
36.15957555681446 -9.643354591570498
35.90159575556812 -9.568833545915707
35.80781595755566 -9.583388335459162
35.85247815957553 -9.547133883354604
35.87572478159573 -9.571371338833552
35.98995724781593 -9.572413713388345
36.05949957247813 -9.580624137133888
35.957594995724754 -9.569006241371346
35.979375949957216 -9.57719006241372
36.01379375949954 -9.566871900624143
36.05973793759497 -9.58076871900625
36.06019737937591 -9.56060768719007
36.071601973793726 -9.585306076871905
36.014716019737904 -9.583653060768727
36.07114716019735 -9.594836530607694
36.288311471601936 -9.595748365306079
36.10808311471599 -9.57315748365307
36.26588083114711 -9.58123157483654
36.40425880831144 -9.611512315748373
36.33724258808307 -9.583215123157492
36.1427724258808 -9.601232151231585
36.08382772425878 -9.610012321512322
36.14023827724256 -9.594100123215128
35.947002382772396 -9.589141001232155
36.01347002382769 -9.593391410012327
36.150934700238246 -9.575333914100126
36.095309347002356 -9.573353339141006
36.14035309346999 -9.580533533391417
36.17500353093467 -9.58530533533392
36.334950035309305 -9.591453053353343
36.08574950035305 -9.597114530533537
36.1060574950035 -4.665200000000001
36.20886057495 -9.570752000000004
36.00468860574947 -9.623007520000009
36.10524688605746 -9.622830075200005
36.16325246886055 -9.628428300752004
36.471632524688566 -9.638084283007524
36.474716325246845 -9.643480842830082
36.42914716325243 -9.63293480842831
36.189291471632494 -9.62632934808429
36.57449291471627 -9.63986329348085
36.384544929147125 -9.646298632934817
36.39404544929143 -9.652662986329355
36.32574045449287 -9.657726629863303
36.37065740454488 -9.651577266298641
36.49650657404541 -9.659215772662993
36.53196506574041 -9.663292157726639
36.63491965065736 -9.683232921577272
36.350949196506534 -9.67173232921578
36.48490949196502 -9.671617323292162
36.668649094919594 -9.669816173232933
36.85288649094914 -9.680898161732335
36.740728864909435 -9.687508981617329
36.671207288649036 -9.69007508981618
36.69331207288644 -9.67790075089817
36.60233312072882 -9.691679007508984
36.65842333120723 -9.685216790075096
36.76158423331202 -9.674652167900758
36.614415842333074 -9.692346521679013
36.2709441584233 -9.695523465216795
36.301709441584194 -9.700155234652176
36.3248170944158 -9.668801552346531
36.35924817094411 -9.672088015523473
36.291192481709416 -9.666420880155238
36.34751192481705 -9.661964208801562
36.35947511924812 -9.685119642088022
36.48499475119242 -9.683951196420885
36.463449947511876 -9.687739511964217
36.40623449947507 -9.683477395119645
36.36006234499471 -9.681134773951209
36.4622006234499 -9.677911347739519
36.69122200623444 -9.694579113477397
36.47691222006232 -9.686745791134781
36.611569122200585 -9.692367457911354
36.48751569122196 -9.68302367457912
36.338075156912154 -9.693830236745804
36.575980751569055 -9.693238302367464
36.72655980751564 -9.70593238302368
36.625465598075124 -9.69855932383024
36.65865465598071 -9.720985593238309
36.87558654655975 -9.716609855932386
36.672555865465554 -9.73126609855933
36.8643255586546 -9.749212660985599
37.0600432555865 -9.75499212660986
37.050600432555804 -9.755649921266109
36.845306004325515 -9.768756499212664
36.98005306004319 -9.753487564992131
36.787600530600386 -9.756634875649928
36.78567600530595 -9.757266348756506
36.71725676005301 -9.75767266348757
36.96737256760048 -9.76737672663488
36.98127372567595 -9.753773767266358
37.14101273725671 -9.754137737672668
36.89181012737253 -9.742141377376731
37.00331810127366 -9.772921413773773
37.05003318101269 -9.771229214137746
36.97070033181008 -9.779012292141381
37.06110700331806 -9.774190122921418
37.027811070033124 -9.76944190122922
36.856478110700266 -9.752994419012296
36.87756478110695 -9.732729944190133
37.03737564781101 -9.77062729944191
37.10737375647807 -9.787606272994426
36.89147373756472 -9.759276062729949
36.86651473737559 -9.749492760627303
37.12846514737371 -9.75739492760628
37.01708465147369 -9.760873949276068
36.95897084651469 -9.768408739492763
36.958389708465084 -9.760184087394931
36.9013838970846 -9.769101840873958
36.78681383897079 -9.77559101840874
37.013668138389654 -9.779355910184087
36.89053668138385 -9.763793559101842
37.0147053668138 -9.768337935591024
37.300947053668104 -9.776483379355914
37.09860947053665 -9.79436483379356
37.11938609470531 -9.79684364833794
37.199393860947005 -9.802968436483384
37.20019393860942 -9.78762968436484
37.01780193938603 -9.784176296843647
37.15277801939383 -9.808641762968437
37.13132778019392 -9.800286417629689
36.925913277801875 -9.807302864176302
37.00365913277797 -9.804573028641768
37.06143659132774 -9.791945730286423
36.99361436591324 -9.803019457302872
37.02713614365909 -9.814830194573029
37.38087136143657 -9.829548301945737
37.40720871361434 -9.82339548301946
37.3276720871361 -9.832933954830198
37.372476720871354 -9.832929339548304
37.3045247672087 -9.826429293395488
37.36084524767206 -9.857764292933956
37.327208452476704 -9.842877642929343
37.383872084524725 -9.849328776429298
37.52123872084521 -9.838893287764298
37.43141238720845 -9.846388932877646
37.464714123872085 -9.847763889328778
37.44224714123872 -9.851577638893286
37.5332224714124 -9.857715776388938
37.52273222471408 -9.87567715776389
37.442827322247126 -9.857656771577643
37.60162827322247 -9.866076567715778
37.70581628273223 -9.866860765677155
37.43325816282734 -9.862868607656772
37.33933258162826 -9.85522868607657
37.395393325816244 -9.858252286860766
37.47575393325814 -9.874482522868608
37.72735753933257 -9.885644825228685
37.729873575393356 -9.87985644825229
37.376498735753906 -9.875398564482524
37.62376498735759 -9.873453985644824
37.60343764987357 -9.872034539856447
37.705834376498714 -9.876720345398567
37.718258343765015 -9.888367203453987
37.832382583437685 -9.89018367203454
37.822123825834396 -9.866901836720345
37.901821238258385 -9.90306901836721
37.674618212382576 -9.901630690183675
37.88894618212387 -9.922316306901832
38.05068946182128 -9.895123163069018
38.02950689461829 -9.914851231630692
38.07489506894622 -9.924448512316308
38.13234895068951 -9.928544485123165
37.96192348950694 -9.904285444851233
37.78921923489513 -9.914142854448514
37.93569219234901 -9.922241428544483
38.09675692192355 -9.930922414285446
38.10976756921928 -9.938909224142856
38.08709767569224 -9.915689092241426
37.56247097675694 -9.883156890922415
37.52302470976757 -9.86413156890922
37.99003024709772 -9.89974131568909
38.051700302471026 -9.910697413156894
38.32591700302476 -9.928906974131571
38.12345917003031 -9.927589069741312
37.85923459170032 -9.933675890697412
37.65139234591697 -9.902136758906975
37.592313923459194 -9.895021367589068
37.5917231392346 -9.915050213675888
37.42071723139233 -9.877350502136757
37.53300717231392 -9.899073505021365
37.80773007172317 -9.893090735050214
38.015677300717286 -9.919530907350499
37.801156773007186 -9.929695309073502
37.776211567730094 -9.92179695309074
37.7417621156773 -9.901217969530906
37.96941762115683 -9.91011217969531
38.08569417621161 -9.90520112179695
38.12105694176217 -9.902052011217968
38.23541056941768 -9.910620520112182
38.38475410569423 -9.897806205201125
38.158247541057 -9.93487806205201
38.28138247541063 -9.923148780620519
38.31681382475416 -9.938231487806204
38.11196813824757 -9.93628231487806
37.95031968138251 -9.921562823148784
37.76630319681387 -9.92771562823149
37.650463031968165 -9.935877156282311
37.660704630319664 -9.940758771562825
38.037007046303266 -9.922007587715626
38.30297007046309 -9.970820075877155
38.214429700704684 -9.97690820075878
37.768944297006996 -9.986769082007594
37.71888944297009 -9.985567690820078
37.95778889442974 -9.9777556769082
38.210977888944356 -9.993277556769083
37.76890977888941 -9.976132775567692
37.52508909778888 -9.961161327755676
37.56825089097787 -9.936111613277555
37.81948250890982 -9.937361116132774
38.07279482508914 -9.95617361116133
37.984127948250915 -9.958261736111615
37.90344127948254 -9.941982617361118
37.95963441279487 -9.956719826173611
37.84619634412798 -9.948167198261737
37.867861963441314 -9.91848167198262
37.68567861963443 -9.919584816719825
37.820656786196366 -9.933395848167198
37.78780656786198 -9.936633958481671
37.74187806567863 -9.912066339584818
37.73001878065679 -9.927220663395847
37.71850018780658 -9.901772206633956
37.9691850018781 -9.930317722066343
38.028691850018824 -9.935403177220664
37.77848691850024 -9.928954031772204
38.300384869185066 -9.97618954031772
38.146003848691876 -9.97646189540318
38.23566003848698 -9.971564618954035
38.464556600384924 -9.994315646189545
38.13624556600391 -9.9973431564619
38.189962455660094 -10.001973431564622
38.201899624556646 -9.981019734315646
37.88281899624563 -9.980410197343154
38.09622818996252 -9.969404101973437
38.09836228189968 -9.986294041019738
38.14398362281906 -10.0021629404102
38.20143983622823 -9.977521629404103
38.327414398362336 -10.024875216294044
38.24887414398368 -9.999548752162939
37.80348874143987 -9.99719548752163
37.76483488741439 -9.98507195487522
37.958248348874164 -10.013050719548755
38.11978248348878 -10.00153050719549
38.06439782483495 -10.001115305071957
38.08664397824839 -9.994911153050726
38.29206643978253 -10.020049111530511
38.27132066439788 -10.014200491115306
38.339513206644035 -10.020642004911155
38.31739513206649 -10.015906420049111
38.27157395132071 -10.038859064200492
37.90631573951325 -10.019688590642005
37.85706315739517 -10.009896885906423
38.061770631573964 -9.998598968859065
38.06381770631576 -9.987585989688592
38.15503817706322 -10.011875859896893
38.269950381770684 -10.023618758598973
38.17989950381775 -10.006236187585994
38.28159899503822 -10.034262361875863
38.21421598995043 -10.044742623618763
38.19074215989954 -10.03854742623619
38.27030742159904 -10.010185474262363
38.168503074216055 -10.018601854742627
38.0876850307422 -10.019586018547427
38.200876850307466 -10.022795860185479
38.27040876850312 -10.02242795860186
38.293904087685085 -10.019324279586023
38.1801390408769 -10.019893242795865
38.11060139040882 -10.020198932427961
38.36070601390414 -10.01810198932428
38.4658070601391 -10.042081019893246
38.51245807060145 -10.025220810198933
38.706724580706066 -10.032752208101991
38.40086724580711 -10.022627522081024
38.48900867245813 -10.035526275220814
38.51269008672463 -10.056855262752208
38.34192690086731 -10.052868552627523
38.46561926900873 -10.061528685526278
38.44405619269013 -10.057215286855262
38.63764056192694 -10.02907215286856
38.491376405619306 -10.02029072152869
38.467113764056236 -10.024902907215285
38.36427113764062 -10.010349029072152
38.363242711376465 -10.038503490290726
38.53423242711381 -10.04238503490291
38.809542324271185 -10.051123850349027
38.45889542324274 -10.049711238503487
38.51238895423248 -10.05219711238504
38.50152388954238 -10.050521971123853
38.55841523889549 -10.05020521971124
38.53618415238901 -10.059902052197119
38.33076184152396 -10.040299020521974
38.362907618415285 -10.063402990205224
38.2264290761842 -10.081434029902058
38.09966429076189 -10.049614340299023
38.109796642907654 -10.03849614340299
38.08709796642913 -10.040484961434036
38.08687097966435 -10.055604849614344
38.1666687097967 -10.054356048496148
38.11046668709802 -10.052043560484966
38.075704666871005 -10.048420435604854
38.38315704666878 -10.066584204356054
38.272231570466744 -10.065765842043566
38.29392231570472 -10.058257658420436
38.25993922315709 -10.049282576584211
38.21399939223163 -10.04509282576584
38.247739993922366 -10.051050928257656
38.43047739993929 -10.054710509282584
38.72870477399947 -10.07844710509283
38.60628704774004 -10.072784471050932
38.753262870477435 -10.06482784471051
38.64073262870481 -10.043548278447107
38.4458073262871 -10.066335482784474
38.58065807326293 -10.067963354827848
38.650406580732685 -10.081079633548278
38.708104065807376 -10.075510796335486
38.35528104065812 -10.07975510796336
38.727952810406634 -10.081997551079636
38.640479528104116 -6.682300000000002
38.7308047952811 -10.048323000000005
38.78870804795287 -10.091083230000002
38.789287080479575 -10.090110832300004
38.88049287080484 -10.091901108323
38.74460492870809 -10.09841901108323
38.61784604928712 -10.069184190110839
38.58237846049294 -10.06379184190111
38.83282378460498 -10.068537918419015
38.88092823784611 -10.081385379184194
38.9498092823785 -10.091913853791844
38.642698092823814 -10.082419138537917
38.57122698092827 -10.07102419138538
38.50211226980934 -10.063410241913859
38.59262112269816 -10.06603410241914
38.66192621122705 -10.058660341024193
38.77661926211232 -10.065286603410245
38.469966192621165 -10.060052866034098
38.58089966192624 -10.06820052866034
38.44520899661932 -10.087082005286604
38.352652089966256 -10.083970820052867
38.454326520899734 -10.083739708200529
38.91134326520905 -10.103637397082004
39.05271343265212 -10.074636373970826
38.723527134326545 -10.07094636373971
38.61763527134331 -10.078809463637398
38.63937635271349 -10.05298809463638
38.73079376352722 -10.062629880946364
38.72030793763533 -10.08002629880946
38.7316030793764 -10.074800262988097
38.46951603079381 -10.066348002629883
38.69489516030798 -10.081963480026301
38.74274895160312 -10.086419634800267
38.857227489516085 -10.073664196348007
38.86977227489522 -10.083136641963481
38.892697722749 -10.100531366419636
38.938526977227525 -10.098505313664202
39.15558526977231 -10.093685053136642
38.63335585269777 -10.097536850531366
38.63953355852702 -10.109375368505319
38.90179533558533 -10.060693753685051
38.984217953355916 -10.071606937536853
38.825442179533596 -10.088616069375373
38.926454421795356 -10.105886160693752
38.585464544218006 -10.105158861606945
38.525054645442225 -10.105951588616069
38.31925054645448 -10.089459515886162
38.453992505464605 -10.102994595158867
38.5807399250547 -10.091229945951591
38.53640739925059 -10.090912299459518
38.92356407399255 -10.088009122994594
38.471435640739976 -10.081780091229948
38.52391435640745 -10.101217800912298
38.62703914356414 -10.105212178009126
38.7306703914357 -10.083352121780091
38.8685067039144 -10.083033521217803
38.76728506703918 -10.088530335212177
38.65227285067042 -10.083585303352121
38.77652272850675 -10.083735853033518
38.54976522728513 -10.092237358530339
38.78689765227292 -10.104522373585306
38.84626897652277 -10.104145223735854
38.88106268976525 -10.107941452237359
39.120810626897686 -10.109579414522376
38.65580810626903 -10.099595794145223
38.66255808106274 -10.104095957941452
38.605625580810674 -10.106240959579418
38.78745625580816 -10.115462409595793
38.86907456255812 -10.10415462409596
38.81289074562561 -10.100041546240961
38.664128907456295 -10.093600415462411
38.69684128907462 -10.092436004154626
38.73136841289081 -10.116024360041548
39.00531368412897 -10.102560243600415
39.00805313684134 -10.085525602436007
39.07648053136845 -10.094155256024361
39.04296480531371 -10.115041552560243
38.96282964805315 -10.111550415525606
39.030428296480565 -10.118915504155254
39.031104282964854 -10.104389155041554
38.89431104282971 -10.101143891550413
38.75614311042833 -10.121411438915498
38.834561431104305 -10.112514114389157
39.06334561431108 -10.137825141143892
38.95163345614314 -10.120278251411444
38.768116334561476 -10.088602782514116
38.81188116334567 -10.097386027825147
39.22271881163349 -10.098973860278255
39.13562718811638 -10.130989738602777
38.99795627188121 -10.13500989738603
39.16757956271883 -10.01355009897386
39.431475795627215 -10.011335500989741
39.3543147579563 -10.099513355009899
39.22814314757958 -10.120195133550098
39.226881431475825 -10.1137019513355
39.021668814314786 -10.11713701951336
39.11081668814319 -10.115871370195139
39.14590816688148 -10.137258713701952
39.260259081668856 -10.123072587137015
39.13600259081671 -10.111630725871368
39.27156002590819 -10.112216307258713
39.079115600259115 -10.12432216307259
39.13419115600262 -10.10614322163073
39.29434191156006 -10.133861432216305
39.466943419115616 -10.035738614322161
39.46866943419118 -10.130757386143221
39.35468669434194 -10.140207573861435
39.30794686694344 -10.132002075738619
39.39867946866945 -10.129120020757384
39.28558679468672 -10.121591200207579
39.3072558679469 -10.119615912002079
39.34167255867949 -10.12159615912002
39.5586167255868 -10.129815961591202
39.61778616725587 -10.155198159615912
39.66397786167255 -10.156851981596155
39.64163977861673 -10.129868519815963
39.55021639778619 -10.140498685198157
39.67470216397788 -10.158004986851981
39.710147021639784 -10.151680049868515
39.57370147021641 -10.152216800498689
39.81173701470216 -10.176222168004985
39.39231737014705 -10.165762221680048
39.3311231737015 -10.166357622216795
39.43311123173704 -10.169563576222163
41.49753111231739 -10.205295635762218
43.52457531112321 -10.261652956357613
43.339645753111284 -10.29801652956357
43.37199645753116 -10.284380165295635
43.23551996457537 -10.280343801652949
43.10875519964581 -10.26370343801652
42.959287551996525 -10.247937034380163
42.88939287552003 -10.2633793703438
42.34149392875518 -10.261033793703435
43.11121493928761 -10.26331033793703
43.244312149392925 -10.252133103379364
43.086043121493994 -10.258521331033787
42.83366043121501 -10.243685213310332
42.842536604312215 -10.253436852133097
42.70582536604317 -10.261734368521324
42.693058253660496 -10.248017343685204
42.385130582536604 -10.264980173436847
42.15405130582531 -10.275249801734365
41.866740513058176 -10.299652498017338
41.715667405130496 -10.28879652498017
41.78255667405123 -10.263587965249796
41.69202556674042 -10.256235879652493
41.79372025566733 -10.279262358796522
41.49833720255657 -10.27569262358796
41.58658337202548 -10.268256926235875
41.51906583372017 -10.272382569262355
41.41579065833711 -10.26772382569262
41.50595790658327 -10.28707723825692
41.38145957906572 -10.300370772382562
41.40301459579055 -10.259803707723817
41.27783014595782 -10.300798037077232
41.287978301459496 -10.333307980370769
41.12847978301453 -10.303933079803704
41.09268479783006 -10.30793933079803
41.331726847978196 -10.332779393307977
41.368317268479686 -10.320927793933073
41.19768317268471 -10.344009277939321
41.35557683172675 -10.379140092779396
41.072155768317195 -10.354491400927788
41.01232155768309 -10.355344914009272
41.11432321557676 -10.34495344914009
40.86454323215569 -10.346649534491394
41.169845432321466 -10.380966495344907
41.54909845432312 -10.378809664953444
41.587090984543146 -10.382788096649524
41.519070909845325 -10.39542788096649
41.50699070909835 -10.370154278809661
41.199069907090916 -10.334101542788094
40.91099069907083 -10.36774101542788
41.06770990699062 -10.352577410154272
41.20607709906981 -10.354625774101537
41.161860770990614 -10.371846257741009
41.09301860770981 -10.332718462577404
41.13793018607701 -10.384027184625765
41.30937930186068 -10.374840271846251
41.493493793018516 -10.38694840271846
41.35853493793009 -10.38516948402718
41.5167853493792 -10.384951694840268
41.50696785349369 -10.375149516948397
41.47266967853484 -10.377651495169475
41.09612669678527 -10.38827651495169
41.24056126696776 -10.37858276514951
41.162205612669595 -10.39128582765149
41.207022056126604 -10.387412858276512
41.344270220561185 -10.384374128582758
41.379842702205536 -10.372343741285825
41.334598427021966 -10.392223437412849
40.729945984270145 -10.385622234374123
40.70109945984264 -10.369256222343736
40.666610994598386 -10.378392562223434
40.871466109945885 -10.361883925622228
41.11291466109938 -10.380518839256217
40.95572914661091 -10.379305188392564
40.74895729146603 -10.375593051883918
40.860889572914566 -10.379555930518837
41.13560889572906 -10.364995559305182
41.22955608895722 -10.388549955593053
41.173495560889506 -10.402085499555927
41.05893495560879 -10.397920854995556
41.057789349555996 -10.395079208549951
40.85257789349548 -10.331150792085499
40.71372577893488 -10.393611507920856
40.67813725778929 -10.373736115079208
41.08818137257779 -10.36293736115079
41.37728181372569 -10.370429373611508
41.25477281813717 -10.381404293736109
41.29914772818127 -10.372214042937353
41.13999147728172 -10.35412214042937
41.04719991477275 -10.33694122140429
41.11467199914764 -10.369069412214035
41.35474671999139 -10.379090694122135
41.528147467199815 -10.383490906941217
41.55268147467189 -10.377934909069412
41.65552681474663 -10.406479349090684
41.394355268147365 -10.401764793490901
41.38034355268138 -10.396817647934904
41.42580343552672 -10.430968176479343
41.51745803435516 -10.419409681764792
41.54117458034346 -10.418694096817644
41.541411745803345 -10.416286940968176
41.438814117457945 -10.424962869409676
41.25538814117449 -10.408449628694093
41.34475388141164 -10.395284496286935
41.42544753881401 -10.432052844962861
41.42625447538804 -10.420520528449627
41.483262544753785 -10.434205205284492
41.52943262544744 -10.417442052052845
41.415894326254374 -10.424774420520523
41.34635894326245 -10.4157477442052
41.49386358943252 -10.42825747744205
41.49533863589422 -10.434982574774413
40.97095338635887 -10.447049825747735
41.05690953386351 -10.415670498257475
41.01216909533858 -10.445156704982573
41.285321690953296 -10.475451567049822
41.13985321690945 -10.444354515670494
41.229598532169 -10.460943545156699
40.94549598532159 -10.461209435451558
41.03385495985312 -10.435112094354508
41.04613854959846 -10.472351120943543
41.103261385495905 -10.467123511209431
40.96703261385489 -10.45787123511209
40.828870326138464 -10.469178712351116
40.79328870326132 -10.457591787123508
41.08933288703253 -10.456475917871233
40.73889332887026 -10.46426475917871
40.66698893328865 -10.43884264759179
40.59786988933283 -10.430888426475917
40.51737869889326 -10.455308884264754
40.82437378698885 -10.45205308884264
40.895843737869804 -10.459820530888424
41.22715843737861 -10.465798205308875
41.333071584373684 -10.464457982053084
41.43673071584365 -10.456144579820528
41.38076730715834 -10.4626614457982
41.38020767307148 -10.45302661445798
41.43720207673062 -10.487030266144576
41.48337202076722 -10.464170302661445
41.506633720207574 -10.445641703026608
41.17626633720199 -10.540956417030257
41.19576266337194 -10.520109564170303
41.25295762663363 -10.534401095641703
41.207929576266245 -10.543444010956414
41.24167929576258 -10.529934440109564
41.07101679295755 -10.524599344401095
41.32011016792948 -10.523545993444005
41.1630011016792 -10.447635459934435
41.4350300110167 -10.43397635459934
41.47195030011007 -10.476639763545991
41.438119503001 -10.458366397635455
41.369381195029916 -10.453683663976356
41.494093811950194 -10.469336836639759
41.5181409381194 -10.463993368366392
41.461381409381104 -10.447239933683662
41.050413814093744 -10.451772399336832
41.06910413814087 -10.439917723993364
41.206091041381335 -10.460399177239921
41.23026091041373 -10.4495039917724
40.76310260910406 -10.437995039917718
40.712831026090974 -10.437679950399172
40.73512831026084 -10.453176799503984
40.90635128310253 -10.449231767995034
40.82826351283098 -10.426092317679945
41.215082635128226 -10.392960923176792
41.2303508263512 -10.474429609231766
41.01390350826341 -10.507944296092319
40.886339035082536 -10.465179442960919
41.044663390350735 -10.455551794429605
41.08044663390342 -10.47715551794429
41.22900446633896 -10.513571555179439
41.3900900446633 -10.44153571555179
