22.600999999999996 2.0687000000000006
23.419810000000002 2.024387
24.362798100000017 1.893843869999999
24.634427981000016 1.9207384386999997
24.88794427981002 1.876007384386999
25.12987944279812 1.8500600738438693
26.979098794428 1.552300600738438
26.72399098794431 1.5084230060073838
26.72143990987947 1.5975842300600729
27.131814399098786 1.5525758423006
26.976318143990998 1.5344257584230052
27.157163181439923 1.4808442575842298
27.455371631814383 1.5108084425758417
27.674953716318104 1.4280080844257586
28.06474953716314 1.4305800808442573
28.080047495371588 1.5299058008084423
28.114400474953683 1.3278990580080838
28.240144004749503 1.3983789905800807
28.401001440047462 1.4550837899058013
28.186010014400427 1.3367508378990578
28.240860100143976 1.3229675083789902
28.275608601001398 1.3572296750837898
28.49255608600998 1.3463722967508382
28.642925560860064 1.2383637229675084
28.90662925560857 1.2876836372296752
28.86366629255605 1.309576836372297
28.988636662925533 1.1446957683637224
28.944286366629232 1.2956469576836367
28.921042863666262 1.2414564695768358
28.943610428636635 1.271414564695768
28.875436104286337 1.1673141456469573
29.07995436104284 1.2487731414564693
29.01359954361039 1.2079877314145642
29.035735995436074 1.206379877314145
28.84215735995433 1.1872637987731416
28.885821573599518 1.1524726379877308
29.125658215735974 1.2219247263798767
28.831656582157326 1.1493192472637983
28.965516565821545 1.286693192472638
29.001055165658194 1.1261669319247256
28.978610551656562 1.1483616693192473
29.149386105516555 1.1702836166931925
29.344893861055166 1.182202836166932
29.244248938610554 1.2806220283616687
29.31164248938606 1.0690062202836161
29.152716424893843 1.1225900622028362
29.390527164248944 1.155925900622028
29.142105271642468 1.12195925900622
29.265021052716396 1.1137195925900618
29.47145021052717 1.0941371959259003
29.712914502105274 1.077641371959259
29.726729145021057 1.076676413719593
29.669867291450217 1.0877667641371955
29.828898672914498 1.0592776676413718
29.819088986729167 1.0411927766764133
29.875990889867307 0.988211927766764
29.990559908898682 1.1593821192776672
29.99170559908901 1.0304938211927763
29.991717055990907 1.062904938211928
30.060117170559916 1.1106290493821194
30.19760117170561 0.963406290493821
30.18757601171707 0.9890340629049379
30.00507576011718 1.041090340629049
30.140050757601195 0.9911109034062905
30.16420050757603 1.0286111090340626
30.244242005075783 0.9754861110903401
30.119642420050766 0.9603548611109036
29.935996424200518 1.0166035486111087
29.94555996424203 0.9999660354861107
30.105255599642447 0.8933996603548612
30.02705255599644 0.9006339966035485
30.128870525559986 0.957006339966035
30.050088705255593 1.02777006339966
29.866900887052562 0.9670777006339967
29.819469008870524 1.0556707770063396
30.05839469008873 1.0597567077700634
30.163383946900904 1.0355975670777005
30.00483383946901 0.9547559756707767
30.071648338394716 0.9680475597567072
30.152116483383967 0.9841804755975667
30.22132116483385 0.9187418047559761
30.393013211648345 0.8893874180475596
30.326330132116496 0.926793874180476
30.485263301321183 0.9677679387418047
30.49825263301323 0.9375776793874186
30.635182526330155 0.8894757767938742
30.69355182526332 0.8620947577679386
30.842335518252636 0.8765209475776798
30.935023355182544 0.9202652094757764
30.84475023355185 0.8961026520947578
30.68424750233554 0.9178610265209481
30.819442475023376 0.8134786102652092
30.786594424750252 0.8433347861026522
30.84326594424752 0.8396333478610266
31.0376326594425 0.75929633347861
30.902776326594445 0.8666929633347862
30.992627763265958 0.829466929633348
31.107526277632665 0.8474946692963337
31.165675262776336 0.7927749466929638
31.280256752627775 0.7299277494669297
31.38400256752628 0.7530992774946693
31.407840025675263 0.7945309927749469
31.03187840025677 0.84514530992775
31.233318784002584 0.7415514530992777
31.075733187840047 0.8312155145309928
31.085557331878412 0.76261215514531
31.222455573318793 0.8094261215514532
31.212424555733197 0.7733942612155148
31.269324245557335 0.8315339426121554
31.133093242455587 0.7186153394261217
31.17733093242457 0.7265861533942614
31.24617330932426 0.8720658615339429
31.075861733093255 0.7829206586153397
30.754958617330946 0.8074292065861534
31.219149586173316 0.7256742920658614
31.23519149586175 0.752256742920659
31.269551914958626 0.7150225674292068
31.406695519149594 0.7565502256742924
31.351066955191513 0.7288655022567428
31.25931066955192 0.6873886550225677
31.360993106695524 0.7182738865502253
31.384809931066957 0.7435827388655024
31.25964809931067 0.7283358273886552
31.281196480993117 0.7664833582738868
31.372611964809938 0.7012648335827388
31.521726119648097 0.6932126483358274
31.50041726119647 0.7216321264833584
31.329204172611966 0.7390163212648336
31.361692041726137 0.6122901632126482
31.453216920417262 0.5851229016321262
31.81893216920414 0.6430512290163212
31.697189321692022 0.678630512290163
31.809971893216883 0.7033863051229021
31.970699718932128 0.6519338630512291
32.074906997189274 0.6596193386305121
31.870749069971858 0.641496193386305
31.902907490699686 0.6389149619338632
31.857629074906967 0.6262891496193386
32.130776290749026 0.7105628914961933
31.814307762907468 0.6253056289149616
31.754143077629045 0.5947530562891495
31.924541430776262 0.5895475305628916
31.835045414307732 0.6073954753056285
31.697350454143063 0.6045739547530561
31.74157350454142 0.5984457395475308
31.45701573504541 0.6297844573954753
31.625170157350443 0.6885978445739552
31.76365170157348 0.6072859784457394
32.06143651701569 0.6481728597844574
32.11001436517011 0.6141817285978444
32.30430014365164 0.5786418172859786
32.35184300143646 0.5839864181728597
32.375118430014304 0.613939864181729
32.35255118430009 0.5747393986418171
32.409325511842944 0.6087473939864178
32.23889325511838 0.5751874739398641
32.19158893255113 0.5747518747393984
32.168315889325456 0.6137475187473939
32.1338831588932 0.5553374751874738
32.16773883158888 0.6211533747518746
32.06547738831585 0.5948115337475189
32.05305477388312 0.6367481153374751
32.08713054773878 0.6159674811533749
32.007671305477345 0.5977596748115336
31.995476713054735 0.5915775967481149
32.0979547671305 0.6070157759674812
31.996379547671268 0.6455701577596749
32.14356379547666 0.5972557015775966
32.05383563795473 0.6128725570157763
31.893338356379513 0.7720287255701579
31.982933383563758 0.6287202872557013
31.9724293338356 0.6644872028725569
32.4055242933383 0.5565448720287257
32.07925524293334 0.5380654487202873
32.13299255242928 0.5808806544872026
32.07652992552424 0.48750880654487183
32.1443652992552 0.5625750880654488
32.236243652992506 0.6074257508806543
32.38536243652986 0.5381742575088064
32.478053624365245 0.5955817425750881
32.478980536243604 0.5360558174257507
32.59298980536239 0.5575605581742573
32.59412989805357 0.4975756055817424
32.537141298980494 0.5457757560558174
32.593571412989746 0.4841577575605583
32.58273571412983 0.4817415775756056
32.60542735714126 0.5257174157757561
32.61705427357137 0.5199571741577577
32.674170542735666 0.5097995717415775
32.70894170542733 0.5150979957174158
32.606689417054234 0.5092509799571742
32.6512668941705 0.5444925097995719
32.503512668941646 0.4861449250979957
32.7642351266894 0.5419614492509798
32.652842351266834 0.5146196144925098
32.59472842351261 0.48484619614492525
32.67394728423508 0.4499484619614493
32.6861394728423 0.41289948461961457
32.617861394728365 0.5528289948461962
32.69697861394723 0.4682282899484617
32.58376978613942 0.45128228289948424
32.55983769786135 0.5075128228289948
32.77619837697859 0.4820751282282898
32.73276198376975 0.443320751282283
32.641127619837654 0.4062332075128227
32.84541127619836 0.39216233207512813
33.052654112762 0.4293216233207513
33.07752654112762 0.3647932162332074
32.861175265411255 0.4126479321623319
32.77921175265409 0.35312647932162333
32.99499211752653 0.3785312647932161
33.09974992117528 0.4161853126479321
33.032397499211754 0.4100618531264791
32.99752397499213 0.31810061853126465
32.917375239749916 0.42228100618531245
33.04197375239751 0.4390228100618532
33.00901973752397 0.40419022810061844
33.156890197375255 0.36634190228100605
33.04436890197374 0.37686341902281
32.906443689019724 0.36456863419022817
32.927864436890175 0.42044568634190216
32.871078644368886 0.41030445686341893
32.75651078644365 0.4129030445686342
32.78956510786441 0.3893290304456862
33.02929565107866 0.37459329030445665
32.99749295651079 0.3847459329030443
33.14537492956512 0.37574745932903036
33.12405374929567 0.3795574745932901
33.146640537492964 0.3964955747459327
32.759266405374895 0.3422649557474593
32.835192664053736 0.38712264955747466
33.018351926640534 0.3362712264955746
32.97458351926641 0.38206271226495553
32.88294583519265 0.3610206271226496
33.12142945835195 0.36311020627122637
33.26061429458355 0.373931102062712
33.07960614294584 0.381739311020627
32.906796061429446 0.36361739311020613
33.212867960614325 0.3515361739311021
33.158928679606184 0.35321536173931095
33.3179892867961 0.292932153617393
33.251179892867995 0.36432932153617387
33.125111798928685 0.38224329321536166
33.03265111798929 0.3598224329321535
33.1343265111799 0.35939822432932156
32.97574326511179 0.3721939822432932
32.82595743265108 0.33032193982243285
32.835859574326484 0.32250321939822435
32.90435859574326 0.3431250321939821
33.13304358595747 0.30363125032193966
33.53433043585965 0.33143631250321937
33.447143304358654 0.294514363125032
33.11567143304358 0.3082451436312502
33.22635671433046 0.27808245143631244
33.58086356714338 0.28738082451436303
33.59580863567151 0.2934738082451435
33.641558086356774 0.2727347380824512
33.550815580863635 0.2383273473808244
33.515708155808696 0.2663832734738082
33.367157081558126 0.29536383273473793
33.37707157081563 0.3059536383273473
33.30877071570819 0.2914595363832733
33.25108770715713 0.3856145953638326
33.23911087707161 0.2631561459536382
33.39859110877075 0.28833156145953626
33.605385911087765 0.30028331561459537
33.48205385911094 0.24070283315614585
33.43522053859117 0.26470702833156134
33.68555220538598 0.31044707028331564
33.81345552205393 0.23170447070283307
33.7463345552206 0.20221704470702828
33.483463345552266 0.23302217044707021
33.6176346334556 0.2715302217044706
33.618976346334634 0.26401530221704467
33.71018976346342 0.2925401530221705
33.57430189763468 0.2705254015302215
34.01754301897643 0.2713052540153021
34.07897543018983 0.24481305254015293
34.17078975430197 0.21564813052540138
34.34270789754309 0.23225648130525398
34.333027078975505 0.23902256481305248
34.36713027078982 0.22749022564813046
34.53847130270796 0.25617490225648126
34.48318471302714 0.20446174902256475
34.64223184713033 0.2069446174902256
34.58682231847137 0.2763694461749021
34.48366822318478 0.21416369446174893
34.44843668223191 0.24584163694461736
34.45948436682239 0.20215841636944615
34.56219484366829 0.21282158416369448
34.64302194843674 0.18962821584163683
34.712230219484425 0.22939628215841626
34.69012230219491 0.19799396282158413
34.598701223022005 0.21007993962821583
34.56358701223027 0.1374
34.586035870122366 0.21877399999999989
34.57486035870129 0.19168773999999997
34.47214860358707 0.19281687739999998
34.49392148603594 0.17662816877400003
34.56253921486043 0.20346628168773997
34.58602539214867 0.18433466281687735
34.392460253921556 0.22934334662816866
34.41332460253929 0.2468934334662816
34.52753324602545 0.22016893433466275
34.50587533246031 0.22450168934334655
34.63105875332466 0.2026450168934334
34.54111058753332 0.24392645016893424
34.5630111058754 0.24723926450168932
34.426430111058814 0.22037239264501676
34.56186430111065 0.2230037239264501
34.66581864301117 0.20613003723926446
34.735258186430165 0.20076130037239262
34.49655258186438 0.18290761300372385
34.55116552581871 0.20012907613003722
34.63151165525826 0.2026012907613003
34.620915116552645 0.1778260129076129
34.563809151165586 0.16277826012907615
34.68863809151171 0.20632778260129073
34.598686380915176 0.21096327782601282
34.55218686380922 0.18550963277826005
34.43772186863816 0.19015509632778257
34.31117721868647 0.19110155096327783
34.60631177218692 0.17211101550963273
34.60926311772192 0.14992111015509624
34.72329263117728 0.1673992111015509
34.804232926311826 0.11697399211101554
34.81644232926317 0.16176973992111013
34.80516442329269 0.14891769739921104
34.736651644232985 0.12618917697399207
34.81576651644239 0.13836189176973993
34.80515766516447 0.12498361891769737
34.759451576651706 0.14534983618917693
34.82739451576657 0.1695534983618917
34.850873945157716 0.12249553498361887
34.90810873945162 0.14692495534983618
34.93148108739456 0.09256924955349838
34.89751481087399 0.106025692495535
34.897175148108786 0.10596025692495531
35.022571751481124 0.11695960256924957
35.04662571751485 0.14666959602569243
34.978466257175185 0.10366669596025696
34.943584662571794 0.09123666695960259
35.02303584662576 0.06431236666959603
34.841430358466305 0.10414312366669591
35.0220143035847 0.12014143123666696
35.149220143035876 0.10720141431236666
35.13909220143039 0.04717201414312366
35.08199092201434 0.08397172014143121
34.99021990922019 0.08373971720141431
34.98930219909225 0.08413739717201413
35.11469302199095 0.08304137397172016
35.40094693021992 0.050630413739717176
35.28980946930222 0.048706304137397155
35.09489809469306 0.04708706304137396
35.08154898094696 0.07207087063041373
35.0016154898095 0.09162070870630412
35.137616154898126 0.06721620708706304
35.16177616154901 0.043372162070870635
35.16201776161551 0.05823372162070868
35.29882017761617 0.02518233721620708
35.40278820177617 0.025451823372162043
35.255627882017784 0.04045451823372161
35.162956278820204 0.01510454518233722
35.287429562788226 0.03345104545182337
35.300074295627894 0.00273451045451823
35.14060074295631 0.020127345104545172
35.28720600742958 0.01930127345104545
35.265872060074315 0.040493012734510454
35.41385872060075 0.008404930127345106
35.563538587206004 0.006784049301273457
35.587835385872054 0.0013678404930127352
35.50827835385872 -0.006886321595069867
35.4504827835386 0.0204311367840493
35.233304827835404 0.0017043113678404931
35.105733048278395 0.001217043113678409
35.13865733048282 -0.00028782956886321985
35.29858657330484 0.0035971217043113657
35.42558586573306 -0.045864028782956874
35.22165585865734 -0.014758640287829567
35.47041655858657 -0.023947586402878293
35.438704165585875 -0.011339475864028779
35.32438704165587 -0.02661339475864028
35.10664387041658 -0.026266133947586385
35.0474664387042 0.029837338660524133
35.37747466438705 -0.00790162661339476
35.2097747466439 -0.029179016266133954
35.424697747466446 -0.01699179016266134
35.472446977474654 -0.0023699179016266115
35.45012446977474 -0.05272369917901629
35.39290124469776 -0.035927236991790165
35.449329012446995 -0.0092592723699179
35.438493290124484 -0.030292592723699177
35.26738493290125 -0.040802925927236985
35.584873849329 -0.055608029259272385
35.71344873849328 -0.03765608029259272
35.55513448738493 -0.028076560802925917
35.65615134487384 -0.04878076560802927
35.417761513448745 -0.04928780765608028
35.24437761513452 -0.0370928780765608
35.36804377615136 -0.04537092878076561
35.46048043776152 -0.052053709287807656
35.40440480437761 -0.057020537092878076
35.1986440480438 -0.04207020537092878
35.549986440480446 -0.028420702053709293
35.6218998644048 -0.029384207020537092
35.770818998644025 -0.06109384207020535
35.567108189986435 -0.03981093842070206
35.67907108189985 -0.03919810938420701
35.63459071081899 -0.05089198109384205
35.73674590710817 -0.06560891981093842
35.79476745907106 -0.049856089198109375
35.53314767459071 -0.08289856089198108
35.5989314767459 -0.0746289856089198
35.49698931476748 -0.0223462898560892
35.57576989314767 -0.05652346289856092
35.679157698931455 -0.0617652346289856
35.725791576989295 -0.03581765234628984
35.521057915769894 -0.0320581765234629
35.71281057915769 -0.03182058176523462
35.57792810579158 -0.07941820581765235
35.55377928105791 -0.03669418205817653
35.724537792810565 -0.04296694182058177
35.486845377928105 -0.05922966941820582
35.76946845377926 -0.07769229669418207
35.658294684537786 -0.05257692296694182
35.736982946845366 -0.025325769229669413
35.942969829468424 -0.046653257692296675
35.84242969829465 -0.036766532576922965
35.72742429698293 -0.04186766532576922
35.863074242969816 -0.06671867665325769
35.898630742429674 -0.04686718676653257
36.09278630742427 -0.06116867186766531
36.11752786307421 -0.08471168671867663
36.037975278630704 -0.046247116867186765
36.13977975278627 -0.07426247116867185
36.06099779752784 -0.08514262471168671
35.96900997797527 -0.05745142624711686
36.13909009977972 -0.10767451426247114
35.84439090099777 -0.10587674514262468
35.97824390900995 -0.08655876745142621
35.911182439090084 -0.08396558767451426
35.84211182439088 -0.11403965587674511
36.00102111824388 -0.12414039655876742
35.797410211182424 -0.07524140396558766
36.03477410211179 -0.09815241403965586
35.9687477410211 -0.1121815241403965
35.96808747741017 -0.081221815241404
36.08208087477407 -0.145412218152414
36.1516208087477 -0.1534541221815241
36.23211620808744 -0.11943454122181521
36.00492116208084 -0.10129434541221811
36.27624921162075 -0.12841294345412216
36.48416249211617 -0.11318412943454122
35.916241624921135 -0.12663184129434535
36.04736241624917 -0.10706631841294344
36.11707362416245 -0.12207066318412942
36.25457073624158 -0.10032070663184124
36.11914570736239 -0.0758032070663184
36.04939145707358 -0.09475803207066319
36.253893914570696 -0.09354758032070665
36.40413893914566 -0.11013547580320708
36.41704138939141 -0.13190135475803205
36.519770413893866 -0.11141901354758024
36.5891977041389 -0.11821419013547581
36.624091977041346 -0.1337821419013548
36.647240919770354 -0.10613782141901348
36.613272409197656 -0.14286137821419012
36.69273272409194 -0.14352861378214182
36.431327327240865 -0.11953528613782143
36.50851327327236 -0.08629535286137821
36.52068513273268 -0.14666295352861372
36.623406851327275 -0.1416666295352861
36.635834068513226 -0.17481666629535286
36.61315834068508 -0.1542481666629534
36.5901315834068 -0.12654248166662954
36.60130131583402 -0.1319654248166663
36.54441301315829 -0.17471965424816677
36.57804413013153 -0.11554719654248158
36.52138044130127 -0.15935547196542477
36.41821380441298 -0.1488935547196542
36.542582138044075 -0.13468893554719646
36.64642582138039 -0.16014688935547194
36.61326425821376 -0.15020146889355468
36.61293264258208 -0.11440201468893553
36.74972932642578 -0.16094402014688933
36.819497293264206 -0.16570944020146894
36.683394972932604 -0.15515709440201467
36.830233949729276 -0.1505515709440202
36.706302339497235 -0.13820551570944017
36.648063023394904 -0.13408205515709434
36.41948063023392 -0.12544082055157094
36.26899480630232 -0.12015440820551569
36.22188994806297 -0.1375015440820552
36.21001889948058 -0.1379750154408205
36.574700188994754 -0.14357975015440821
36.3389470018899 -0.14293579750154406
36.37078947001888 -0.13462935797501546
36.257107894700155 -0.1383462935797501
36.40417107894697 -0.12298346293579751
36.382841710789414 -0.14922983462935796
36.42822841710783 -0.17279229834629356
36.36028228417104 -0.1555279229834629
36.257002822841685 -0.15295527922983465
36.22177002822839 -0.11492955279229826
36.52921770028224 -0.16214929552792295
36.49809217700276 -0.1550214929552792
36.29258092176998 -0.12515021492955275
36.49572580921765 -0.10965150214929555
36.486357258092156 -0.15719651502149293
36.40646357258089 -0.13217196515021493
36.48546463572575 -0.14342171965150208
36.417854646357206 -0.14683421719651493
36.43997854646352 -0.19326834217196504
36.462999785464596 -0.15353268342171966
36.7026299978546 -0.14243532683421722
36.62522629997851 -0.1402243532683421
36.59025226299974 -0.1310022435326834
36.521502522629945 -0.10351002243532686
36.41821502522626 -0.15373510022435324
36.46278215025222 -0.1152373510022435
36.702627821502475 -0.14995237351002244
36.70502627821498 -0.16339952373510017
36.556850262782106 -0.12143399523735104
36.44136850262778 -0.12421433995237345
36.46301368502623 -0.13944214339952374
36.50883013685021 -0.15119442143399522
36.76008830136845 -0.16121194421433999
36.774000883013635 -0.1639121194421433
36.79694000883008 -0.15613912119442142
36.740169400088256 -0.17616139121194416
36.91060169400083 -0.2103616139121194
37.106106016939954 -0.22250361613912115
37.14226106016933 -0.2181250361613913
37.06282261060165 -0.2028812503616139
37.062028226105966 -0.18342881250361612
36.959420282261 -0.20833428812503615
36.924194202822555 -0.21108334288125036
36.98084194202817 -0.19491083342881244
36.82180841942023 -0.23864910833428798
37.00261808419415 -0.22038649108334288
37.12982618084191 -0.22380386491083334
37.21089826180839 -0.21743803864910838
37.09770898261803 -0.195574380386491
37.221977089826126 -0.2298557438038648
37.24601977089822 -0.23399855743803863
37.21206019770895 -0.22153998557438034
37.325720601977075 -0.21771539985574376
37.44085720601976 -0.1999771539985574
37.10000857206014 -0.26589977153998534
37.09660008572057 -0.23235899771539986
37.18776600085718 -0.21452358997715387
37.13167766000852 -0.2297452358997715
37.26791677660003 -0.22699745235899765
37.235079167765974 -0.18766997452358994
37.26895079167762 -0.20377669974523588
37.30348950791673 -0.21933776699745242
37.16703489507913 -0.24179337766997444
37.26827034895075 -0.2139179337766996
37.12108270348946 -0.22913917933776695
37.37041082703485 -0.22559139179337762
37.190504108270325 -0.24715591391793373
36.98350504108265 -0.20267155913917928
37.038435050410776 -0.17622671559139175
36.92498435050406 -0.23206226715591394
36.93524984350499 -0.223020622671559
36.581952498435 -0.18733020622671556
36.8976195249843 -0.14667330206226714
37.01477619524978 -0.20436673302062253
37.10714776195245 -0.22674366733020612
37.19927147761949 -0.20386743667330204
37.39399271477617 -0.24373867436673285
37.52133992714776 -0.24043738674366735
37.55681339927149 -0.2069043738674368
37.57996813399271 -0.2596690437386743
37.65999968133994 -0.2290966904373867
37.729199996813406 -0.24799096690437367
37.84389199996815 -0.2654799096690437
37.7652389199997 -0.24215479909669038
38.08365238920004 -0.2393215479909668
37.98423652389204 -0.2674932154799097
37.75524236523893 -0.35507493215479924
37.44515242365236 -0.273750749321548
37.350851524236475 -0.28603750749321544
37.28150851524236 -0.3024603750749321
37.50881508515244 -0.2820246037507493
37.46548815085149 -0.29102024603750737
37.430854881508495 -0.2932102024603748
37.59010854881508 -0.3094321020246036
37.523301085488136 -0.33709432102024595
37.69363301085491 -0.33437094321020233
37.68393633010854 -0.3322437094321019
37.7066393633011 -0.33262243709432093
37.71826639363301 -0.31102622437094324
37.524582663936314 -0.34711026224370917
37.37444582663936 -0.292371102622437
37.258944458266384 -0.27252371102622436
37.46298944458266 -0.30912523711026213
37.624629894445796 -0.3015912523711025
37.421046298944425 -0.3640159125237109
37.407610462989425 -0.330340159125237
37.21367610462986 -0.2807034015912524
37.154736761046244 -0.29630703401591246
37.15414736761041 -0.25706307034015907
37.31374147367609 -0.2761706307034014
37.566137414736765 -0.2739617063070339
37.73966137414739 -0.3227396170630702
37.80979661374149 -0.3184273961706306
37.650897966137435 -0.3174842739617062
37.38710897966136 -0.3144748427396168
37.40727108979658 -0.3039447484273961
37.487272710897905 -0.2822394474842739
37.237272727108945 -0.30392239447484254
37.31457272727109 -0.2655392239447484
37.80554572727274 -0.33715539223944724
37.5938554572727 -0.34537155392239427
37.47773855457271 -0.2803537155392238
37.65897738554574 -0.331903537155392
37.70638977385547 -0.3407190353715538
37.72966389773859 -0.3306071903537154
37.387896638977374 -0.3497060719035369
37.35027896638973 -0.3245970607190354
37.441102789663894 -0.3424459706071902
37.45341102789664 -0.2975244597060717
37.19133411027892 -0.3284752445970607
37.59911334110281 -0.3093847524459704
37.68299113341105 -0.32629384752445967
37.87762991133414 -0.3458629384752445
37.95937629911338 -0.31295862938475244
37.925993762991176 -0.34602958629384745
38.09665993762996 -0.32736029586293824
38.235166599376356 -0.2848736029586293
38.19095166599381 -0.36394873602958616
38.20190951666 -0.3519394873602957
38.23621909516666 -0.3690193948736028
38.31636219095173 -0.38269019394873593
38.22596362190957 -0.3698269019394872
38.29345963621915 -0.4047982690193947
38.316934596362245 -0.3930479826901938
38.20316934596368 -0.2820304798269019
38.33883169345969 -0.35722030479826894
38.30598831693465 -0.36677220304798247
38.3854598831694 -0.3441677220304796
38.18105459883176 -0.33904167722030465
38.23601054598838 -0.3773904167722029
38.16816010545993 -0.35607390416772183
38.12188160105467 -0.3630607390416771
38.18981881601059 -0.38573060739041665
37.88269818816015 -0.345757306073904
37.754226981881594 -0.37205757306073894
38.03794226981885 -0.38012057573060715
38.06357942269821 -0.39280120575730604
37.77883579422702 -0.39752801205757293
37.7189883579423 -0.46807528012057575
37.72978988357942 -0.3803807528012056
37.8780978988358 -0.3483038075280121
37.71998097898834 -0.3403830380752801
37.93499980978993 -0.4100038303807528
37.80034999809794 -0.3415000383038075
37.856003499981014 -0.38181500038303784
37.58296003499979 -0.3500181500038304
37.59162960034994 -0.33890018150003826
37.6145162960035 -0.36978900181500024
37.72874516296006 -0.3908978900181498
37.63868745162964 -0.35580897890018126
37.50098687451629 -0.35655808978900183
37.8530098687452 -0.3347655808978898
37.86793009868745 -0.3371476558089787
37.85667930098688 -0.3808714765580896
37.92496679300991 -0.3918087147655809
37.67484966793012 -0.38821808714765565
37.615348496679296 -0.4001821808714763
37.53495348496676 -0.26900182180871474
37.46574953484965 -0.4132900182180872
37.5562574953485 -0.4352329001821809
37.48876257495348 -0.38005232900182173
37.46528762574952 -0.3525005232900182
37.772852876257524 -0.3515250052328999
37.75312852876259 -0.36341525005232894
37.71873128528764 -0.3720341525005231
37.752587312852896 -0.38042034152500503
37.84412587312857 -0.4166042034152499
37.89064125873129 -0.3974660420341525
37.91390641258736 -0.3706746604203414
38.16493906412593 -0.43420674660420316
37.80264939064128 -0.45324206746604206
38.07262649390645 -0.20770000000000008
37.847326264939085 -0.41747699999999993
38.14147326264944 -0.49117476999999987
38.17861473262654 -0.4131117476999997
38.09918614732632 -0.44713111747699985
38.29219186147332 -0.45217131117477005
38.24852191861479 -0.3884217131117475
38.350685219186204 -0.43548421713111746
38.22630685219191 -0.410554842171311
38.282063068521985 -0.4171055484217132
38.20282063068527 -0.39327105548421704
38.27042820630691 -0.416232710554842
38.08870428206312 -0.4140623271055482
38.121087042820676 -0.4512406232710554
38.281010870428275 -0.4491124062327104
38.23701010870435 -0.421291124062327
38.2593701010871 -0.4285129112406231
38.248193701010926 -0.439285129112406
38.05428193701017 -0.4446928512911241
38.15494281937017 -0.4140469285129111
38.24714942819376 -0.46274046928512924
38.23667149428201 -0.47732740469285134
38.27076671494288 -0.42617327404692856
38.31670766714948 -0.40036173274046916
38.24876707667155 -0.4535036173274047
38.33928767076677 -0.4604350361732738
38.18059287670772 -0.42100435036173267
38.099205928767134 -0.4536100435036172
38.166792059287715 -0.42603610043503587
38.01926792059291 -0.157
38.26859267920599 -0.4681699999999997
38.476285926792116 -0.43208169999999996
38.20476285926799 -0.46192081700000004
38.088047628592726 -0.40021920816999995
38.13248047628597 -0.49090219208170005
38.1557248047629 -0.35240902192081697
38.01915724804767 -0.5139240902192079
38.20019157248052 -0.4474392409021921
38.07660191572486 -0.4057743924090221
38.234966019157305 -0.3946577439240901
38.23654966019162 -0.4233465774392408
38.23656549660196 -0.4084334657743923
38.19096565496608 -0.46698433465774386
38.09930965654971 -0.4319698433465773
37.90459309656552 -0.45751969843346585
37.83424593096568 -0.40947519698433477
37.9247424593097 -0.47509475196984324
38.30184742459315 -0.5434509475196982
38.30561847424599 -0.48163450947519704
38.26005618474252 -0.4496163450947521
38.339400561847484 -0.4405961634509474
38.40859400561853 -0.4311059616345094
38.489085940056235 -0.47091105961634516
38.36449085940062 -0.4571091105961635
38.72804490859405 -0.5284710911059615
38.640480449086006 -0.5148847109110597
38.4686048044909 -0.5509488471091106
38.113486048044976 -0.48270948847109113
38.007334860480476 -0.44982709488471095
38.15447334860485 -0.5138982709488473
38.076144733486096 -0.4795389827094884
38.00696144733489 -0.4757953898270948
38.006269614473375 -0.4840579538982709
37.972062696144775 -0.45894057953898254
38.01732062696151 -0.4527894057953899
38.00637320626965 -0.4634278940579538
37.99486373206274 -0.4717342789405794
38.18854863732067 -0.4949173427894056
38.28168548637327 -0.5163491734278938
38.077416854863756 -0.46556349173427924
38.07537416854864 -0.5126556349173427
37.96135374168553 -0.4556265563491733
37.97161353741691 -0.46285626556349163
38.18831613537423 -0.4210285626556349
38.2930831613538 -0.4926102856265564
38.39673083161359 -0.4814261028562656
38.477567308316196 -0.4535142610285625
38.56957567308322 -0.43963514261028563
38.59329575673088 -0.5105963514261028
38.46813295756736 -0.46720596351426075
38.398481329575716 -0.3626720596351426
38.38638481329581 -0.5629267205963516
38.363463848133016 -0.3771292672059634
38.28343463848138 -0.5310712926720594
37.94063434638486 -0.5996107129267204
38.18800634346391 -0.4601961071292673
38.2702800634347 -0.4664019610712924
38.2483028006344 -0.4695640196107127
38.33928302800638 -0.5043956401961072
38.0323928302801 -0.45414395640196104
38.20032392830285 -0.5134414395640198
38.25900323928308 -0.46673441439564006
38.145590032392896 -0.4726673441439565
38.30405590032398 -0.5579266734414396
38.3740405590033 -0.5065792667344142
38.397540405590085 -0.4770657926673443
38.19257540405595 -0.43947065792667345
38.16772575404062 -0.4870947065792667
38.555077257540454 -0.5379709470657925
38.75275077257545 -0.532779709470658
38.7889275077258 -0.4634277970947065
38.49288927507732 -0.5013342779709471
38.42152889275082 -0.4558133427797097
38.28401528892756 -0.5214581334277969
38.271240152889334 -0.46041458133427793
38.69291240152894 -0.4757041458133427
38.73132912401535 -0.4816570414581332
38.43531329124021 -0.4647165704145811
38.47795313291247 -0.45864716570414577
38.34157953132919 -0.46958647165704137
38.39721579531334 -0.48459586471657046
38.374972157953195 -0.4253459586471658
38.557149721579584 -0.45145345958647165
38.70717149721585 -0.48611453459586473
38.7542717149722 -0.4814611453459587
38.731942717149785 -0.48001461145345947
38.65191942717155 -0.49860014611453446
38.65111919427176 -0.5048860014611452
38.787911191942754 -0.4651488600146113
38.76647911191949 -0.605951488600146
38.84606479111923 -0.4236595148860015
38.983660647911236 -0.53763659514886
38.80263660647918 -0.4972763659514886
38.78942636606484 -0.4302727636595147
38.4700942636607 -0.517302727636595
38.42130094263667 -0.48617302727636597
38.62601300942642 -0.4920617302727639
38.479860130094316 -0.4823206173027279
38.68359860130099 -0.4939232061730272
38.697035986013056 -0.5058392320617304
38.93657035986016 -0.5264583923206173
39.06436570359865 -0.450764583923206
39.02004365703604 -0.482307645839232
38.803000436570414 -0.5240230764583922
38.88063000436575 -0.48124023076458394
38.7218063000437 -0.5236124023076458
38.67461806300047 -0.5086361240230766
38.457546180630054 -0.5108863612402308
38.43257546180635 -0.5860088636124022
38.534925754618136 -0.5037600886361239
38.45614925754624 -0.5087376008863614
38.48956149257552 -0.5313873760088635
38.6266956149258 -0.44561387376008865
38.36586695614932 -0.4395561387376009
38.37465866956157 -0.47419556138737584
38.32914658669566 -0.4830419556138735
38.35149146586699 -0.48353041955613874
38.46571491465871 -0.48663530419556145
38.56945714914664 -0.47796635304195556
38.7984945714915 -0.4870796635304191
38.903384945714954 -0.5545707966353041
38.847433849457204 -0.541845707966353
38.687274338494625 -0.4400184570796635
39.01627274338498 -0.47430018457079676
39.08796272743389 -0.5487430018457079
39.134279627274374 -0.5450874300184568
39.04354279627279 -0.5540508743001846
39.15663542796276 -0.5666405087430018
39.226166354279655 -0.5920664050874299
38.98746166354285 -0.5210206640508743
39.04207461663547 -0.4931102066405086
38.66642074616641 -0.5585311020664049
38.879264207461716 -0.5529853110206641
39.075192642074654 -0.6588298531102061
39.06575192642078 -0.5395882985311021
39.06565751926425 -0.5649958829853109
39.0314565751927 -0.5691499588298531
38.66631456575198 -0.5461914995882985
38.67406314565757 -0.5333619149958828
38.79954063145662 -0.5949336191499588
38.91479540631461 -0.5441493361914995
39.018547954063195 -0.5043414933619149
38.88278547954067 -0.5482434149336192
39.132227854795445 -0.6885824341493364
39.12332227854799 -0.5868858243414932
39.06623322278551 -0.6845688582434153
39.156862332227895 -0.5928456885824339
39.06656862332232 -0.6351284568858242
39.008665686233265 -0.5570512845688582
39.06508665686237 -0.5118705128456887
39.156850866568654 -0.5426187051284569
38.96396850866572 -0.5526261870512843
39.053239685086695 -0.5658262618705128
39.111132396850905 -0.5696582626187053
39.12311132396856 -0.5774965826261872
39.191631113239715 -0.6022749658262618
39.15811631113243 -0.5938227496582626
38.79298116311138 -0.6088382274965825
38.72092981163118 -0.5788883822749655
38.583409298116365 -0.5596888838227495
38.673234092981204 -0.5502968888382274
38.76533234092985 -0.5245029688883822
38.75485332340933 -0.6129450296888836
38.731948533234146 -0.6253294502968888
39.005319485332386 -0.5666532945029688
38.91685319485338 -0.5985665329450297
38.90456853194858 -0.7057856653294508
38.75624568531952 -0.5469578566532945
38.401362456853256 -0.5909695785665331
38.40921362456859 -0.507409695785665
38.44349213624575 -0.5176740969578565
38.637634921362526 -0.5233767409695784
