43.52 521300.0
43.52 521320.0
43.52 521340.0
43.52 521360.0
43.52 521380.0
43.52 521400.0
43.52 521420.0
43.52 521440.0
43.52 521460.0
43.52 521480.0
43.52 521500.0
43.52 521520.0
43.52 521540.0
43.52 521560.0
43.52 521580.0
43.52 521600.0
43.52 521620.0
43.52 521640.0
43.52 521660.0
43.52 521680.0
43.52 521700.0
43.52 521720.0
43.52 521740.0
43.52 521760.0
43.52 521780.0
43.52 521800.0
43.52 521820.0
42.38 521840.0
42.38 521860.0
43.52 521880.0
43.52 521900.0
43.52 521920.0
43.52 521940.0
43.52 521960.0
43.52 521980.0
43.52 522000.0
43.52 522020.0
43.52 522040.0
43.52 522060.0
43.52 522080.0
43.52 522100.0
43.52 522120.0
43.52 522140.0
43.52 522160.0
43.52 522180.0
43.52 522200.0
43.52 522220.0
43.52 522240.0
43.52 522260.0
43.52 522280.0
43.52 522300.0
43.52 522320.0
43.52 522340.0
43.52 522360.0
43.52 522380.0
43.52 522400.0
43.52 522420.0
43.52 522440.0
43.52 522460.0
43.52 522480.0
43.52 522500.0
43.52 522520.0
43.52 522540.0
43.52 522560.0
43.52 522580.0
43.52 522600.0
43.52 522620.0
43.52 522640.0
43.52 522660.0
43.52 522680.0
43.52 522700.0
43.52 522720.0
43.52 522740.0
43.52 522760.0
44.66 522780.0
43.52 522800.0
43.52 522820.0
43.52 522840.0
43.52 522860.0
43.52 522880.0
43.52 522900.0
43.52 522920.0
43.52 522940.0
43.52 522960.0
43.52 522980.0
43.52 523000.0
43.52 523020.0
43.52 523040.0
43.52 523060.0
43.52 523080.0
43.52 523100.0
43.52 523120.0
43.52 523140.0
43.52 523160.0
43.52 523180.0
43.52 523200.0
43.52 523220.0
43.52 523240.0
43.52 523260.0
43.52 523280.0
43.52 523300.0
42.38 523320.0
43.52 523340.0
43.52 523360.0
43.52 523380.0
43.52 523400.0
43.52 523420.0
43.52 523440.0
43.52 523460.0
44.66 523480.0
43.52 523500.0
43.52 523520.0
43.52 523540.0
43.52 523560.0
43.52 523580.0
42.38 523600.0
43.52 523620.0
43.52 523640.0
43.52 523660.0
43.52 523680.0
43.52 523700.0
43.52 523720.0
43.52 523740.0
43.52 523760.0
43.52 523780.0
42.38 523800.0
43.52 523820.0
43.52 523840.0
43.52 523860.0
43.52 523880.0
43.52 523900.0
43.52 523920.0
43.52 523940.0
43.52 523960.0
43.52 523980.0
43.52 524000.0
43.52 524020.0
43.52 524040.0
43.52 524060.0
43.52 524080.0
43.52 524100.0
43.52 524120.0
43.52 524140.0
43.52 524160.0
43.52 524180.0
43.52 524200.0
43.52 524220.0
43.52 524240.0
43.52 524260.0
43.52 524280.0
43.52 524300.0
43.52 524320.0
43.52 524340.0
43.52 524360.0
43.52 524380.0
43.52 524400.0
43.52 524420.0
43.52 524440.0
42.38 524460.0
43.52 524480.0
43.52 524500.0
43.52 524520.0
43.52 524540.0
43.52 524560.0
43.52 524580.0
43.52 524600.0
43.52 524620.0
43.52 524640.0
43.52 524660.0
43.52 524680.0
43.52 524700.0
43.52 524720.0
43.52 524740.0
43.52 524760.0
43.52 524780.0
43.52 524800.0
43.52 524820.0
43.52 524840.0
43.52 524860.0
43.52 524880.0
43.52 524900.0
42.38 524920.0
43.52 524940.0
43.52 524960.0
43.52 524980.0
43.52 525000.0
43.52 525020.0
43.52 525040.0
44.66 525060.0
43.52 525080.0
43.52 525100.0
43.52 525120.0
43.52 525140.0
43.52 525160.0
43.52 525180.0
43.52 525200.0
43.52 525220.0
43.52 525240.0
43.52 525260.0
43.52 525280.0
43.52 525300.0
43.52 525320.0
43.52 525340.0
43.52 525360.0
43.52 525380.0
43.52 525400.0
43.52 525420.0
43.52 525440.0
43.52 525460.0
43.52 525480.0
43.52 525500.0
43.52 525520.0
43.52 525540.0
43.52 525560.0
43.52 525580.0
43.52 525600.0
43.52 525620.0
43.52 525640.0
43.52 525660.0
43.52 525680.0
43.52 525700.0
42.38 525720.0
43.52 525740.0
43.52 525760.0
43.52 525780.0
43.52 525800.0
43.52 525820.0
43.52 525840.0
43.52 525860.0
43.52 525880.0
44.66 525900.0
43.52 525920.0
43.52 525940.0
43.52 525960.0
43.52 525980.0
43.52 526000.0
43.52 526020.0
43.52 526040.0
43.52 526060.0
43.52 526080.0
43.52 526100.0
43.52 526120.0
43.52 526140.0
43.52 526160.0
43.52 526180.0
43.52 526200.0
43.52 526220.0
43.52 526240.0
43.52 526260.0
43.52 526280.0
43.52 526300.0
43.52 526320.0
43.52 526340.0
43.52 526360.0
43.52 526380.0
42.38 526400.0
43.52 526420.0
43.52 526440.0
43.52 526460.0
43.52 526480.0
43.52 526500.0
42.38 526520.0
43.52 526540.0
43.52 526560.0
43.52 526580.0
43.52 526600.0
43.52 526620.0
43.52 526640.0
43.52 526660.0
43.52 526680.0
43.52 526700.0
43.52 526720.0
43.52 526740.0
43.52 526760.0
43.52 526780.0
43.52 526800.0
43.52 526820.0
43.52 526840.0
43.52 526860.0
43.52 526880.0
43.52 526900.0
43.52 526920.0
43.52 526940.0
43.52 526960.0
42.38 526980.0
43.52 527000.0
43.52 527020.0
43.52 527040.0
43.52 527060.0
43.52 527080.0
43.52 527100.0
43.52 527120.0
43.52 527140.0
43.52 527160.0
42.38 527180.0
43.52 527200.0
43.52 527220.0
43.52 527240.0
43.52 527260.0
43.52 527280.0
42.38 527300.0
43.52 527320.0
43.52 527340.0
43.52 527360.0
43.52 527380.0
43.52 527400.0
43.52 527420.0
43.52 527440.0
43.52 527460.0
43.52 527480.0
43.52 527500.0
43.52 527520.0
43.52 527540.0
43.52 527560.0
43.52 527580.0
43.52 527600.0
43.52 527620.0
43.52 527640.0
43.52 527660.0
43.52 527680.0
43.52 527700.0
43.52 527720.0
43.52 527740.0
43.52 527760.0
43.52 527780.0
42.38 527800.0
43.52 527820.0
43.52 527840.0
43.52 527860.0
43.52 527880.0
43.52 527900.0
43.52 527920.0
43.52 527940.0
43.52 527960.0
43.52 527980.0
43.52 528000.0
43.52 528020.0
43.52 528040.0
43.52 528060.0
43.52 528080.0
43.52 528100.0
42.38 528120.0
43.52 528140.0
43.52 528160.0
43.52 528180.0
43.52 528200.0
43.52 528220.0
43.52 528240.0
43.52 528260.0
43.52 528280.0
43.52 528300.0
44.66 528320.0
43.52 528340.0
44.66 528360.0
43.52 528380.0
43.52 528400.0
43.52 528420.0
43.52 528440.0
43.52 528460.0
43.52 528480.0
43.52 528500.0
43.52 528520.0
43.52 528540.0
43.52 528560.0
43.52 528580.0
43.52 528600.0
43.52 528620.0
43.52 528640.0
43.52 528660.0
42.38 528680.0
43.52 528700.0
43.52 528720.0
43.52 528740.0
43.52 528760.0
43.52 528780.0
43.52 528800.0
43.52 528820.0
43.52 528840.0
43.52 528860.0
43.52 528880.0
43.52 528900.0
43.52 528920.0
43.52 528940.0
43.52 528960.0
43.52 528980.0
43.52 529000.0
43.52 529020.0
43.52 529040.0
43.52 529060.0
43.52 529080.0
43.52 529100.0
43.52 529120.0
43.52 529140.0
43.52 529160.0
43.52 529180.0
43.52 529200.0
43.52 529220.0
43.52 529240.0
43.52 529260.0
43.52 529280.0
43.52 529300.0
42.38 529320.0
43.52 529340.0
43.52 529360.0
43.52 529380.0
43.52 529400.0
43.52 529420.0
43.52 529440.0
43.52 529460.0
43.52 529480.0
43.52 529500.0
43.52 529520.0
43.52 529540.0
43.52 529560.0
42.38 529580.0
43.52 529600.0
43.52 529620.0
43.52 529640.0
43.52 529660.0
43.52 529680.0
42.38 529700.0
43.52 529720.0
43.52 529740.0
43.52 529760.0
43.52 529780.0
43.52 529800.0
43.52 529820.0
43.52 529840.0
42.38 529860.0
43.52 529880.0
43.52 529900.0
43.52 529920.0
43.52 529940.0
43.52 529960.0
43.52 529980.0
43.52 530000.0
43.52 530020.0
43.52 530040.0
43.52 530060.0
43.52 530080.0
43.52 530100.0
43.52 530120.0
43.52 530140.0
43.52 530160.0
43.52 530180.0
43.52 530200.0
43.52 530220.0
42.38 530240.0
42.38 530260.0
43.52 530280.0
43.52 530300.0
43.52 530320.0
43.52 530340.0
42.38 530360.0
43.52 530380.0
43.52 530400.0
43.52 530420.0
43.52 530440.0
43.52 530460.0
43.52 530480.0
42.38 530500.0
42.38 530520.0
43.52 530540.0
43.52 530560.0
43.52 530580.0
43.52 530600.0
43.52 530620.0
43.52 530640.0
43.52 530660.0
43.52 530680.0
43.52 530700.0
43.52 530720.0
43.52 530740.0
42.38 530760.0
43.52 530780.0
43.52 530800.0
44.66 530820.0
43.52 530840.0
43.52 530860.0
43.52 530880.0
43.52 530900.0
43.52 530920.0
43.52 530940.0
43.52 530960.0
43.52 530980.0
43.52 531000.0
43.52 531020.0
43.52 531040.0
43.52 531060.0
43.52 531080.0
43.52 531100.0
43.52 531120.0
43.52 531140.0
43.52 531160.0
43.52 531180.0
43.52 531200.0
43.52 531220.0
42.38 531240.0
43.52 531260.0
43.52 531280.0
43.52 531300.0
43.52 531320.0
43.52 531340.0
42.38 531360.0
43.52 531380.0
43.52 531400.0
42.38 531420.0
43.52 531440.0
43.52 531460.0
43.52 531480.0
43.52 531500.0
43.52 531520.0
42.38 531540.0
43.52 531560.0
43.52 531580.0
43.52 531600.0
42.38 531620.0
43.52 531640.0
42.38 531660.0
43.52 531680.0
43.52 531700.0
43.52 531720.0
43.52 531740.0
43.52 531760.0
43.52 531780.0
43.52 531800.0
43.52 531820.0
43.52 531840.0
43.52 531860.0
43.52 531880.0
43.52 531900.0
43.52 531920.0
43.52 531940.0
43.52 531960.0
43.52 531980.0
43.52 532000.0
43.52 532020.0
43.52 532040.0
43.52 532060.0
43.52 532080.0
42.38 532100.0
43.52 532120.0
43.52 532140.0
43.52 532160.0
43.52 532180.0
43.52 532200.0
43.52 532220.0
43.52 532240.0
42.38 532260.0
43.52 532280.0
43.52 532300.0
43.52 532320.0
43.52 532340.0
43.52 532360.0
43.52 532380.0
43.52 532400.0
43.52 532420.0
43.52 532440.0
43.52 532460.0
43.52 532480.0
43.52 532500.0
43.52 532520.0
43.52 532540.0
43.52 532560.0
43.52 532580.0
43.52 532600.0
43.52 532620.0
43.52 532640.0
43.52 532660.0
43.52 532680.0
42.38 532700.0
42.38 532720.0
43.52 532740.0
43.52 532760.0
43.52 532780.0
43.52 532800.0
43.52 532820.0
43.52 532840.0
42.38 532860.0
42.38 532880.0
43.52 532900.0
43.52 532920.0
42.38 532940.0
43.52 532960.0
43.52 532980.0
42.38 533000.0
43.52 533020.0
43.52 533040.0
43.52 533060.0
43.52 533080.0
43.52 533100.0
43.52 533120.0
43.52 533140.0
43.52 533160.0
43.52 533180.0
43.52 533200.0
42.38 533220.0
43.52 533240.0
42.38 533260.0
43.52 533280.0
43.52 533300.0
42.38 533320.0
43.52 533340.0
43.52 533360.0
43.52 533380.0
43.52 533400.0
43.52 533420.0
43.52 533440.0
43.52 533460.0
43.52 533480.0
43.52 533500.0
43.52 533520.0
43.52 533540.0
42.38 533560.0
43.52 533580.0
42.38 533600.0
43.52 533620.0
43.52 533640.0
43.52 533660.0
43.52 533680.0
43.52 533700.0
43.52 533720.0
43.52 533740.0
43.52 533760.0
43.52 533780.0
42.38 533800.0
43.52 533820.0
43.52 533840.0
43.52 533860.0
43.52 533880.0
43.52 533900.0
43.52 533920.0
43.52 533940.0
43.52 533960.0
42.38 533980.0
42.38 534000.0
43.52 534020.0
43.52 534040.0
43.52 534060.0
43.52 534080.0
43.52 534100.0
43.52 534120.0
43.52 534140.0
43.52 534160.0
42.38 534180.0
43.52 534200.0
43.52 534220.0
42.38 534240.0
43.52 534260.0
43.52 534280.0
43.52 534300.0
43.52 534320.0
43.52 534340.0
43.52 534360.0
43.52 534380.0
43.52 534400.0
43.52 534420.0
42.38 534440.0
43.52 534460.0
43.52 534480.0
42.38 534500.0
43.52 534520.0
43.52 534540.0
42.38 534560.0
42.38 534580.0
43.52 534600.0
43.52 534620.0
43.52 534640.0
43.52 534660.0
43.52 534680.0
43.52 534700.0
43.52 534720.0
43.52 534740.0
42.38 534760.0
42.38 534780.0
43.52 534800.0
43.52 534820.0
43.52 534840.0
42.38 534860.0
43.52 534880.0
43.52 534900.0
43.52 534920.0
43.52 534940.0
43.52 534960.0
43.52 534980.0
42.38 535000.0
43.52 535020.0
43.52 535040.0
43.52 535060.0
42.38 535080.0
43.52 535100.0
43.52 535120.0
43.52 535140.0
43.52 535160.0
43.52 535180.0
43.52 535200.0
43.52 535220.0
43.52 535240.0
43.52 535260.0
43.52 535280.0
43.52 535300.0
43.52 535320.0
43.52 535340.0
43.52 535360.0
42.38 535380.0
43.52 535400.0
43.52 535420.0
42.38 535440.0
42.38 535460.0
43.52 535480.0
43.52 535500.0
43.52 535520.0
43.52 535540.0
43.52 535560.0
43.52 535580.0
43.52 535600.0
43.52 535620.0
43.52 535640.0
43.52 535660.0
42.38 535680.0
43.52 535700.0
43.52 535720.0
43.52 535740.0
43.52 535760.0
43.52 535780.0
43.52 535800.0
43.52 535820.0
43.52 535840.0
43.52 535860.0
43.52 535880.0
42.38 535900.0
43.52 535920.0
43.52 535940.0
43.52 535960.0
43.52 535980.0
43.52 536000.0
43.52 536020.0
43.52 536040.0
43.52 536060.0
42.38 536080.0
43.52 536100.0
43.52 536120.0
43.52 536140.0
43.52 536160.0
43.52 536180.0
43.52 536200.0
42.38 536220.0
43.52 536240.0
43.52 536260.0
43.52 536280.0
43.52 536300.0
43.52 536320.0
43.52 536340.0
42.38 536360.0
43.52 536380.0
43.52 536400.0
43.52 536420.0
43.52 536440.0
43.52 536460.0
43.52 536480.0
43.52 536500.0
42.38 536520.0
43.52 536540.0
43.52 536560.0
42.38 536580.0
43.52 536600.0
43.52 536620.0
43.52 536640.0
43.52 536660.0
43.52 536680.0
43.52 536700.0
43.52 536720.0
43.52 536740.0
42.38 536760.0
43.52 536780.0
43.52 536800.0
43.52 536820.0
43.52 536840.0
43.52 536860.0
43.52 536880.0
43.52 536900.0
43.52 536920.0
42.38 536940.0
43.52 536960.0
43.52 536980.0
42.38 537000.0
43.52 537020.0
43.52 537040.0
43.52 537060.0
43.52 537080.0
43.52 537100.0
43.52 537120.0
43.52 537140.0
43.52 537160.0
43.52 537180.0
43.52 537200.0
43.52 537220.0
43.52 537240.0
43.52 537260.0
43.52 537280.0
43.52 537300.0
43.52 537320.0
42.38 537340.0
43.52 537360.0
43.52 537380.0
42.38 537400.0
43.52 537420.0
43.52 537440.0
43.52 537460.0
43.52 537480.0
43.52 537500.0
43.52 537520.0
42.38 537540.0
43.52 537560.0
43.52 537580.0
43.52 537600.0
43.52 537620.0
43.52 537640.0
43.52 537660.0
43.52 537680.0
42.38 537700.0
43.52 537720.0
43.52 537740.0
43.52 537760.0
43.52 537780.0
43.52 537800.0
43.52 537820.0
43.52 537840.0
43.52 537860.0
42.38 537880.0
43.52 537900.0
43.52 537920.0
43.52 537940.0
43.52 537960.0
43.52 537980.0
42.38 538000.0
43.52 538020.0
43.52 538040.0
43.52 538060.0
43.52 538080.0
43.52 538100.0
43.52 538120.0
43.52 538140.0
43.52 538160.0
43.52 538180.0
43.52 538200.0
43.52 538220.0
43.52 538240.0
43.52 538260.0
43.52 538280.0
43.52 538300.0
43.52 538320.0
43.52 538340.0
43.52 538360.0
43.52 538380.0
43.52 538400.0
42.38 538420.0
43.52 538440.0
43.52 538460.0
43.52 538480.0
43.52 538500.0
43.52 538520.0
43.52 538540.0
43.52 538560.0
43.52 538580.0
43.52 538600.0
43.52 538620.0
43.52 538640.0
43.52 538660.0
42.38 538680.0
43.52 538700.0
43.52 538720.0
43.52 538740.0
43.52 538760.0
43.52 538780.0
42.38 538800.0
43.52 538820.0
43.52 538840.0
43.52 538860.0
43.52 538880.0
43.52 538900.0
43.52 538920.0
42.38 538940.0
43.52 538960.0
43.52 538980.0
42.38 539000.0
43.52 539020.0
43.52 539040.0
43.52 539060.0
42.38 539080.0
43.52 539100.0
43.52 539120.0
43.52 539140.0
43.52 539160.0
42.38 539180.0
43.52 539200.0
42.38 539220.0
43.52 539240.0
43.52 539260.0
43.52 539280.0
43.52 539300.0
43.52 539320.0
43.52 539340.0
43.52 539360.0
43.52 539380.0
43.52 539400.0
43.52 539420.0
43.52 539440.0
43.52 539460.0
43.52 539480.0
43.52 539500.0
43.52 539520.0
43.52 539540.0
43.52 539560.0
43.52 539580.0
43.52 539600.0
42.38 539620.0
43.52 539640.0
43.52 539660.0
43.52 539680.0
43.52 539700.0
43.52 539720.0
43.52 539740.0
43.52 539760.0
43.52 539780.0
43.52 539800.0
42.38 539820.0
43.52 539840.0
42.38 539860.0
43.52 539880.0
43.52 539900.0
43.52 539920.0
43.52 539940.0
43.52 539960.0
43.52 539980.0
43.52 540000.0
43.52 540020.0
43.52 540040.0
43.52 540060.0
43.52 540080.0
43.52 540100.0
42.38 540120.0
43.52 540140.0
42.38 540160.0
43.52 540180.0
43.52 540200.0
43.52 540220.0
43.52 540240.0
43.52 540260.0
43.52 540280.0
43.52 540300.0
43.52 540320.0
43.52 540340.0
43.52 540360.0
43.52 540380.0
43.52 540400.0
43.52 540420.0
43.52 540440.0
43.52 540460.0
43.52 540480.0
43.52 540500.0
43.52 540520.0
43.52 540540.0
43.52 540560.0
43.52 540580.0
43.52 540600.0
43.52 540620.0
43.52 540640.0
43.52 540660.0
43.52 540680.0
43.52 540700.0
43.52 540720.0
43.52 540740.0
43.52 540760.0
43.52 540780.0
43.52 540800.0
43.52 540820.0
42.38 540840.0
43.52 540860.0
43.52 540880.0
43.52 540900.0
43.52 540920.0
43.52 540940.0
43.52 540960.0
43.52 540980.0
43.52 541000.0
43.52 541020.0
43.52 541040.0
42.38 541060.0
43.52 541080.0
43.52 541100.0
43.52 541120.0
43.52 541140.0
43.52 541160.0
43.52 541180.0
43.52 541200.0
43.52 541220.0
43.52 541240.0
43.52 541260.0
43.52 541280.0
43.52 541300.0
43.52 541320.0
43.52 541340.0
43.52 541360.0
43.52 541380.0
43.52 541400.0
43.52 541420.0
43.52 541440.0
43.52 541460.0
43.52 541480.0
43.52 541500.0
43.52 541520.0
43.52 541540.0
43.52 541560.0
43.52 541580.0
43.52 541600.0
42.38 541620.0
43.52 541640.0
43.52 541660.0
43.52 541680.0
42.38 541700.0
42.38 541720.0
43.52 541740.0
43.52 541760.0
43.52 541780.0
43.52 541800.0
43.52 541820.0
43.52 541840.0
43.52 541860.0
43.52 541880.0
43.52 541900.0
43.52 541920.0
43.52 541940.0
43.52 541960.0
43.52 541980.0
42.38 542000.0
43.52 542020.0
43.52 542040.0
43.52 542060.0
43.52 542080.0
43.52 542100.0
43.52 542120.0
43.52 542140.0
43.52 542160.0
43.52 542180.0
43.52 542200.0
43.52 542220.0
43.52 542240.0
43.52 542260.0
43.52 542280.0
42.38 542300.0
43.52 542320.0
43.52 542340.0
43.52 542360.0
43.52 542380.0
43.52 542400.0
43.52 542420.0
43.52 542440.0
42.38 542460.0
43.52 542480.0
43.52 542500.0
42.38 542520.0
43.52 542540.0
43.52 542560.0
43.52 542580.0
43.52 542600.0
43.52 542620.0
43.52 542640.0
42.38 542660.0
43.52 542680.0
43.52 542700.0
43.52 542720.0
43.52 542740.0
43.52 542760.0
43.52 542780.0
43.52 542800.0
43.52 542820.0
43.52 542840.0
43.52 542860.0
43.52 542880.0
43.52 542900.0
43.52 542920.0
43.52 542940.0
43.52 542960.0
43.52 542980.0
43.52 543000.0
43.52 543020.0
43.52 543040.0
43.52 543060.0
43.52 543080.0
43.52 543100.0
42.38 543120.0
43.52 543140.0
43.52 543160.0
43.52 543180.0
42.38 543200.0
44.66 543220.0
43.52 543240.0
43.52 543260.0
43.52 543280.0
43.52 543300.0
43.52 543320.0
43.52 543340.0
43.52 543360.0
42.38 543380.0
43.52 543400.0
43.52 543420.0
43.52 543440.0
43.52 543460.0
43.52 543480.0
43.52 543500.0
43.52 543520.0
43.52 543540.0
43.52 543560.0
43.52 543580.0
43.52 543600.0
42.38 543620.0
43.52 543640.0
43.52 543660.0
43.52 543680.0
42.38 543700.0
43.52 543720.0
43.52 543740.0
43.52 543760.0
43.52 543780.0
43.52 543800.0
43.52 543820.0
42.38 543840.0
43.52 543860.0
43.52 543880.0
43.52 543900.0
43.52 543920.0
43.52 543940.0
43.52 543960.0
43.52 543980.0
43.52 544000.0
42.38 544020.0
43.52 544040.0
43.52 544060.0
43.52 544080.0
43.52 544100.0
43.52 544120.0
42.38 544140.0
43.52 544160.0
43.52 544180.0
43.52 544200.0
43.52 544220.0
43.52 544240.0
43.52 544260.0
43.52 544280.0
43.52 544300.0
42.38 544320.0
43.52 544340.0
43.52 544360.0
43.52 544380.0
43.52 544400.0
43.52 544420.0
43.52 544440.0
43.52 544460.0
43.52 544480.0
43.52 544500.0
43.52 544520.0
43.52 544540.0
43.52 544560.0
43.52 544580.0
43.52 544600.0
43.52 544620.0
43.52 544640.0
43.52 544660.0
43.52 544680.0
43.52 544700.0
43.52 544720.0
43.52 544740.0
42.38 544760.0
43.52 544780.0
43.52 544800.0
43.52 544820.0
43.52 544840.0
43.52 544860.0
43.52 544880.0
43.52 544900.0
43.52 544920.0
43.52 544940.0
43.52 544960.0
43.52 544980.0
43.52 545000.0
43.52 545020.0
43.52 545040.0
43.52 545060.0
43.52 545080.0
43.52 545100.0
43.52 545120.0
43.52 545140.0
42.38 545160.0
43.52 545180.0
42.38 545200.0
43.52 545220.0
43.52 545240.0
43.52 545260.0
43.52 545280.0
43.52 545300.0
43.52 545320.0
43.52 545340.0
43.52 545360.0
43.52 545380.0
42.38 545400.0
43.52 545420.0
43.52 545440.0
43.52 545460.0
43.52 545480.0
43.52 545500.0
43.52 545520.0
43.52 545540.0
43.52 545560.0
43.52 545580.0
43.52 545600.0
42.38 545620.0
43.52 545640.0
43.52 545660.0
43.52 545680.0
43.52 545700.0
43.52 545720.0
43.52 545740.0
43.52 545760.0
42.38 545780.0
43.52 545800.0
43.52 545820.0
43.52 545840.0
43.52 545860.0
43.52 545880.0
43.52 545900.0
43.52 545920.0
42.38 545940.0
43.52 545960.0
43.52 545980.0
43.52 546000.0
43.52 546020.0
43.52 546040.0
43.52 546060.0
43.52 546080.0
43.52 546100.0
43.52 546120.0
43.52 546140.0
42.38 546160.0
43.52 546180.0
43.52 546200.0
43.52 546220.0
43.52 546240.0
43.52 546260.0
43.52 546280.0
43.52 546300.0
43.52 546320.0
43.52 546340.0
43.52 546360.0
43.52 546380.0
43.52 546400.0
43.52 546420.0
43.52 546440.0
43.52 546460.0
43.52 546480.0
43.52 546500.0
43.52 546520.0
43.52 546540.0
43.52 546560.0
43.52 546580.0
43.52 546600.0
43.52 546620.0
43.52 546640.0
43.52 546660.0
43.52 546680.0
43.52 546700.0
43.52 546720.0
43.52 546740.0
43.52 546760.0
43.52 546780.0
43.52 546800.0
43.52 546820.0
42.38 546840.0
43.52 546860.0
43.52 546880.0
43.52 546900.0
43.52 546920.0
43.52 546940.0
43.52 546960.0
43.52 546980.0
43.52 547000.0
43.52 547020.0
43.52 547040.0
42.38 547060.0
43.52 547080.0
43.52 547100.0
43.52 547120.0
43.52 547140.0
42.38 547160.0
43.52 547180.0
43.52 547200.0
43.52 547220.0
43.52 547240.0
43.52 547260.0
43.52 547280.0
43.52 547300.0
43.52 547320.0
43.52 547340.0
43.52 547360.0
42.38 547380.0
43.52 547400.0
43.52 547420.0
43.52 547440.0
43.52 547460.0
43.52 547480.0
43.52 547500.0
43.52 547520.0
43.52 547540.0
43.52 547560.0
43.52 547580.0
43.52 547600.0
43.52 547620.0
43.52 547640.0
43.52 547660.0
43.52 547680.0
43.52 547700.0
43.52 547720.0
43.52 547740.0
43.52 547760.0
42.38 547780.0
44.66 547800.0
43.52 547820.0
43.52 547840.0
43.52 547860.0
43.52 547880.0
43.52 547900.0
43.52 547920.0
43.52 547940.0
43.52 547960.0
43.52 547980.0
43.52 548000.0
43.52 548020.0
43.52 548040.0
43.52 548060.0
43.52 548080.0
43.52 548100.0
42.38 548120.0
43.52 548140.0
43.52 548160.0
43.52 548180.0
43.52 548200.0
43.52 548220.0
43.52 548240.0
43.52 548260.0
43.52 548280.0
43.52 548300.0
43.52 548320.0
43.52 548340.0
43.52 548360.0
43.52 548380.0
43.52 548400.0
43.52 548420.0
43.52 548440.0
43.52 548460.0
43.52 548480.0
43.52 548500.0
43.52 548520.0
43.52 548540.0
43.52 548560.0
43.52 548580.0
42.38 548600.0
43.52 548620.0
43.52 548640.0
43.52 548660.0
43.52 548680.0
43.52 548700.0
43.52 548720.0
43.52 548740.0
43.52 548760.0
43.52 548780.0
43.52 548800.0
43.52 548820.0
43.52 548840.0
43.52 548860.0
43.52 548880.0
43.52 548900.0
43.52 548920.0
43.52 548940.0
43.52 548960.0
43.52 548980.0
43.52 549000.0
43.52 549020.0
43.52 549040.0
43.52 549060.0
43.52 549080.0
43.52 549100.0
43.52 549120.0
42.38 549140.0
43.52 549160.0
43.52 549180.0
43.52 549200.0
43.52 549220.0
43.52 549240.0
43.52 549260.0
43.52 549280.0
43.52 549300.0
43.52 549320.0
43.52 549340.0
43.52 549360.0
43.52 549380.0
43.52 549400.0
42.38 549420.0
43.52 549440.0
42.38 549460.0
43.52 549480.0
43.52 549500.0
43.52 549520.0
43.52 549540.0
43.52 549560.0
43.52 549580.0
43.52 549600.0
43.52 549620.0
43.52 549640.0
43.52 549660.0
42.38 549680.0
43.52 549700.0
43.52 549720.0
43.52 549740.0
43.52 549760.0
43.52 549780.0
43.52 549800.0
43.52 549820.0
43.52 549840.0
43.52 549860.0
43.52 549880.0
43.52 549900.0
43.52 549920.0
43.52 549940.0
43.52 549960.0
42.38 549980.0
43.52 550000.0
43.52 550020.0
43.52 550040.0
43.52 550060.0
43.52 550080.0
43.52 550100.0
43.52 550120.0
43.52 550140.0
43.52 550160.0
43.52 550180.0
43.52 550200.0
42.38 550220.0
43.52 550240.0
43.52 550260.0
42.38 550280.0
43.52 550300.0
42.38 550320.0
42.38 550340.0
43.52 550360.0
43.52 550380.0
43.52 550400.0
43.52 550420.0
43.52 550440.0
43.52 550460.0
43.52 550480.0
43.52 550500.0
43.52 550520.0
43.52 550540.0
43.52 550560.0
43.52 550580.0
43.52 550600.0
43.52 550620.0
43.52 550640.0
43.52 550660.0
43.52 550680.0
43.52 550700.0
43.52 550720.0
43.52 550740.0
43.52 550760.0
43.52 550780.0
43.52 550800.0
42.38 550820.0
43.52 550840.0
43.52 550860.0
43.52 550880.0
43.52 550900.0
43.52 550920.0
43.52 550940.0
42.38 550960.0
43.52 550980.0
42.38 551000.0
