30.98 18.97
32.12 19.05
32.12 19.14
32.12 19.07
32.12 18.94
33.26 19.01
33.26 18.93
32.12 18.94
32.12 18.77
33.26 19.1
34.4 19.22
33.26 18.67
34.4 18.74
34.4 18.77
34.4 18.82
34.4 18.75
34.4 19.09
34.4 18.93
34.4 18.84
34.4 18.81
34.4 18.75
34.4 18.72
34.4 19.0
35.54 18.78
35.54 18.7
35.54 19.07
35.54 18.84
35.54 18.96
34.4 18.96
35.54 18.9
35.54 19.0
35.54 18.74
34.4 18.64
35.54 18.77
35.54 18.83
34.4 18.82
35.54 18.87
35.54 18.86
35.54 18.86
35.54 18.78
35.54 18.74
35.54 18.99
35.54 18.64
36.68 18.82
35.54 18.62
36.68 18.67
35.54 18.75
36.68 18.61
35.54 18.61
35.54 18.91
35.54 18.49
36.68 18.66
36.68 18.61
36.68 18.66
35.54 18.75
36.68 18.94
36.68 18.75
35.54 18.58
36.68 18.61
36.68 18.58
36.68 18.75
36.68 18.56
36.68 18.67
36.68 18.64
36.68 18.6
36.68 18.73
36.68 18.51
35.54 18.56
36.68 18.78
36.68 18.7
36.68 18.32
37.82 18.75
36.68 18.85
36.68 18.59
36.68 18.81
37.82 18.52
36.68 18.52
36.68 18.51
36.68 18.71
36.68 18.7
36.68 18.49
37.82 18.51
36.68 18.56
37.82 18.78
37.82 18.74
37.82 18.83
36.68 18.42
37.82 18.82
37.82 18.45
36.68 18.49
37.82 18.65
37.82 18.58
37.82 18.45
37.82 18.49
37.82 18.29
37.82 18.82
37.82 18.56
37.82 18.64
37.82 18.74
36.68 18.43
37.82 18.56
37.82 18.48
37.82 18.29
37.82 18.46
37.82 18.53
36.68 18.36
37.82 18.45
37.82 18.51
37.82 18.74
37.82 18.34
37.82 18.5
37.82 18.58
37.82 18.43
37.82 18.37
37.82 18.53
38.96 18.55
37.82 18.67
37.82 18.31
37.82 18.51
37.82 18.46
37.82 18.72
37.82 18.54
38.96 18.47
37.82 18.42
37.82 18.53
38.96 18.41
37.82 18.62
37.82 18.61
38.96 18.32
37.82 18.51
37.82 18.42
38.96 18.27
38.96 18.66
37.82 18.16
38.96 18.3
37.82 18.42
37.82 18.47
38.96 18.47
38.96 18.48
37.82 18.67
38.96 18.5
38.96 18.68
38.96 18.31
38.96 18.54
38.96 18.37
38.96 18.32
37.82 18.15
38.96 18.45
38.96 18.68
38.96 18.43
38.96 18.48
38.96 18.27
38.96 18.4
38.96 18.4
38.96 18.48
38.96 18.35
38.96 18.42
38.96 18.37
38.96 18.38
38.96 18.48
38.96 18.35
38.96 18.34
38.96 18.1
38.96 18.45
38.96 18.18
40.1 18.39
38.96 18.37
38.96 18.33
38.96 18.34
38.96 18.3
38.96 18.2
38.96 18.35
40.1 18.32
38.96 18.37
38.96 18.34
38.96 18.28
37.82 18.42
40.1 18.5
38.96 18.42
38.96 18.46
38.96 18.19
38.96 18.45
38.96 18.31
38.96 18.37
38.96 18.27
38.96 18.51
40.1 18.47
38.96 18.27
38.96 18.22
40.1 18.37
38.96 18.3
38.96 17.92
38.96 18.31
38.96 18.18
40.1 18.46
38.96 18.26
38.96 18.29
38.96 18.22
40.1 18.34
38.96 18.5
40.1 18.36
38.96 18.3
40.1 18.18
40.1 18.4
38.96 18.34
38.96 18.38
40.1 18.05
38.96 18.19
38.96 18.18
40.1 18.21
40.1 18.36
40.1 18.23
38.96 18.14
38.96 18.14
40.1 18.52
38.96 18.23
40.1 18.11
40.1 18.19
38.96 18.04
40.1 18.19
40.1 18.25
40.1 18.19
40.1 18.29
40.1 18.14
40.1 18.26
40.1 18.11
38.96 18.16
40.1 18.16
40.1 18.13
40.1 18.17
40.1 18.16
40.1 18.13
40.1 18.21
40.1 18.33
40.1 18.44
38.96 18.34
38.96 18.23
38.96 18.03
40.1 18.06
38.96 18.26
40.1 18.05
40.1 18.34
40.1 18.29
40.1 18.24
40.1 18.18
40.1 18.46
40.1 18.34
40.1 18.21
40.1 18.46
40.1 18.42
38.96 18.29
40.1 17.98
40.1 18.04
40.1 18.17
40.1 18.19
40.1 18.11
38.96 17.86
40.1 18.1
40.1 18.17
40.1 18.32
40.1 18.1
40.1 18.11
40.1 18.37
40.1 18.15
40.1 18.18
40.1 18.42
40.1 18.19
40.1 18.11
40.1 18.03
40.1 18.03
40.1 18.06
40.1 18.18
40.1 18.17
41.24 18.25
40.1 18.22
41.24 18.03
41.24 18.21
40.1 18.0
40.1 18.09
41.24 18.25
40.1 18.38
41.24 17.98
40.1 18.24
40.1 18.02
40.1 18.14
38.96 18.09
40.1 18.1
41.24 17.94
41.24 17.93
40.1 17.98
41.24 18.14
40.1 17.84
40.1 18.11
40.1 17.96
40.1 18.06
40.1 18.13
40.1 18.03
41.24 18.08
40.1 17.94
41.24 18.08
40.1 17.92
41.24 18.09
40.1 18.09
40.1 17.96
40.1 17.89
40.1 17.92
40.1 18.08
40.1 18.18
40.1 18.12
41.24 17.97
41.24 18.02
40.1 17.94
40.1 18.14
41.24 18.06
40.1 18.12
40.1 17.95
40.1 17.94
40.1 18.3
40.1 18.0
41.24 17.82
41.24 18.07
41.24 18.03
40.1 18.11
41.24 18.07
40.1 18.16
41.24 17.83
41.24 18.11
40.1 17.97
41.24 18.05
41.24 17.93
41.24 18.13
41.24 18.0
40.1 17.9
40.1 18.08
41.24 17.86
41.24 18.21
41.24 18.06
41.24 18.0
41.24 18.11
40.1 18.13
41.24 17.97
40.1 17.98
41.24 18.08
42.38 17.98
40.1 18.09
41.24 18.03
41.24 18.24
41.24 17.94
41.24 17.94
41.24 18.16
40.1 17.62
40.1 17.89
40.1 17.98
41.24 17.92
40.1 17.89
41.24 18.11
41.24 17.93
41.24 17.81
41.24 17.94
41.24 17.9
41.24 17.82
40.1 17.87
41.24 18.02
40.1 18.12
41.24 18.04
41.24 17.73
41.24 17.97
40.1 18.14
41.24 18.07
41.24 17.99
41.24 17.73
41.24 18.0
40.1 18.0
42.38 18.05
40.1 17.95
41.24 18.18
41.24 18.05
40.1 18.09
41.24 17.92
40.1 18.12
40.1 17.98
40.1 17.91
41.24 18.05
41.24 17.94
40.1 18.04
41.24 17.94
41.24 18.16
41.24 17.8
41.24 17.92
41.24 18.05
41.24 18.03
40.1 18.15
41.24 18.03
41.24 18.09
41.24 17.94
41.24 18.08
41.24 18.1
41.24 18.27
41.24 18.06
41.24 17.86
41.24 17.93
41.24 18.13
41.24 18.03
41.24 17.96
41.24 17.92
41.24 18.13
41.24 18.02
41.24 17.74
41.24 17.96
41.24 18.35
41.24 17.78
41.24 17.81
41.24 17.73
41.24 18.06
41.24 17.95
41.24 17.85
41.24 17.85
41.24 18.03
41.24 17.95
41.24 18.04
40.1 18.05
41.24 17.9
41.24 18.0
41.24 17.88
41.24 18.02
41.24 17.89
42.38 17.92
41.24 18.08
41.24 17.87
41.24 17.8
41.24 17.98
41.24 17.81
40.1 18.01
41.24 17.95
41.24 17.87
41.24 17.84
41.24 17.98
41.24 17.72
41.24 17.98
41.24 18.0
42.38 17.89
42.38 17.94
41.24 18.03
41.24 18.04
41.24 18.02
42.38 17.93
41.24 18.08
41.24 18.0
41.24 17.76
41.24 17.81
41.24 18.03
41.24 17.81
41.24 17.92
41.24 17.76
41.24 17.84
41.24 17.91
41.24 17.87
41.24 17.8
41.24 18.08
41.24 18.02
42.38 17.81
41.24 17.89
42.38 17.93
42.38 17.9
41.24 17.49
41.24 17.76
42.38 18.02
41.24 17.79
42.38 18.11
42.38 18.16
42.38 17.93
42.38 18.0
41.24 17.88
41.24 17.61
41.24 17.9
41.24 17.87
42.38 17.87
42.38 17.79
42.38 17.92
41.24 17.66
42.38 18.0
42.38 18.02
41.24 17.97
42.38 17.88
42.38 17.98
41.24 17.74
42.38 17.63
41.24 17.79
42.38 17.66
41.24 17.76
42.38 17.6
42.38 17.92
42.38 17.6
42.38 17.79
41.24 17.95
42.38 17.7
42.38 17.73
42.38 17.87
42.38 17.6
42.38 17.84
41.24 17.65
41.24 17.63
42.38 17.79
42.38 17.87
42.38 17.77
41.24 18.08
42.38 17.63
42.38 17.77
42.38 17.62
42.38 17.69
42.38 17.72
42.38 17.57
41.24 17.91
42.38 17.8
42.38 17.94
42.38 17.73
42.38 17.73
42.38 17.88
42.38 17.81
42.38 17.68
42.38 17.75
42.38 17.83
41.24 17.76
42.38 17.76
42.38 17.86
42.38 17.82
42.38 17.69
42.38 17.61
42.38 17.92
42.38 17.82
42.38 17.78
42.38 17.79
42.38 17.8
41.24 17.78
42.38 17.71
42.38 17.73
42.38 17.38
41.24 17.87
42.38 17.95
42.38 17.77
42.38 17.58
42.38 17.84
42.38 17.65
42.38 17.83
42.38 17.81
42.38 17.91
42.38 17.68
42.38 17.58
41.24 17.74
42.38 17.68
42.38 17.78
42.38 17.71
42.38 17.68
42.38 17.71
42.38 17.74
42.38 17.73
42.38 17.63
43.52 17.7
42.38 17.74
42.38 17.62
42.38 17.71
42.38 17.9
42.38 17.63
42.38 17.67
42.38 17.76
42.38 17.76
42.38 17.76
42.38 17.8
42.38 17.65
42.38 17.81
42.38 17.7
41.24 17.82
42.38 17.77
42.38 17.66
42.38 17.64
42.38 17.63
42.38 17.79
42.38 17.68
42.38 17.76
43.52 17.49
42.38 17.65
43.52 17.73
42.38 17.72
42.38 17.79
42.38 17.68
43.52 17.87
43.52 17.69
42.38 17.66
43.52 17.74
42.38 17.71
42.38 17.78
42.38 17.67
43.52 17.68
42.38 17.83
42.38 17.71
42.38 17.89
42.38 17.81
42.38 17.71
43.52 17.75
42.38 17.62
43.52 17.57
42.38 17.62
42.38 17.68
42.38 17.59
42.38 17.63
43.52 17.8
42.38 17.66
42.38 17.72
42.38 17.86
42.38 17.71
42.38 17.49
42.38 17.76
42.38 17.78
42.38 17.68
43.52 17.83
42.38 17.92
42.38 17.63
43.52 17.7
43.52 17.82
42.38 17.51
42.38 17.55
43.52 17.68
42.38 17.71
42.38 17.57
42.38 17.59
42.38 17.7
42.38 17.52
42.38 17.51
43.52 17.87
42.38 17.64
43.52 17.89
43.52 17.72
43.52 17.67
43.52 17.5
43.52 17.82
43.52 17.74
43.52 17.6
42.38 17.67
43.52 17.6
42.38 17.61
42.38 17.61
43.52 17.85
42.38 17.74
43.52 17.64
42.38 17.47
43.52 17.43
43.52 17.74
42.38 17.61
42.38 17.83
42.38 17.63
42.38 17.61
42.38 17.89
43.52 17.59
43.52 17.78
42.38 17.56
42.38 17.62
43.52 17.8
43.52 17.76
42.38 17.6
42.38 17.52
42.38 17.53
42.38 17.77
42.38 17.44
43.52 17.8
42.38 17.49
43.52 17.74
42.38 17.65
42.38 17.57
42.38 17.6
42.38 17.73
42.38 17.74
43.52 17.66
43.52 17.66
43.52 17.6
43.52 17.65
43.52 17.66
42.38 17.53
43.52 17.65
43.52 17.58
43.52 17.57
42.38 17.68
42.38 17.48
42.38 17.65
43.52 17.52
43.52 17.52
43.52 17.57
43.52 17.51
43.52 17.48
43.52 17.55
42.38 17.78
43.52 17.53
43.52 17.72
43.52 17.51
42.38 17.57
42.38 17.49
43.52 17.55
43.52 17.29
43.52 17.58
43.52 17.41
43.52 17.57
43.52 17.58
43.52 17.61
43.52 17.72
43.52 17.7
43.52 17.55
43.52 17.65
42.38 17.55
42.38 17.58
43.52 17.7
43.52 17.42
43.52 17.57
42.38 17.59
43.52 17.49
42.38 17.6
42.38 17.56
42.38 17.56
43.52 17.4
42.38 17.5
43.52 17.46
42.38 17.53
43.52 17.31
43.52 17.41
43.52 17.6
43.52 17.61
43.52 17.6
43.52 17.55
42.38 17.66
43.52 17.47
43.52 17.38
43.52 17.7
43.52 17.55
43.52 17.77
42.38 17.6
42.38 17.56
43.52 17.59
43.52 17.55
43.52 17.56
43.52 17.6
43.52 17.58
42.38 17.38
42.38 17.82
42.38 17.33
42.38 17.49
43.52 17.35
43.52 17.58
43.52 17.47
43.52 17.42
43.52 17.47
43.52 17.63
42.38 17.54
43.52 17.43
43.52 17.65
43.52 17.63
42.38 17.46
43.52 17.68
43.52 17.49
43.52 17.47
43.52 17.72
43.52 17.41
43.52 17.52
43.52 17.52
43.52 17.46
43.52 17.44
43.52 17.44
43.52 17.58
42.38 17.6
43.52 17.57
43.52 17.26
43.52 17.42
43.52 17.62
43.52 17.6
43.52 17.4
43.52 17.42
43.52 17.4
43.52 17.33
43.52 17.38
43.52 17.28
42.38 17.28
43.52 17.6
43.52 17.47
43.52 17.39
43.52 17.75
43.52 17.38
43.52 17.68
43.52 17.58
42.38 17.49
43.52 17.51
43.52 17.44
43.52 17.43
43.52 17.41
43.52 17.46
43.52 17.51
43.52 17.63
43.52 17.4
43.52 17.52
43.52 17.46
43.52 17.54
43.52 17.63
42.38 17.51
43.52 17.47
42.38 17.45
43.52 17.33
43.52 17.34
43.52 17.31
43.52 17.44
43.52 17.38
43.52 17.49
43.52 17.36
43.52 17.49
43.52 17.31
43.52 17.34
43.52 17.57
43.52 17.52
43.52 17.58
43.52 17.41
44.66 17.44
43.52 17.29
42.38 17.38
43.52 17.34
43.52 17.49
43.52 17.46
43.52 17.22
43.52 17.41
43.52 17.42
43.52 17.59
43.52 17.72
43.52 17.28
43.52 17.57
43.52 17.57
43.52 17.38
43.52 17.52
43.52 17.46
43.52 17.64
43.52 17.54
43.52 17.49
43.52 17.46
43.52 17.59
43.52 17.54
43.52 17.44
43.52 17.47
43.52 17.3
43.52 17.37
43.52 17.46
43.52 17.46
43.52 17.44
43.52 17.34
43.52 17.49
43.52 17.66
43.52 17.65
43.52 17.5
43.52 17.5
43.52 17.48
43.52 17.41
44.66 17.46
43.52 17.41
43.52 17.46
43.52 17.39
43.52 17.33
43.52 17.64
44.66 17.44
43.52 17.38
43.52 17.51
43.52 17.6
43.52 17.3
43.52 17.39
43.52 17.18
44.66 17.39
43.52 17.54
43.52 17.52
43.52 17.55
43.52 17.42
43.52 17.46
43.52 17.38
43.52 17.53
43.52 17.44
44.66 17.6
43.52 17.01
44.66 17.49
44.66 17.39
43.52 17.48
43.52 17.34
44.66 17.44
43.52 17.28
43.52 17.33
43.52 17.66
44.66 17.47
43.52 17.59
44.66 17.76
43.52 17.4
43.52 17.41
43.52 17.26
43.52 17.36
44.66 17.47
43.52 17.58
44.66 17.46
44.66 17.47
43.52 17.33
43.52 17.38
43.52 17.62
43.52 17.37
43.52 17.3
44.66 17.64
43.52 17.5
44.66 17.45
43.52 17.63
44.66 17.61
44.66 17.59
43.52 17.41
43.52 17.73
44.66 17.34
43.52 17.31
43.52 17.51
44.66 17.38
44.66 17.43
43.52 17.74
43.52 17.39
43.52 17.28
44.66 17.3
43.52 17.29
43.52 17.39
43.52 17.17
44.66 17.54
44.66 17.39
43.52 17.46
44.66 17.37
44.66 17.23
43.52 17.49
43.52 17.47
43.52 17.21
44.66 17.47
44.66 17.35
44.66 17.51
44.66 17.12
43.52 17.5
44.66 17.08
43.52 17.43
43.52 17.23
43.52 17.51
43.52 17.47
43.52 17.2
44.66 17.42
44.66 17.33
43.52 17.3
43.52 17.3
44.66 17.46
44.66 17.25
43.52 17.39
43.52 17.45
43.52 17.3
44.66 17.37
44.66 17.25
44.66 17.35
44.66 17.82
43.52 17.34
44.66 17.38
44.66 17.25
43.52 17.2
44.66 17.43
44.66 17.4
44.66 17.28
43.52 17.51
43.52 17.42
44.66 17.2
43.52 17.26
44.66 17.23
43.52 17.44
44.66 17.41
44.66 17.36
43.52 17.25
44.66 17.39
44.66 17.28
44.66 17.54
44.66 17.44
44.66 17.38
44.66 17.39
44.66 17.15
44.66 17.38
44.66 17.22
45.8 17.12
43.52 17.33
44.66 17.41
44.66 17.2
44.66 17.24
44.66 17.46
44.66 17.29
44.66 17.25
44.66 17.29
43.52 17.25
44.66 17.49
44.66 17.28
44.66 17.22
44.66 17.27
44.66 17.39
44.66 17.2
43.52 17.37
43.52 17.36
43.52 17.31
44.66 17.55
43.52 17.07
43.52 17.12
43.52 17.23
44.66 17.38
44.66 17.29
43.52 17.44
44.66 17.23
44.66 17.26
43.52 17.08
43.52 17.28
44.66 17.24
43.52 17.46
44.66 17.37
44.66 16.96
44.66 17.27
43.52 17.46
43.52 17.1
44.66 17.2
44.66 17.34
44.66 17.31
44.66 17.29
44.66 17.25
44.66 17.29
44.66 17.32
44.66 17.15
44.66 17.38
44.66 17.24
44.66 17.19
44.66 17.28
44.66 17.28
45.8 17.5
44.66 17.1
44.66 17.15
44.66 17.14
44.66 17.36
44.66 17.5
44.66 17.44
45.8 17.38
44.66 17.12
44.66 17.33
44.66 17.17
44.66 17.17
44.66 17.26
44.66 17.28
44.66 17.34
45.8 17.31
44.66 17.14
44.66 17.22
44.66 17.25
44.66 17.23
44.66 17.35
44.66 16.99
44.66 17.24
44.66 17.34
44.66 17.22
43.52 17.26
44.66 17.25
44.66 17.18
44.66 17.27
44.66 17.31
44.66 17.04
44.66 17.44
44.66 16.92
44.66 17.18
43.52 16.9
44.66 17.18
44.66 17.14
45.8 17.06
44.66 17.13
44.66 17.33
44.66 17.41
44.66 17.36
44.66 17.47
44.66 17.3
44.66 17.44
44.66 16.99
44.66 17.18
44.66 17.25
44.66 17.32
44.66 17.14
44.66 16.98
44.66 17.27
44.66 17.25
44.66 17.22
44.66 17.01
44.66 17.05
43.52 17.28
44.66 17.34
44.66 17.17
44.66 17.29
44.66 17.26
44.66 17.21
44.66 17.2
44.66 17.11
44.66 17.26
44.66 17.27
44.66 17.15
44.66 17.23
45.8 17.37
44.66 17.23
44.66 17.14
44.66 17.36
44.66 17.45
44.66 17.14
45.8 17.39
44.66 17.19
44.66 16.98
44.66 17.18
45.8 17.41
44.66 17.09
44.66 17.31
44.66 17.08
44.66 17.3
44.66 17.31
44.66 17.36
44.66 17.18
44.66 17.21
43.52 17.25
44.66 17.36
44.66 17.38
44.66 17.07
44.66 17.07
44.66 17.04
44.66 16.95
44.66 16.98
44.66 17.26
45.8 17.18
44.66 17.16
45.8 17.13
44.66 17.19
45.8 17.36
44.66 17.33
44.66 17.36
44.66 17.25
44.66 17.17
44.66 17.38
44.66 17.23
44.66 17.23
45.8 17.14
44.66 17.22
44.66 17.09
44.66 17.09
45.8 17.33
44.66 17.27
44.66 17.14
44.66 17.24
44.66 17.41
45.8 17.1
44.66 17.13
45.8 17.18
44.66 17.21
45.8 17.24
45.8 17.19
45.8 17.16
44.66 17.2
44.66 17.27
44.66 17.34
44.66 17.1
44.66 17.15
44.66 17.12
44.66 17.12
44.66 17.04
44.66 17.09
45.8 17.35
44.66 17.18
45.8 17.17
45.8 17.33
44.66 17.14
45.8 17.05
45.8 17.13
44.66 17.21
45.8 17.28
45.8 17.07
44.66 17.12
44.66 17.38
44.66 17.05
45.8 17.25
44.66 17.24
45.8 17.23
44.66 17.2
44.66 17.37
44.66 17.47
45.8 17.1
45.8 17.15
44.66 16.98
44.66 17.14
45.8 17.31
44.66 17.27
44.66 17.22
44.66 17.33
44.66 17.1
44.66 17.37
45.8 17.33
45.8 17.29
44.66 16.98
44.66 17.16
45.8 17.42
44.66 17.28
44.66 17.12
44.66 17.24
44.66 17.32
45.8 17.28
45.8 17.52
44.66 17.34
45.8 17.43
44.66 17.38
45.8 17.12
45.8 16.98
45.8 17.04
44.66 17.07
44.66 17.1
45.8 17.17
44.66 17.1
44.66 17.2
44.66 17.02
45.8 17.14
44.66 17.14
45.8 17.23
44.66 17.12
45.8 17.31
44.66 17.17
45.8 17.31
44.66 17.28
44.66 17.2
45.8 17.41
45.8 17.12
44.66 17.22
45.8 17.02
44.66 16.99
44.66 17.25
44.66 17.4
44.66 17.03
45.8 17.22
45.8 17.12
45.8 17.14
45.8 17.14
45.8 17.06
44.66 17.19
44.66 17.09
45.8 17.29
45.8 16.96
45.8 17.07
45.8 17.25
44.66 17.05
45.8 17.23
44.66 17.25
45.8 17.16
44.66 17.22
45.8 17.13
45.8 17.05
45.8 17.11
45.8 17.04
45.8 17.22
44.66 17.01
44.66 17.22
45.8 17.25
44.66 17.1
45.8 17.12
45.8 17.08
45.8 17.28
45.8 17.21
45.8 17.25
44.66 16.99
44.66 17.42
45.8 16.97
45.8 17.19
45.8 17.13
44.66 17.17
44.66 17.1
45.8 17.27
45.8 17.08
45.8 17.02
44.66 17.12
44.66 17.2
45.8 17.11
44.66 17.22
45.8 17.23
45.8 17.2
44.66 17.15
46.94 16.99
45.8 17.06
45.8 17.13
45.8 16.89
45.8 17.07
45.8 17.14
45.8 17.12
45.8 17.2
45.8 17.22
44.66 17.21
45.8 17.01
45.8 16.93
44.66 17.19
45.8 16.74
45.8 17.17
45.8 17.23
45.8 17.12
45.8 17.3
45.8 17.25
45.8 16.91
45.8 17.23
44.66 17.12
45.8 17.24
45.8 17.32
45.8 16.99
45.8 17.13
44.66 17.04
45.8 17.26
45.8 16.98
45.8 17.12
44.66 17.1
45.8 17.07
45.8 17.19
45.8 17.19
45.8 17.15
45.8 17.17
46.94 17.03
45.8 17.14
45.8 16.91
45.8 16.99
45.8 17.15
45.8 17.16
45.8 17.11
45.8 16.97
45.8 17.33
44.66 17.31
44.66 17.18
45.8 16.82
45.8 17.23
45.8 17.02
45.8 17.34
45.8 16.94
45.8 16.99
45.8 16.96
45.8 16.99
45.8 16.96
45.8 16.73
45.8 17.06
45.8 17.06
44.66 17.2
45.8 17.09
45.8 17.02
45.8 17.1
45.8 17.07
45.8 16.93
44.66 17.07
45.8 16.9
45.8 16.98
45.8 17.08
45.8 17.15
45.8 16.96
45.8 16.78
45.8 17.01
45.8 16.96
45.8 17.04
45.8 17.27
45.8 17.22
45.8 16.98
45.8 17.12
45.8 17.02
45.8 17.17
45.8 17.08
45.8 16.8
45.8 16.98
45.8 17.09
45.8 17.12
45.8 17.1
45.8 17.22
45.8 17.12
45.8 16.96
45.8 16.93
44.66 17.23
45.8 16.84
45.8 16.91
45.8 17.11
45.8 16.85
45.8 17.04
44.66 16.89
45.8 17.31
45.8 16.96
44.66 16.91
45.8 17.21
45.8 16.93
45.8 16.88
45.8 16.88
45.8 17.15
45.8 16.88
45.8 16.89
44.66 16.96
45.8 17.03
45.8 17.02
45.8 17.09
45.8 17.15
45.8 16.9
45.8 17.1
45.8 17.07
45.8 17.0
45.8 16.94
44.66 17.1
45.8 17.09
45.8 16.83
44.66 16.88
45.8 17.11
45.8 17.02
45.8 17.12
45.8 17.07
45.8 17.04
46.94 16.85
45.8 16.92
45.8 17.17
45.8 17.0
45.8 17.12
45.8 17.17
45.8 16.85
46.94 17.1
45.8 17.14
45.8 17.18
45.8 17.07
45.8 16.99
45.8 17.0
45.8 16.89
45.8 17.07
44.66 17.0
45.8 16.94
45.8 16.84
44.66 17.01
45.8 17.06
45.8 17.1
45.8 17.03
46.94 17.1
45.8 17.02
45.8 17.1
45.8 17.2
45.8 17.07
45.8 16.99
45.8 17.01
45.8 16.94
45.8 16.88
45.8 17.15
45.8 16.79
45.8 16.97
45.8 17.05
45.8 16.9
45.8 17.06
45.8 17.07
45.8 16.8
45.8 16.95
45.8 17.07
45.8 16.7
45.8 16.95
46.94 16.86
46.94 17.0
46.94 16.88
45.8 17.01
46.94 17.06
45.8 16.99
45.8 16.91
45.8 16.86
45.8 16.86
46.94 16.79
45.8 16.99
45.8 17.05
45.8 16.85
45.8 17.04
45.8 16.85
45.8 17.04
45.8 17.16
46.94 16.78
45.8 16.83
45.8 17.04
46.94 17.09
45.8 16.99
46.94 17.0
45.8 16.93
45.8 17.07
45.8 16.9
44.66 17.13
45.8 17.09
45.8 16.88
45.8 17.04
45.8 16.96
45.8 16.88
45.8 16.93
45.8 16.93
45.8 17.03
45.8 17.23
45.8 16.82
45.8 16.9
45.8 17.13
45.8 16.73
45.8 16.97
45.8 16.9
45.8 16.91
45.8 16.96
46.94 17.0
45.8 17.01
45.8 17.05
45.8 17.01
46.94 17.15
45.8 17.11
46.94 16.94
45.8 17.2
45.8 17.01
45.8 17.01
45.8 17.11
45.8 16.84
46.94 16.8
46.94 17.08
45.8 16.93
46.94 16.91
45.8 17.01
45.8 17.12
45.8 16.82
45.8 17.1
45.8 16.91
46.94 17.02
45.8 17.07
45.8 16.78
45.8 16.82
45.8 16.85
45.8 16.82
46.94 17.09
45.8 17.11
46.94 16.94
45.8 17.07
45.8 16.93
45.8 16.98
45.8 16.94
45.8 16.91
45.8 17.08
45.8 16.87
45.8 16.98
45.8 16.87
45.8 16.88
45.8 17.11
45.8 16.86
45.8 17.05
45.8 17.01
46.94 16.88
45.8 17.01
45.8 16.86
45.8 17.03
45.8 16.93
45.8 17.07
45.8 17.07
45.8 16.72
45.8 16.81
45.8 16.92
45.8 17.11
45.8 16.94
46.94 17.14
45.8 17.02
46.94 17.22
45.8 17.07
45.8 16.9
46.94 16.81
45.8 16.87
45.8 17.04
45.8 16.91
45.8 16.93
45.8 17.12
45.8 16.99
45.8 17.02
46.94 16.95
46.94 16.82
45.8 17.02
45.8 16.96
46.94 17.1
45.8 17.04
45.8 17.04
45.8 17.06
46.94 16.9
45.8 16.84
45.8 16.98
45.8 16.99
46.94 16.91
45.8 16.93
46.94 16.75
46.94 17.0
45.8 17.03
46.94 16.99
45.8 16.96
45.8 16.99
46.94 16.9
46.94 17.02
46.94 16.56
46.94 17.1
45.8 16.77
46.94 17.04
45.8 17.14
45.8 16.98
45.8 16.86
45.8 17.13
45.8 16.97
46.94 16.86
46.94 16.93
46.94 16.94
46.94 16.96
45.8 16.92
46.94 16.66
46.94 16.96
46.94 16.93
45.8 16.7
46.94 16.73
45.8 17.0
46.94 16.96
45.8 17.12
45.8 16.94
45.8 17.09
46.94 16.72
46.94 16.85
45.8 16.85
45.8 16.74
46.94 16.93
46.94 16.79
46.94 16.99
45.8 16.89
45.8 16.85
45.8 16.71
45.8 16.91
46.94 16.89
46.94 16.97
46.94 16.74
46.94 17.03
45.8 17.02
46.94 17.01
46.94 16.97
46.94 16.89
46.94 16.82
46.94 16.69
46.94 16.85
46.94 16.84
45.8 16.86
46.94 17.01
45.8 17.14
45.8 17.13
46.94 17.0
45.8 16.95
46.94 16.86
46.94 16.92
45.8 16.78
46.94 16.78
45.8 16.92
46.94 16.76
45.8 17.06
46.94 16.89
46.94 17.3
46.94 16.87
46.94 16.8
46.94 16.76
46.94 16.9
46.94 17.01
45.8 16.93
46.94 16.77
45.8 17.04
46.94 17.03
45.8 16.88
46.94 17.09
45.8 17.18
46.94 17.07
46.94 16.94
46.94 17.09
45.8 16.87
46.94 16.93
45.8 16.7
46.94 17.14
45.8 17.01
46.94 16.85
46.94 17.01
46.94 16.94
46.94 16.86
46.94 16.94
46.94 16.88
46.94 16.96
46.94 16.7
46.94 16.83
45.8 16.67
46.94 16.83
46.94 16.86
46.94 16.82
46.94 16.88
45.8 16.87
46.94 17.02
45.8 17.09
46.94 17.03
45.8 17.07
46.94 16.83
46.94 16.83
46.94 16.99
46.94 16.79
46.94 16.93
46.94 17.14
46.94 17.01
46.94 17.04
46.94 16.87
46.94 16.86
46.94 16.75
46.94 16.88
46.94 16.85
46.94 16.76
46.94 16.74
46.94 16.78
46.94 16.99
45.8 16.67
48.08 16.93
46.94 16.93
46.94 16.66
46.94 16.91
46.94 16.88
46.94 16.69
48.08 16.89
46.94 16.79
46.94 16.96
46.94 16.76
46.94 16.81
46.94 16.84
46.94 16.83
46.94 16.54
45.8 16.9
45.8 16.95
46.94 16.91
46.94 17.01
46.94 17.02
46.94 17.09
46.94 16.77
46.94 16.76
46.94 16.73
46.94 16.86
46.94 16.88
46.94 16.86
46.94 16.74
46.94 16.74
45.8 17.01
46.94 16.77
46.94 16.75
46.94 16.7
46.94 16.72
46.94 16.99
46.94 16.86
46.94 16.8
46.94 16.82
46.94 16.93
46.94 17.15
46.94 16.8
46.94 16.81
46.94 16.62
46.94 16.73
46.94 16.64
46.94 17.01
46.94 16.74
46.94 16.83
46.94 16.79
46.94 16.84
46.94 16.89
46.94 16.72
46.94 16.55
46.94 16.82
46.94 16.8
45.8 16.75
46.94 16.93
48.08 16.74
46.94 16.7
46.94 16.84
48.08 16.75
46.94 16.9
46.94 16.73
46.94 16.71
46.94 16.93
46.94 16.62
46.94 16.92
46.94 16.82
46.94 16.77
46.94 16.81
46.94 16.81
46.94 17.1
46.94 16.75
46.94 16.7
46.94 16.81
46.94 16.93
46.94 16.8
46.94 16.9
46.94 16.73
46.94 16.7
46.94 16.72
46.94 16.91
46.94 16.75
45.8 16.73
46.94 16.82
46.94 16.66
46.94 16.64
46.94 16.83
46.94 16.91
46.94 16.82
46.94 16.62
46.94 17.02
46.94 16.85
46.94 16.86
46.94 16.88
46.94 16.69
46.94 16.78
46.94 16.69
46.94 16.75
46.94 17.13
46.94 16.92
48.08 16.75
46.94 17.05
46.94 16.82
46.94 16.65
46.94 17.08
46.94 16.87
46.94 16.78
46.94 16.59
46.94 16.58
46.94 16.83
45.8 16.86
46.94 16.66
46.94 16.71
46.94 16.91
46.94 16.85
46.94 16.77
46.94 16.96
46.94 16.88
46.94 16.77
46.94 17.12
46.94 16.82
46.94 16.75
46.94 16.7
46.94 16.8
46.94 16.69
46.94 16.69
46.94 16.79
46.94 16.72
46.94 16.71
46.94 16.83
46.94 16.92
46.94 16.98
46.94 16.78
46.94 16.9
46.94 16.69
46.94 16.89
46.94 16.74
46.94 16.69
46.94 16.85
46.94 16.88
46.94 16.69
46.94 16.62
46.94 16.83
46.94 16.7
48.08 16.62
48.08 16.72
46.94 17.0
46.94 16.59
46.94 16.8
46.94 16.78
46.94 16.86
46.94 16.76
46.94 16.76
46.94 16.81
46.94 16.78
46.94 16.46
46.94 16.74
46.94 16.74
48.08 16.69
48.08 16.72
46.94 16.83
46.94 16.63
46.94 16.59
46.94 16.91
46.94 16.72
46.94 16.71
46.94 16.82
46.94 16.79
46.94 16.54
46.94 16.75
48.08 16.69
46.94 16.82
46.94 16.72
46.94 16.57
46.94 16.64
48.08 16.88
46.94 16.5
46.94 16.76
46.94 16.63
46.94 16.75
46.94 16.88
46.94 16.85
46.94 16.66
46.94 16.83
48.08 16.81
48.08 16.91
46.94 16.67
46.94 16.93
46.94 16.74
46.94 16.66
46.94 16.96
46.94 16.88
46.94 16.59
46.94 16.76
46.94 16.64
48.08 16.85
48.08 16.72
46.94 16.7
46.94 16.59
46.94 16.82
46.94 16.56
48.08 16.8
46.94 16.74
48.08 16.56
46.94 16.61
46.94 17.03
46.94 16.57
46.94 16.75
46.94 16.95
46.94 16.65
48.08 16.8
48.08 16.67
46.94 16.64
46.94 16.56
46.94 16.74
46.94 16.96
46.94 16.43
48.08 16.94
46.94 16.78
46.94 16.74
46.94 16.74
46.94 16.53
46.94 16.79
46.94 16.94
46.94 16.73
46.94 16.7
46.94 16.79
48.08 16.67
46.94 16.82
46.94 16.72
48.08 16.84
46.94 16.71
46.94 16.76
46.94 16.66
46.94 16.63
46.94 16.64
46.94 16.77
46.94 16.97
48.08 16.61
48.08 16.7
46.94 16.91
48.08 16.5
48.08 16.56
46.94 17.01
46.94 16.76
48.08 16.86
46.94 16.83
46.94 16.6
46.94 16.97
48.08 16.77
46.94 16.73
46.94 16.75
48.08 16.93
48.08 16.71
46.94 16.62
46.94 16.62
46.94 16.74
46.94 16.85
46.94 16.73
46.94 16.74
46.94 16.6
48.08 16.98
46.94 16.78
48.08 16.67
46.94 16.82
46.94 16.74
46.94 16.51
46.94 16.64
46.94 16.63
46.94 16.5
48.08 16.86
46.94 16.6
46.94 17.1
48.08 16.61
48.08 16.68
46.94 16.78
48.08 16.62
46.94 16.77
48.08 16.96
46.94 16.83
48.08 16.83
48.08 16.89
48.08 16.55
46.94 16.66
48.08 16.69
48.08 16.7
48.08 16.7
48.08 16.73
48.08 16.62
48.08 16.86
46.94 16.77
46.94 16.69
48.08 16.58
46.94 16.75
48.08 16.84
48.08 16.52
48.08 16.7
46.94 16.53
46.94 16.91
46.94 16.76
48.08 16.66
48.08 16.64
46.94 16.68
48.08 16.91
46.94 16.58
46.94 16.5
48.08 16.75
48.08 16.93
48.08 16.96
48.08 16.61
48.08 16.71
46.94 16.69
48.08 16.52
46.94 16.74
46.94 16.65
48.08 16.61
46.94 16.67
46.94 16.62
46.94 16.68
46.94 16.75
46.94 16.54
48.08 16.91
48.08 16.74
46.94 16.7
48.08 16.81
46.94 16.78
46.94 16.93
48.08 16.73
46.94 16.68
48.08 16.82
46.94 16.87
46.94 16.85
46.94 16.8
48.08 16.66
48.08 16.74
46.94 16.85
48.08 16.84
46.94 16.85
46.94 16.63
46.94 16.54
48.08 16.82
48.08 16.78
46.94 16.98
46.94 16.8
48.08 16.9
48.08 16.55
46.94 16.85
46.94 16.98
48.08 16.47
48.08 16.78
48.08 16.97
46.94 16.75
48.08 16.48
46.94 16.85
46.94 16.77
48.08 16.54
48.08 16.86
46.94 16.52
46.94 16.6
48.08 16.63
48.08 16.54
48.08 16.87
48.08 16.63
48.08 16.94
48.08 16.75
46.94 16.81
48.08 16.78
48.08 16.59
48.08 16.72
48.08 16.72
48.08 16.67
48.08 16.78
48.08 16.5
48.08 16.55
48.08 16.45
48.08 16.64
48.08 16.35
48.08 16.78
48.08 16.68
48.08 16.78
46.94 16.7
48.08 16.89
48.08 16.78
48.08 16.73
48.08 16.87
46.94 16.92
46.94 16.77
46.94 16.67
48.08 16.55
48.08 16.61
46.94 16.52
46.94 16.79
46.94 16.78
48.08 16.69
48.08 16.7
48.08 16.67
48.08 16.91
46.94 16.7
46.94 16.64
48.08 16.59
48.08 16.78
46.94 16.53
46.94 16.73
48.08 16.53
48.08 16.6
48.08 16.93
46.94 16.77
48.08 16.78
46.94 16.65
48.08 16.52
48.08 16.62
48.08 16.4
48.08 16.62
46.94 16.77
48.08 16.69
48.08 16.58
48.08 16.49
48.08 16.54
48.08 16.59
48.08 16.58
48.08 16.82
48.08 16.76
48.08 16.72
48.08 16.74
48.08 16.66
48.08 16.61
48.08 16.61
48.08 16.68
48.08 16.61
48.08 16.85
48.08 16.69
48.08 16.54
48.08 16.52
48.08 16.56
48.08 16.77
48.08 16.63
48.08 16.89
48.08 16.76
48.08 16.65
48.08 16.54
48.08 16.73
48.08 16.62
48.08 16.72
48.08 16.7
48.08 16.51
48.08 16.72
46.94 16.6
46.94 16.54
48.08 16.42
48.08 16.77
48.08 16.59
48.08 16.82
48.08 16.59
48.08 16.72
48.08 16.75
48.08 16.4
48.08 16.51
48.08 16.5
48.08 16.56
48.08 16.71
48.08 16.71
48.08 16.43
48.08 16.55
48.08 16.61
48.08 16.78
48.08 16.93
46.94 16.63
46.94 16.54
48.08 16.44
48.08 16.89
48.08 16.77
48.08 16.66
48.08 16.44
48.08 16.67
48.08 16.59
48.08 16.74
48.08 16.45
48.08 16.66
48.08 16.7
48.08 16.53
48.08 16.59
48.08 16.7
48.08 16.55
48.08 16.61
48.08 16.56
48.08 16.8
48.08 16.73
46.94 16.5
48.08 16.82
48.08 16.48
48.08 16.53
48.08 16.69
48.08 16.62
48.08 16.8
48.08 16.74
49.22 16.71
48.08 16.46
48.08 16.67
48.08 16.69
48.08 16.4
46.94 16.73
46.94 16.64
48.08 16.56
48.08 16.55
48.08 16.79
48.08 16.53
48.08 16.62
48.08 16.78
48.08 16.38
48.08 16.63
49.22 16.62
48.08 16.86
48.08 16.7
48.08 16.56
48.08 16.47
48.08 16.48
48.08 16.9
48.08 16.51
48.08 16.4
48.08 16.59
48.08 16.6
48.08 16.67
48.08 16.59
48.08 16.64
48.08 16.59
46.94 16.74
48.08 16.67
48.08 16.87
48.08 16.84
48.08 16.62
48.08 16.69
48.08 16.51
48.08 16.88
49.22 16.56
48.08 16.48
48.08 16.8
48.08 16.47
48.08 16.69
48.08 16.74
48.08 16.62
48.08 16.49
48.08 16.53
48.08 16.53
48.08 16.51
48.08 16.55
48.08 16.69
48.08 16.51
48.08 16.64
48.08 16.74
48.08 16.53
48.08 16.53
48.08 16.55
48.08 16.56
48.08 16.59
48.08 16.83
48.08 16.57
46.94 16.72
48.08 16.62
48.08 16.62
48.08 16.78
48.08 16.7
48.08 16.61
48.08 16.83
48.08 16.76
48.08 16.62
48.08 16.62
48.08 16.53
48.08 16.73
48.08 16.34
48.08 16.7
48.08 16.6
48.08 16.62
48.08 16.6
48.08 16.56
48.08 16.65
48.08 16.69
48.08 16.56
48.08 16.49
48.08 16.53
48.08 16.53
48.08 16.55
48.08 16.64
48.08 16.66
48.08 16.37
48.08 16.49
48.08 16.55
48.08 16.55
48.08 16.47
48.08 16.62
49.22 16.34
48.08 16.54
48.08 16.7
48.08 16.78
48.08 16.74
48.08 16.78
48.08 16.6
48.08 16.73
49.22 16.66
49.22 16.59
48.08 16.4
49.22 16.42
48.08 16.69
48.08 16.59
48.08 16.59
48.08 16.27
48.08 16.59
48.08 16.45
49.22 16.63
48.08 16.51
48.08 16.22
48.08 16.5
48.08 16.63
49.22 16.53
48.08 16.5
49.22 16.58
48.08 16.51
48.08 16.69
48.08 16.59
48.08 16.4
49.22 16.46
48.08 16.48
48.08 16.6
48.08 16.4
48.08 16.41
48.08 16.54
48.08 16.56
48.08 16.8
48.08 16.59
48.08 16.5
48.08 16.59
48.08 16.56
48.08 16.61
48.08 16.55
48.08 16.65
48.08 16.58
48.08 16.71
48.08 16.77
48.08 16.57
48.08 16.44
46.94 16.7
49.22 16.51
48.08 16.5
48.08 16.81
49.22 16.54
49.22 16.62
48.08 16.4
48.08 16.52
48.08 16.45
48.08 16.5
48.08 16.71
48.08 16.27
49.22 16.5
49.22 16.53
48.08 16.7
49.22 16.63
48.08 16.5
48.08 16.65
48.08 16.6
48.08 16.57
48.08 16.56
48.08 16.49
49.22 16.62
48.08 16.54
49.22 16.41
48.08 16.46
48.08 16.61
48.08 16.3
48.08 16.62
48.08 16.47
49.22 16.61
48.08 16.52
48.08 16.55
48.08 16.51
48.08 16.42
48.08 16.61
48.08 16.94
48.08 16.59
48.08 16.39
48.08 16.35
49.22 16.64
49.22 16.68
48.08 16.56
49.22 16.62
48.08 16.43
49.22 16.67
48.08 16.43
48.08 16.53
48.08 16.54
48.08 16.48
49.22 16.27
48.08 16.64
49.22 16.6
48.08 16.58
48.08 16.43
48.08 16.69
48.08 16.47
49.22 16.41
48.08 16.61
49.22 16.7
48.08 16.58
48.08 16.55
48.08 16.53
48.08 16.53
48.08 16.49
48.08 16.61
48.08 16.4
48.08 16.44
48.08 16.53
48.08 16.59
49.22 16.27
49.22 16.69
49.22 16.52
48.08 16.59
48.08 16.48
48.08 16.42
48.08 16.45
49.22 16.46
48.08 16.5
48.08 16.3
49.22 16.59
49.22 16.63
48.08 16.66
48.08 16.45
49.22 16.35
48.08 16.67
48.08 16.27
48.08 16.43
48.08 16.53
48.08 16.43
48.08 16.5
48.08 16.36
48.08 16.44
49.22 16.59
48.08 16.49
48.08 16.56
48.08 16.25
48.08 16.76
48.08 16.5
48.08 16.77
49.22 16.32
48.08 16.52
48.08 16.46
48.08 16.43
48.08 16.57
48.08 16.34
49.22 16.53
48.08 16.38
48.08 16.66
48.08 16.19
48.08 16.59
48.08 16.43
48.08 16.56
48.08 16.41
48.08 16.48
48.08 16.29
48.08 16.57
48.08 16.66
48.08 16.4
48.08 16.45
49.22 16.47
48.08 16.46
49.22 16.46
49.22 16.51
48.08 16.52
48.08 16.45
48.08 16.41
49.22 16.44
48.08 16.39
48.08 16.55
48.08 16.62
49.22 16.51
48.08 16.32
48.08 16.44
49.22 16.61
49.22 16.56
49.22 16.62
48.08 16.51
48.08 16.39
48.08 16.26
48.08 16.5
48.08 16.75
48.08 16.34
48.08 16.69
48.08 16.64
48.08 16.53
49.22 16.46
49.22 16.37
49.22 16.48
49.22 16.43
49.22 16.41
48.08 16.59
48.08 16.52
49.22 16.59
49.22 16.38
48.08 16.62
49.22 16.59
49.22 16.58
48.08 16.42
48.08 16.48
49.22 16.46
48.08 16.56
48.08 16.34
49.22 16.28
49.22 16.53
48.08 16.42
48.08 16.57
48.08 16.62
49.22 16.37
49.22 16.41
49.22 16.38
48.08 16.32
48.08 16.62
49.22 16.43
48.08 16.46
48.08 16.55
49.22 16.66
48.08 16.74
48.08 16.64
48.08 16.32
48.08 16.44
48.08 16.32
49.22 16.31
49.22 16.42
48.08 16.55
49.22 16.46
48.08 16.27
48.08 16.68
49.22 16.58
49.22 16.76
49.22 16.38
49.22 16.58
48.08 16.28
49.22 16.71
49.22 16.35
49.22 16.38
49.22 16.53
49.22 16.53
48.08 16.22
48.08 16.32
48.08 16.49
48.08 16.7
48.08 16.22
49.22 16.46
49.22 16.27
48.08 16.38
49.22 16.46
48.08 16.54
49.22 16.54
49.22 16.38
49.22 16.43
48.08 16.48
49.22 16.58
48.08 16.38
48.08 16.37
48.08 16.56
48.08 16.48
48.08 16.62
49.22 16.35
48.08 16.11
49.22 16.63
49.22 16.43
48.08 16.35
48.08 16.32
48.08 16.34
49.22 16.42
48.08 16.46
49.22 16.41
48.08 16.27
48.08 16.54
48.08 16.27
49.22 16.59
49.22 16.64
48.08 16.54
48.08 16.35
48.08 16.58
49.22 16.42
48.08 16.56
49.22 16.22
48.08 16.3
49.22 16.42
48.08 16.42
49.22 16.38
49.22 16.24
48.08 16.62
48.08 16.46
49.22 16.53
48.08 16.22
49.22 16.72
49.22 16.44
49.22 16.35
49.22 16.78
48.08 16.4
48.08 16.35
49.22 16.43
49.22 16.25
48.08 16.5
48.08 16.42
48.08 16.5
48.08 16.41
49.22 16.52
49.22 16.54
48.08 16.53
49.22 16.54
49.22 16.42
48.08 16.47
48.08 16.44
48.08 16.57
49.22 16.59
49.22 16.51
50.36 16.25
49.22 16.48
50.36 16.56
49.22 16.45
48.08 16.49
49.22 16.46
48.08 16.42
49.22 16.51
49.22 16.46
49.22 16.45
48.08 16.29
49.22 16.35
48.08 16.32
48.08 16.27
49.22 16.28
49.22 16.7
49.22 16.56
49.22 16.17
48.08 16.51
49.22 16.62
48.08 16.8
48.08 16.45
49.22 16.35
49.22 16.49
48.08 16.44
49.22 16.4
49.22 16.37
49.22 16.26
49.22 16.36
49.22 16.48
49.22 16.58
48.08 16.51
49.22 16.43
48.08 16.64
49.22 16.4
49.22 16.42
49.22 16.38
49.22 16.32
48.08 16.13
49.22 16.3
48.08 16.52
49.22 16.4
48.08 16.56
49.22 16.54
49.22 16.55
49.22 16.59
49.22 16.44
48.08 16.37
49.22 16.72
49.22 16.43
49.22 16.72
48.08 16.28
48.08 16.69
48.08 16.38
49.22 16.58
49.22 16.2
49.22 16.43
48.08 16.61
49.22 16.43
49.22 16.51
49.22 16.32
50.36 16.38
48.08 16.38
48.08 16.51
49.22 16.42
49.22 16.42
49.22 16.46
49.22 16.52
49.22 16.48
49.22 16.51
49.22 16.71
49.22 16.59
49.22 16.29
48.08 16.48
49.22 16.38
49.22 16.66
49.22 16.25
50.36 16.33
48.08 16.46
49.22 16.79
49.22 16.66
49.22 16.46
48.08 16.58
49.22 16.49
49.22 16.33
49.22 16.43
49.22 16.36
49.22 16.47
49.22 16.3
49.22 16.59
49.22 16.37
50.36 16.5
49.22 16.45
49.22 16.67
48.08 16.55
49.22 16.57
49.22 16.35
48.08 16.51
49.22 16.61
49.22 16.39
49.22 16.61
49.22 16.34
49.22 16.7
48.08 16.2
49.22 16.57
49.22 16.34
49.22 16.38
49.22 16.38
49.22 16.46
48.08 16.34
49.22 16.56
49.22 16.45
49.22 16.32
49.22 16.43
49.22 16.5
49.22 16.39
49.22 16.35
49.22 16.5
49.22 16.52
49.22 16.14
48.08 16.3
49.22 16.5
49.22 16.56
50.36 16.32
49.22 16.34
49.22 16.45
49.22 16.47
49.22 16.23
49.22 16.4
48.08 16.56
49.22 16.51
50.36 16.57
48.08 16.7
49.22 16.55
48.08 16.48
49.22 16.46
49.22 16.68
48.08 16.26
49.22 16.45
49.22 16.5
49.22 16.43
49.22 16.54
49.22 16.37
49.22 16.58
49.22 16.5
49.22 16.42
49.22 16.43
49.22 16.72
49.22 16.24
49.22 16.46
49.22 16.35
48.08 16.65
49.22 16.42
49.22 16.42
49.22 16.4
49.22 16.66
49.22 16.49
49.22 16.86
49.22 16.53
49.22 16.38
49.22 16.4
49.22 16.45
48.08 16.67
49.22 16.58
49.22 16.43
50.36 16.66
49.22 16.5
49.22 16.65
49.22 16.26
49.22 16.69
49.22 16.46
48.08 16.69
49.22 16.55
49.22 16.38
49.22 16.58
49.22 16.4
50.36 16.4
49.22 16.35
49.22 16.5
50.36 16.46
49.22 16.35
49.22 16.5
49.22 16.44
49.22 16.37
49.22 16.51
49.22 16.42
49.22 16.4
49.22 16.56
49.22 16.58
49.22 16.54
49.22 16.41
49.22 16.48
50.36 16.51
49.22 16.56
49.22 16.34
49.22 16.27
49.22 16.31
49.22 16.54
49.22 16.46
49.22 16.21
49.22 16.42
49.22 16.42
49.22 16.39
49.22 16.35
49.22 16.46
49.22 16.33
49.22 16.3
49.22 16.5
50.36 16.32
49.22 16.34
49.22 16.26
49.22 16.62
49.22 16.3
49.22 16.18
49.22 16.42
50.36 16.49
49.22 16.62
49.22 16.52
49.22 16.36
49.22 16.44
49.22 16.43
49.22 16.32
49.22 16.38
49.22 16.52
49.22 16.44
50.36 16.3
49.22 16.39
49.22 16.67
49.22 16.31
49.22 16.51
49.22 16.29
49.22 16.68
49.22 16.21
49.22 16.44
49.22 16.43
49.22 16.51
49.22 16.45
49.22 16.37
49.22 16.33
49.22 16.51
49.22 16.21
50.36 16.46
49.22 16.59
49.22 16.43
49.22 16.45
49.22 16.39
49.22 16.71
49.22 16.3
49.22 16.31
49.22 16.37
49.22 16.37
50.36 16.33
49.22 16.69
49.22 16.29
49.22 16.45
49.22 16.71
49.22 16.38
49.22 16.38
49.22 16.43
49.22 16.34
49.22 16.4
49.22 16.4
49.22 16.43
49.22 16.29
50.36 16.38
49.22 16.5
49.22 16.41
49.22 16.38
49.22 16.49
49.22 16.54
49.22 16.34
49.22 16.51
49.22 16.5
50.36 16.39
49.22 16.33
49.22 16.36
49.22 16.32
49.22 16.31
49.22 16.42
49.22 16.43
49.22 16.36
49.22 16.33
49.22 16.45
50.36 16.22
49.22 16.27
49.22 16.28
49.22 16.5
49.22 16.42
50.36 16.19
49.22 16.37
49.22 16.43
49.22 16.53
49.22 16.58
49.22 16.19
49.22 16.4
49.22 16.57
50.36 16.4
49.22 16.42
48.08 16.3
49.22 16.49
49.22 16.45
49.22 16.11
49.22 16.45
50.36 16.58
49.22 16.38
50.36 16.52
50.36 16.48
49.22 16.3
49.22 16.47
49.22 16.45
49.22 16.39
49.22 16.56
49.22 16.54
49.22 16.53
49.22 16.42
49.22 16.46
50.36 16.35
50.36 16.58
49.22 16.44
49.22 16.38
50.36 16.52
50.36 16.38
49.22 16.26
49.22 16.54
49.22 16.2
49.22 16.54
49.22 16.48
50.36 16.06
50.36 16.5
49.22 16.27
50.36 16.6
50.36 16.78
49.22 16.33
49.22 16.27
50.36 16.36
50.36 16.36
49.22 16.42
50.36 16.39
50.36 16.25
50.36 16.45
49.22 16.57
49.22 16.32
50.36 16.38
49.22 16.23
50.36 16.47
49.22 16.41
49.22 16.35
49.22 16.47
49.22 16.43
49.22 16.45
49.22 16.37
50.36 16.38
49.22 16.32
49.22 16.39
50.36 16.37
50.36 16.66
49.22 16.49
49.22 16.43
50.36 16.42
49.22 16.5
49.22 16.16
49.22 16.11
50.36 16.3
49.22 16.19
50.36 16.35
49.22 16.37
49.22 16.34
50.36 16.55
50.36 16.3
49.22 16.59
50.36 16.59
49.22 16.44
49.22 16.41
49.22 16.32
50.36 16.35
50.36 16.29
50.36 16.16
50.36 16.46
49.22 16.19
49.22 16.27
49.22 16.43
49.22 16.21
49.22 16.37
50.36 16.36
49.22 16.18
49.22 16.3
50.36 16.26
49.22 16.45
50.36 16.11
49.22 16.38
50.36 16.02
49.22 16.5
50.36 16.51
50.36 16.35
50.36 16.27
49.22 16.47
49.22 16.34
49.22 16.4
49.22 16.23
49.22 16.18
50.36 16.32
49.22 16.08
50.36 16.35
50.36 16.45
49.22 16.19
49.22 16.48
50.36 16.64
49.22 16.42
49.22 16.33
50.36 16.48
49.22 16.37
49.22 16.35
49.22 16.32
49.22 16.3
49.22 16.26
49.22 16.38
50.36 16.2
49.22 16.31
50.36 16.1
49.22 16.05
50.36 16.36
50.36 16.28
49.22 16.22
49.22 16.26
50.36 16.21
50.36 16.4
49.22 16.29
49.22 16.3
50.36 16.41
49.22 16.14
49.22 16.44
49.22 16.3
50.36 16.24
49.22 16.32
50.36 16.22
49.22 16.39
49.22 16.37
49.22 16.4
49.22 16.14
50.36 16.3
50.36 16.3
49.22 16.39
49.22 16.26
49.22 16.0
49.22 16.34
49.22 16.32
49.22 16.2
50.36 16.38
50.36 16.4
50.36 16.42
50.36 16.21
50.36 16.27
49.22 16.12
50.36 16.43
50.36 16.22
49.22 16.34
50.36 16.32
50.36 16.42
50.36 16.5
50.36 16.3
49.22 16.19
49.22 16.26
50.36 16.31
50.36 16.53
49.22 16.43
50.36 16.37
49.22 16.49
49.22 16.1
49.22 16.21
50.36 16.27
49.22 16.23
50.36 16.43
49.22 16.42
50.36 16.37
50.36 16.3
50.36 16.43
49.22 16.18
49.22 16.3
49.22 16.11
50.36 16.3
50.36 16.29
50.36 16.44
50.36 16.21
49.22 16.5
50.36 16.34
50.36 16.11
50.36 16.36
49.22 16.19
50.36 16.1
50.36 16.38
49.22 16.38
50.36 16.42
50.36 16.14
50.36 16.1
50.36 16.28
50.36 16.05
49.22 16.29
50.36 16.43
49.22 16.3
50.36 16.48
49.22 16.21
50.36 16.14
50.36 16.15
50.36 16.11
50.36 16.29
50.36 16.4
50.36 16.38
50.36 16.24
50.36 16.29
49.22 16.18
50.36 16.42
50.36 16.06
50.36 16.22
50.36 16.32
50.36 16.29
50.36 16.32
49.22 16.16
50.36 16.34
50.36 16.41
49.22 16.32
49.22 16.0
49.22 16.54
49.22 16.2
49.22 16.26
49.22 16.25
49.22 16.46
50.36 16.24
50.36 16.43
50.36 16.35
50.36 16.08
50.36 16.31
50.36 16.35
50.36 16.2
50.36 16.4
49.22 16.28
49.22 16.33
49.22 16.0
49.22 16.08
49.22 16.29
50.36 16.35
50.36 16.49
50.36 16.56
50.36 16.29
49.22 16.11
50.36 16.11
49.22 16.25
50.36 16.53
49.22 16.27
50.36 16.3
49.22 16.3
49.22 16.37
49.22 16.11
49.22 16.4
50.36 16.13
50.36 16.09
49.22 16.16
50.36 16.06
49.22 16.14
50.36 16.34
50.36 16.1
50.36 16.18
50.36 16.3
49.22 16.19
49.22 16.31
50.36 16.16
50.36 16.53
50.36 16.25
49.22 16.33
50.36 16.31
50.36 16.29
50.36 16.1
49.22 16.32
50.36 16.21
50.36 16.26
49.22 16.45
50.36 16.33
50.36 16.5
49.22 16.19
50.36 16.26
50.36 16.23
50.36 16.13
50.36 16.43
49.22 16.21
50.36 16.16
50.36 16.08
50.36 16.25
50.36 16.21
50.36 16.32
50.36 16.24
50.36 16.22
49.22 16.37
49.22 16.25
50.36 16.3
49.22 16.3
50.36 16.13
50.36 16.24
50.36 16.29
50.36 15.92
50.36 16.08
50.36 16.05
50.36 16.36
49.22 15.92
50.36 16.18
49.22 16.32
49.22 16.06
49.22 16.16
50.36 16.08
50.36 16.26
50.36 16.37
50.36 16.1
50.36 16.22
50.36 16.18
49.22 16.09
50.36 16.21
49.22 16.14
50.36 16.02
50.36 16.19
50.36 16.06
49.22 16.32
50.36 16.28
50.36 16.43
49.22 16.14
49.22 16.16
50.36 16.28
49.22 16.3
50.36 16.34
50.36 16.09
50.36 16.31
49.22 16.23
49.22 16.42
50.36 16.05
50.36 16.16
50.36 16.25
50.36 16.34
50.36 16.15
49.22 16.16
49.22 16.14
50.36 16.25
50.36 16.25
50.36 16.32
50.36 16.26
50.36 16.41
49.22 16.08
49.22 16.41
50.36 16.16
50.36 15.97
50.36 16.13
50.36 16.28
49.22 16.26
50.36 15.92
50.36 16.2
50.36 15.88
49.22 16.37
50.36 16.16
50.36 16.18
50.36 16.25
50.36 16.24
50.36 16.35
50.36 15.97
50.36 16.29
49.22 16.36
50.36 16.21
50.36 15.97
50.36 16.47
50.36 16.3
50.36 16.31
51.5 16.21
50.36 16.11
50.36 16.34
50.36 16.06
50.36 16.21
50.36 16.13
50.36 16.26
50.36 16.21
50.36 16.13
49.22 16.2
50.36 16.34
50.36 16.26
49.22 16.43
50.36 16.38
49.22 16.14
50.36 15.95
50.36 16.21
50.36 16.1
50.36 16.33
49.22 16.47
50.36 16.26
49.22 16.26
49.22 16.34
50.36 16.34
50.36 16.23
49.22 16.35
50.36 16.15
50.36 16.27
50.36 16.26
50.36 16.32
50.36 16.24
50.36 16.4
49.22 16.38
50.36 16.42
49.22 16.12
50.36 16.3
50.36 16.42
49.22 16.17
50.36 16.3
50.36 16.24
49.22 15.97
50.36 16.21
50.36 16.15
50.36 16.3
50.36 16.22
49.22 16.35
50.36 16.38
50.36 16.1
50.36 16.09
50.36 16.19
50.36 16.18
49.22 16.17
50.36 16.1
50.36 16.14
50.36 16.37
50.36 16.08
50.36 16.0
50.36 16.19
50.36 16.24
51.5 16.12
50.36 16.22
50.36 16.38
50.36 16.14
50.36 16.08
50.36 16.11
50.36 16.21
49.22 16.43
50.36 16.13
50.36 16.1
50.36 16.33
49.22 16.26
50.36 16.18
50.36 16.25
50.36 16.01
50.36 16.22
49.22 16.11
50.36 16.08
49.22 16.22
50.36 16.2
50.36 16.34
50.36 16.16
50.36 16.27
50.36 16.13
50.36 16.22
50.36 16.29
50.36 16.32
50.36 16.19
50.36 16.16
50.36 16.12
51.5 16.3
50.36 16.13
50.36 16.18
50.36 16.17
50.36 16.34
50.36 16.11
50.36 16.1
50.36 16.26
50.36 16.2
49.22 16.08
49.22 16.38
50.36 16.28
50.36 16.24
50.36 16.24
50.36 16.16
50.36 16.09
50.36 16.03
50.36 16.28
50.36 16.21
50.36 16.48
50.36 16.25
50.36 16.53
50.36 16.25
50.36 16.11
50.36 16.06
50.36 16.04
50.36 16.17
50.36 16.22
50.36 16.27
50.36 16.13
50.36 16.23
50.36 16.23
50.36 16.19
50.36 16.27
50.36 16.01
50.36 16.03
50.36 16.21
50.36 15.98
50.36 16.09
50.36 16.46
50.36 16.22
50.36 16.14
50.36 16.33
50.36 16.16
50.36 16.21
50.36 16.24
50.36 16.24
50.36 16.2
50.36 16.19
50.36 16.11
50.36 16.22
49.22 16.19
50.36 16.26
50.36 16.17
50.36 16.36
50.36 16.17
50.36 16.44
50.36 16.14
50.36 16.18
50.36 16.08
50.36 16.21
50.36 16.26
50.36 16.26
50.36 16.15
50.36 16.18
50.36 16.05
50.36 16.29
50.36 16.02
50.36 16.11
50.36 16.24
50.36 16.17
50.36 16.42
50.36 16.39
50.36 16.16
51.5 16.09
50.36 16.13
50.36 16.21
50.36 16.32
50.36 16.24
50.36 16.11
49.22 16.22
50.36 16.38
50.36 16.14
49.22 16.26
50.36 16.18
50.36 16.22
50.36 16.28
50.36 16.22
50.36 16.34
51.5 16.13
50.36 16.02
50.36 16.32
50.36 16.02
50.36 16.34
50.36 16.14
50.36 16.32
50.36 16.37
51.5 16.23
50.36 16.16
50.36 16.34
50.36 16.27
50.36 16.18
50.36 16.24
50.36 16.26
50.36 16.53
49.22 16.11
50.36 16.17
50.36 16.16
50.36 16.13
50.36 16.16
50.36 16.22
50.36 16.34
50.36 16.4
51.5 16.05
50.36 16.25
51.5 16.13
50.36 16.17
50.36 16.2
50.36 16.24
50.36 16.13
50.36 16.2
50.36 15.96
50.36 16.09
50.36 16.22
50.36 16.27
50.36 16.26
50.36 16.17
50.36 16.15
50.36 16.18
50.36 16.13
50.36 16.29
50.36 16.22
50.36 16.08
50.36 16.24
50.36 16.14
50.36 16.18
50.36 16.24
50.36 16.22
50.36 16.3
50.36 16.16
50.36 16.11
49.22 16.35
50.36 16.08
50.36 16.19
50.36 16.33
50.36 16.18
51.5 16.4
50.36 16.27
50.36 16.16
50.36 16.25
50.36 16.3
50.36 16.03
50.36 16.35
50.36 16.36
50.36 16.11
50.36 16.29
50.36 16.28
50.36 16.26
50.36 16.55
50.36 16.32
50.36 16.37
50.36 16.1
50.36 16.02
50.36 16.26
50.36 16.31
50.36 16.08
51.5 16.33
50.36 15.97
50.36 16.1
50.36 16.05
50.36 16.27
50.36 16.34
50.36 16.14
50.36 16.35
50.36 16.09
50.36 16.02
50.36 16.27
50.36 16.14
50.36 16.38
50.36 16.32
50.36 16.29
50.36 16.29
50.36 16.25
50.36 16.15
50.36 16.26
50.36 16.3
50.36 16.26
50.36 16.19
50.36 16.31
50.36 16.27
50.36 15.97
50.36 16.21
50.36 16.21
50.36 16.34
50.36 16.11
50.36 16.18
50.36 16.35
50.36 16.22
50.36 16.06
50.36 16.26
50.36 16.48
50.36 16.03
51.5 16.2
50.36 16.08
50.36 16.32
50.36 16.18
50.36 16.33
51.5 16.36
50.36 16.04
51.5 16.3
51.5 16.29
50.36 16.06
50.36 16.22
50.36 16.07
50.36 16.38
50.36 16.24
50.36 16.37
50.36 16.5
51.5 16.4
50.36 16.32
50.36 16.34
50.36 16.17
50.36 16.08
50.36 16.07
50.36 16.16
50.36 16.34
50.36 16.37
51.5 16.3
50.36 16.06
51.5 16.4
50.36 16.11
50.36 15.99
51.5 16.2
51.5 16.3
50.36 16.31
50.36 16.27
50.36 16.3
51.5 16.17
50.36 16.08
50.36 16.07
50.36 16.29
51.5 16.22
51.5 16.35
49.22 16.08
50.36 16.31
50.36 16.24
50.36 16.18
50.36 16.33
50.36 16.28
50.36 16.29
50.36 16.27
51.5 16.18
50.36 15.98
50.36 16.22
50.36 16.25
50.36 16.1
50.36 16.26
50.36 16.3
51.5 16.04
51.5 16.18
50.36 16.35
50.36 16.17
50.36 16.36
50.36 16.15
50.36 16.03
50.36 16.37
50.36 16.16
50.36 16.0
50.36 16.39
50.36 16.32
50.36 16.3
50.36 16.18
51.5 16.11
50.36 16.24
50.36 16.23
51.5 16.2
51.5 16.24
51.5 16.22
50.36 16.37
50.36 16.07
49.22 16.22
50.36 16.24
51.5 16.23
50.36 16.39
50.36 16.1
50.36 16.15
50.36 16.02
50.36 16.24
51.5 16.05
51.5 15.86
50.36 16.27
51.5 16.28
50.36 16.27
50.36 16.15
50.36 16.1
50.36 16.11
50.36 16.09
51.5 16.13
51.5 16.12
50.36 16.13
50.36 16.1
50.36 16.14
51.5 16.24
50.36 16.15
50.36 16.3
51.5 16.02
50.36 16.38
50.36 16.27
50.36 16.21
50.36 16.14
51.5 16.03
50.36 16.21
50.36 16.22
51.5 16.32
50.36 16.38
50.36 16.18
50.36 16.22
50.36 16.49
51.5 16.44
51.5 16.14
50.36 16.21
50.36 16.21
50.36 16.27
51.5 16.17
51.5 16.1
51.5 16.19
51.5 16.45
50.36 16.02
50.36 16.25
50.36 16.41
50.36 16.27
50.36 16.27
50.36 16.18
51.5 16.4
51.5 16.13
50.36 16.37
50.36 16.36
51.5 16.37
50.36 16.34
50.36 16.27
51.5 16.09
50.36 16.25
50.36 15.91
50.36 16.13
50.36 16.02
50.36 16.35
50.36 16.19
50.36 16.1
51.5 15.99
50.36 16.14
50.36 16.25
50.36 16.05
50.36 16.42
51.5 16.35
50.36 16.08
50.36 16.2
50.36 16.1
51.5 16.29
50.36 16.27
50.36 16.38
50.36 16.18
51.5 15.86
50.36 16.17
51.5 16.08
50.36 16.3
51.5 16.13
50.36 16.21
51.5 16.11
50.36 16.21
50.36 16.29
51.5 15.82
50.36 16.29
50.36 16.14
50.36 16.09
50.36 16.19
50.36 16.32
51.5 16.08
50.36 16.04
50.36 16.27
50.36 16.26
51.5 16.34
51.5 16.19
50.36 16.08
50.36 15.9
50.36 16.3
51.5 16.21
50.36 16.15
51.5 16.34
51.5 16.22
50.36 16.03
50.36 16.56
51.5 16.11
50.36 16.31
51.5 16.26
51.5 16.24
51.5 16.06
51.5 16.11
51.5 16.27
50.36 16.02
50.36 16.23
50.36 16.33
51.5 16.32
50.36 16.27
50.36 16.21
51.5 16.1
50.36 16.35
50.36 16.14
50.36 16.03
50.36 16.03
51.5 16.24
50.36 16.02
50.36 16.37
50.36 16.26
51.5 16.13
51.5 16.27
51.5 16.16
50.36 16.35
50.36 15.97
51.5 16.07
51.5 16.22
50.36 16.19
51.5 16.43
50.36 15.94
51.5 16.1
51.5 16.21
50.36 16.21
51.5 16.02
50.36 16.2
50.36 16.43
50.36 16.13
51.5 16.11
50.36 16.24
51.5 15.97
50.36 16.15
50.36 16.08
50.36 16.18
50.36 16.0
50.36 16.27
50.36 16.16
50.36 16.09
51.5 16.04
51.5 15.8
50.36 16.19
51.5 16.32
51.5 16.22
51.5 16.16
51.5 16.33
50.36 16.25
51.5 16.06
50.36 16.04
50.36 16.0
50.36 16.15
50.36 16.25
50.36 16.3
50.36 16.12
50.36 15.97
51.5 16.37
51.5 16.02
50.36 16.19
51.5 15.8
51.5 16.06
51.5 16.1
50.36 16.05
51.5 16.17
51.5 16.26
50.36 16.35
51.5 16.28
51.5 16.1
51.5 16.34
51.5 16.19
51.5 16.3
51.5 16.24
51.5 16.21
51.5 16.19
51.5 16.16
51.5 16.36
50.36 16.17
50.36 16.24
51.5 16.03
50.36 16.45
51.5 16.26
51.5 16.08
51.5 16.08
51.5 16.07
51.5 16.21
50.36 16.33
50.36 16.29
50.36 16.32
50.36 16.11
51.5 16.05
50.36 16.02
51.5 16.09
50.36 16.15
50.36 15.98
50.36 16.36
51.5 16.04
50.36 16.2
51.5 16.08
50.36 16.37
51.5 16.18
51.5 15.98
50.36 16.08
51.5 16.19
51.5 16.0
50.36 16.02
50.36 16.02
50.36 16.19
50.36 16.03
51.5 16.37
50.36 16.25
51.5 16.19
50.36 16.3
51.5 16.11
50.36 16.09
51.5 16.05
50.36 16.19
50.36 16.16
51.5 16.35
51.5 16.17
51.5 16.11
50.36 15.92
51.5 16.4
50.36 16.38
50.36 16.26
51.5 16.05
51.5 15.96
50.36 16.19
51.5 16.06
51.5 16.16
51.5 15.99
51.5 16.06
51.5 16.16
50.36 15.97
51.5 16.2
50.36 16.05
50.36 16.18
51.5 16.19
51.5 16.32
50.36 16.1
50.36 16.03
51.5 16.09
50.36 16.1
51.5 16.22
51.5 16.08
51.5 16.29
51.5 16.18
51.5 16.16
51.5 16.12
51.5 16.37
51.5 16.04
51.5 16.24
51.5 16.11
50.36 16.25
51.5 16.19
51.5 16.06
51.5 16.21
51.5 16.24
51.5 16.08
51.5 16.14
51.5 16.14
51.5 16.16
51.5 16.07
50.36 16.08
50.36 16.37
51.5 16.02
51.5 16.11
51.5 16.08
51.5 16.1
51.5 16.11
51.5 16.44
51.5 16.03
51.5 16.11
51.5 15.86
51.5 16.05
50.36 16.13
51.5 16.26
51.5 16.24
51.5 15.82
51.5 16.23
51.5 16.21
51.5 15.9
50.36 16.21
51.5 16.27
51.5 16.28
50.36 16.0
51.5 16.11
50.36 16.04
51.5 16.07
51.5 16.24
51.5 16.3
50.36 16.1
51.5 16.0
51.5 16.24
51.5 16.26
51.5 16.19
51.5 16.26
51.5 16.24
51.5 16.24
51.5 16.16
51.5 16.32
51.5 16.32
51.5 16.24
51.5 16.13
51.5 15.87
51.5 16.05
51.5 16.25
51.5 16.06
51.5 16.13
50.36 15.94
50.36 15.9
50.36 16.21
51.5 16.06
51.5 16.12
50.36 15.95
51.5 16.15
51.5 15.98
51.5 16.03
51.5 15.89
51.5 15.99
51.5 16.4
51.5 15.94
51.5 16.1
51.5 16.24
51.5 15.99
51.5 16.24
52.64 16.16
51.5 16.22
50.36 16.14
51.5 16.22
51.5 15.97
51.5 16.1
51.5 16.05
50.36 16.15
51.5 16.17
51.5 16.04
51.5 16.03
51.5 16.35
51.5 15.94
50.36 16.0
51.5 16.01
50.36 16.16
51.5 16.05
51.5 16.2
51.5 16.18
50.36 16.13
51.5 15.94
51.5 16.0
50.36 16.02
50.36 16.18
51.5 16.34
50.36 15.98
50.36 16.33
51.5 16.3
51.5 16.02
51.5 16.24
52.64 16.13
51.5 16.26
51.5 16.15
51.5 16.05
51.5 16.18
52.64 16.17
51.5 16.05
50.36 16.02
51.5 16.09
51.5 16.3
51.5 15.87
50.36 16.18
51.5 16.17
51.5 16.21
51.5 16.23
51.5 16.08
51.5 15.94
51.5 16.06
51.5 16.21
51.5 16.05
51.5 16.14
51.5 15.97
51.5 16.03
51.5 16.27
51.5 16.24
51.5 16.36
50.36 16.18
51.5 16.01
51.5 15.95
51.5 16.27
51.5 16.1
51.5 16.06
51.5 16.12
51.5 16.26
51.5 16.03
50.36 16.41
51.5 16.01
51.5 16.06
51.5 16.1
51.5 16.1
51.5 16.16
51.5 16.1
50.36 15.85
51.5 16.19
51.5 15.86
51.5 16.35
52.64 16.29
51.5 15.97
51.5 16.06
50.36 16.16
51.5 16.21
50.36 16.08
51.5 16.08
51.5 15.92
51.5 16.37
51.5 16.32
50.36 16.02
50.36 16.06
51.5 16.18
51.5 16.1
51.5 15.97
52.64 15.85
51.5 16.08
51.5 16.16
51.5 16.05
50.36 16.04
51.5 16.24
51.5 16.06
51.5 16.19
51.5 16.04
51.5 16.13
51.5 15.71
51.5 15.93
51.5 16.14
51.5 16.25
51.5 15.99
51.5 16.05
51.5 16.1
51.5 16.24
51.5 16.1
51.5 16.05
51.5 16.07
51.5 16.09
50.36 16.21
51.5 16.14
51.5 16.13
51.5 16.13
51.5 15.83
51.5 15.9
51.5 16.02
51.5 15.97
50.36 16.08
51.5 16.11
51.5 15.98
51.5 16.13
51.5 16.0
51.5 15.97
51.5 16.06
51.5 16.24
51.5 15.82
51.5 16.17
51.5 16.04
51.5 16.03
51.5 16.12
51.5 15.98
51.5 15.91
50.36 16.02
51.5 16.02
51.5 16.14
51.5 15.97
51.5 16.1
51.5 15.97
51.5 16.16
51.5 16.25
51.5 15.99
51.5 16.19
50.36 16.06
51.5 16.06
51.5 15.95
51.5 16.11
51.5 16.0
51.5 15.89
51.5 16.08
51.5 16.11
51.5 16.21
50.36 16.1
50.36 15.9
51.5 16.05
51.5 16.14
51.5 16.06
51.5 15.98
51.5 15.89
51.5 16.24
51.5 16.21
51.5 16.01
51.5 15.9
51.5 16.12
50.36 15.81
50.36 16.08
51.5 16.1
50.36 15.95
51.5 16.14
51.5 16.07
51.5 16.02
51.5 15.73
52.64 15.97
51.5 15.87
51.5 16.05
51.5 16.04
51.5 16.16
51.5 15.95
52.64 16.09
51.5 15.9
51.5 15.92
51.5 16.22
51.5 16.01
51.5 15.93
51.5 15.87
51.5 16.0
52.64 16.08
50.36 16.11
51.5 16.12
51.5 16.1
51.5 15.85
51.5 16.11
52.64 16.13
51.5 16.27
51.5 16.13
51.5 16.11
51.5 16.08
51.5 16.02
51.5 15.93
51.5 16.13
51.5 15.95
51.5 16.05
51.5 15.87
50.36 16.0
51.5 16.02
51.5 16.0
51.5 16.0
52.64 15.94
51.5 16.0
51.5 15.83
51.5 16.24
51.5 16.1
51.5 15.94
51.5 16.01
51.5 16.19
51.5 15.98
51.5 16.11
50.36 16.18
50.36 16.17
51.5 15.96
50.36 16.22
50.36 16.14
50.36 16.14
51.5 16.2
51.5 16.1
51.5 15.93
51.5 16.08
51.5 15.97
51.5 16.2
51.5 15.87
51.5 16.15
51.5 16.1
51.5 15.77
51.5 16.27
51.5 15.74
51.5 16.0
51.5 16.02
51.5 15.98
51.5 15.91
52.64 15.85
51.5 16.09
51.5 15.97
51.5 15.99
51.5 15.99
50.36 15.93
51.5 15.96
51.5 15.87
51.5 15.9
51.5 16.02
51.5 16.02
51.5 15.99
51.5 16.05
51.5 16.11
51.5 16.04
51.5 16.04
51.5 16.08
51.5 16.07
51.5 15.86
51.5 16.18
51.5 16.06
51.5 16.04
51.5 15.88
51.5 15.89
51.5 16.2
52.64 16.16
51.5 16.05
51.5 16.1
51.5 16.09
51.5 16.16
51.5 15.98
51.5 16.27
51.5 15.97
51.5 16.07
51.5 16.03
51.5 15.91
52.64 15.95
51.5 16.06
51.5 16.05
51.5 15.92
51.5 16.02
51.5 16.18
50.36 15.97
50.36 16.05
51.5 15.89
51.5 15.72
51.5 16.08
51.5 15.97
51.5 15.9
51.5 15.83
51.5 16.08
51.5 15.99
51.5 15.98
51.5 16.19
51.5 16.05
51.5 16.0
51.5 16.13
51.5 15.94
51.5 16.01
52.64 15.89
51.5 16.15
51.5 15.81
51.5 16.21
51.5 16.0
51.5 15.73
51.5 15.85
51.5 15.9
51.5 16.1
51.5 16.23
52.64 15.79
51.5 15.96
52.64 16.2
51.5 16.14
51.5 16.15
51.5 16.0
51.5 16.2
51.5 15.94
51.5 16.12
51.5 16.06
51.5 16.03
52.64 16.15
51.5 16.1
51.5 16.13
51.5 16.19
51.5 16.11
51.5 16.16
51.5 16.15
51.5 15.84
51.5 16.05
52.64 15.79
50.36 16.13
51.5 16.07
51.5 16.04
51.5 16.18
51.5 15.94
51.5 16.02
51.5 15.83
51.5 16.14
51.5 16.22
51.5 15.94
52.64 16.19
51.5 15.99
51.5 16.16
52.64 16.08
51.5 16.01
51.5 16.06
51.5 15.71
51.5 15.94
51.5 15.78
51.5 15.92
51.5 15.98
51.5 15.88
51.5 15.89
51.5 16.1
52.64 16.06
51.5 16.1
51.5 15.86
51.5 15.8
52.64 16.02
51.5 15.96
51.5 16.09
51.5 15.86
51.5 15.94
51.5 16.16
52.64 15.86
51.5 16.04
51.5 16.18
51.5 15.86
52.64 15.79
51.5 15.89
51.5 16.09
51.5 16.03
51.5 15.89
51.5 16.06
51.5 16.02
51.5 15.79
51.5 15.88
52.64 16.05
51.5 16.13
51.5 15.93
51.5 15.99
51.5 15.87
52.64 16.03
51.5 16.06
51.5 16.19
51.5 15.97
51.5 16.3
51.5 15.95
51.5 16.02
51.5 15.97
52.64 16.06
51.5 16.21
51.5 15.93
51.5 15.86
51.5 16.07
51.5 16.05
51.5 16.08
51.5 15.74
51.5 16.17
52.64 16.16
51.5 16.0
51.5 15.99
51.5 15.98
51.5 16.16
51.5 16.14
51.5 16.04
52.64 16.27
51.5 16.03
51.5 15.88
51.5 15.8
52.64 16.03
51.5 16.15
52.64 15.79
52.64 15.75
51.5 16.35
51.5 16.19
51.5 15.9
51.5 15.86
51.5 16.11
51.5 15.98
51.5 15.93
51.5 15.97
51.5 15.89
51.5 15.89
51.5 15.82
52.64 15.95
52.64 15.95
51.5 15.89
51.5 15.98
51.5 15.95
51.5 16.09
51.5 16.05
51.5 15.95
51.5 15.84
52.64 15.86
51.5 15.84
51.5 16.06
51.5 15.93
51.5 16.06
51.5 16.06
51.5 15.76
51.5 16.18
51.5 15.95
51.5 15.77
51.5 16.1
51.5 15.87
51.5 15.85
51.5 16.06
51.5 15.89
51.5 15.89
51.5 15.98
51.5 16.09
52.64 15.85
51.5 16.1
51.5 15.8
51.5 16.11
51.5 16.12
51.5 15.7
51.5 16.06
51.5 15.95
51.5 16.08
51.5 16.08
52.64 16.0
52.64 16.01
52.64 15.95
52.64 15.95
52.64 15.9
51.5 15.8
52.64 15.84
51.5 16.0
51.5 15.66
51.5 16.0
51.5 16.0
52.64 15.98
51.5 15.94
52.64 16.29
51.5 15.86
52.64 15.95
51.5 15.9
51.5 16.05
51.5 15.98
51.5 16.03
51.5 15.74
51.5 16.1
51.5 15.98
51.5 16.16
51.5 15.83
51.5 16.08
51.5 16.24
52.64 16.04
50.36 15.82
51.5 15.87
52.64 16.02
51.5 15.65
52.64 15.79
52.64 16.01
51.5 15.92
51.5 16.11
51.5 15.87
52.64 15.9
52.64 15.89
51.5 15.88
51.5 15.99
51.5 15.78
51.5 16.13
51.5 16.1
51.5 16.02
51.5 15.82
51.5 16.22
51.5 16.16
52.64 16.04
51.5 16.0
51.5 15.89
51.5 15.98
52.64 16.01
51.5 15.82
51.5 15.95
51.5 16.11
52.64 15.84
51.5 16.1
51.5 16.03
51.5 15.98
51.5 16.08
52.64 16.08
52.64 15.92
52.64 16.11
52.64 16.31
51.5 16.08
52.64 15.97
52.64 15.98
52.64 16.12
51.5 16.16
52.64 16.06
51.5 15.92
51.5 16.03
52.64 16.06
51.5 16.07
51.5 16.03
51.5 16.05
51.5 15.84
52.64 15.88
52.64 15.81
52.64 16.09
51.5 16.01
52.64 15.95
52.64 16.11
52.64 16.08
51.5 16.05
51.5 16.05
52.64 16.03
51.5 16.14
51.5 15.84
51.5 15.94
51.5 15.98
51.5 15.98
52.64 15.87
51.5 16.01
51.5 15.97
52.64 15.97
52.64 15.98
51.5 15.93
51.5 16.06
51.5 15.82
51.5 16.08
51.5 16.16
51.5 16.05
51.5 16.02
52.64 16.16
51.5 16.0
51.5 16.03
51.5 15.85
51.5 15.98
52.64 15.94
51.5 16.03
51.5 15.98
51.5 15.84
51.5 16.05
51.5 16.02
51.5 16.1
51.5 16.1
51.5 16.03
50.36 16.01
51.5 15.81
51.5 15.94
51.5 16.17
51.5 15.87
51.5 16.1
51.5 16.19
52.64 15.93
51.5 15.84
52.64 15.97
52.64 16.08
51.5 15.86
52.64 16.11
52.64 16.0
51.5 16.04
51.5 16.24
51.5 16.09
51.5 15.95
51.5 15.97
51.5 16.09
51.5 16.1
51.5 15.96
51.5 16.02
51.5 15.76
52.64 15.74
51.5 15.87
51.5 15.98
52.64 16.0
51.5 15.96
51.5 15.9
51.5 16.2
51.5 16.09
52.64 15.98
52.64 16.03
52.64 16.0
51.5 15.76
51.5 16.13
51.5 16.1
51.5 15.96
52.64 16.01
51.5 16.02
52.64 15.73
51.5 15.93
52.64 15.97
52.64 15.9
52.64 16.02
51.5 16.14
52.64 16.02
51.5 16.14
52.64 15.89
51.5 16.13
52.64 15.84
51.5 16.08
51.5 15.87
52.64 16.12
51.5 16.05
52.64 15.94
51.5 15.87
51.5 15.84
51.5 15.94
51.5 15.97
52.64 15.98
51.5 16.27
52.64 16.08
51.5 16.15
52.64 16.23
52.64 15.98
51.5 15.89
52.64 16.1
51.5 16.09
51.5 16.07
51.5 15.96
52.64 16.05
51.5 16.1
51.5 16.07
51.5 16.11
51.5 16.09
51.5 15.76
51.5 15.97
51.5 16.0
52.64 15.91
51.5 15.97
51.5 16.1
51.5 15.84
52.64 15.97
52.64 15.72
52.64 16.19
51.5 16.06
52.64 16.06
51.5 15.95
51.5 15.91
51.5 15.92
52.64 15.89
52.64 15.94
52.64 15.8
51.5 16.05
52.64 16.05
52.64 16.0
52.64 16.03
52.64 15.87
52.64 16.04
51.5 15.86
52.64 15.84
52.64 15.97
51.5 16.11
51.5 16.03
51.5 16.0
51.5 16.08
51.5 16.14
52.64 16.07
51.5 16.06
52.64 15.79
51.5 16.11
52.64 16.1
51.5 15.74
51.5 16.03
51.5 15.85
52.64 15.98
52.64 15.82
51.5 16.03
52.64 15.93
50.36 15.81
52.64 15.91
51.5 15.95
51.5 16.08
51.5 16.23
51.5 16.04
51.5 15.82
52.64 15.86
51.5 15.95
51.5 15.98
51.5 16.19
51.5 15.92
52.64 15.99
51.5 15.94
52.64 15.84
51.5 15.84
52.64 15.87
51.5 16.08
52.64 16.03
51.5 16.16
52.64 16.08
52.64 15.89
51.5 15.94
51.5 16.03
52.64 15.94
52.64 16.02
51.5 16.08
52.64 16.21
51.5 16.14
52.64 15.89
52.64 15.9
52.64 15.79
52.64 16.07
51.5 16.2
51.5 15.89
52.64 16.0
51.5 15.97
52.64 15.83
51.5 16.16
52.64 15.87
52.64 15.98
52.64 15.89
51.5 16.17
52.64 15.86
52.64 15.97
51.5 16.07
51.5 15.93
51.5 16.02
51.5 15.79
51.5 15.95
51.5 15.95
52.64 16.05
52.64 15.91
51.5 15.83
51.5 15.81
51.5 16.14
52.64 15.91
51.5 15.87
52.64 15.89
51.5 16.1
52.64 16.04
52.64 16.08
52.64 16.05
52.64 15.98
51.5 15.97
51.5 15.97
52.64 16.08
52.64 15.94
51.5 15.95
51.5 16.11
52.64 15.94
52.64 15.92
52.64 15.79
51.5 16.04
52.64 15.78
52.64 15.95
52.64 16.21
52.64 16.08
52.64 15.89
51.5 15.73
51.5 16.05
52.64 15.97
51.5 16.02
51.5 16.0
52.64 15.87
52.64 16.03
52.64 16.0
52.64 16.05
52.64 15.98
52.64 15.92
52.64 15.94
51.5 16.14
52.64 16.06
51.5 15.87
52.64 16.06
52.64 16.02
52.64 15.92
51.5 15.93
51.5 15.73
51.5 16.13
52.64 15.9
51.5 16.03
51.5 15.84
52.64 16.05
52.64 16.02
52.64 15.95
52.64 15.64
52.64 15.78
51.5 15.92
52.64 16.09
52.64 16.03
52.64 16.13
52.64 16.06
51.5 15.89
52.64 16.01
52.64 16.04
51.5 16.0
51.5 16.07
52.64 16.25
51.5 16.05
51.5 15.77
52.64 15.89
52.64 15.74
52.64 16.19
51.5 15.77
51.5 15.92
51.5 15.76
52.64 15.96
52.64 16.22
51.5 15.85
52.64 15.83
52.64 15.84
52.64 16.08
52.64 15.94
52.64 15.84
51.5 16.0
52.64 15.87
51.5 16.02
52.64 16.03
52.64 16.07
51.5 16.13
52.64 15.88
52.64 15.99
51.5 15.98
52.64 16.06
51.5 15.89
51.5 15.87
52.64 15.91
51.5 16.0
52.64 15.97
52.64 15.84
51.5 15.87
51.5 16.0
52.64 16.07
52.64 16.0
52.64 16.09
52.64 16.0
52.64 15.92
51.5 16.03
51.5 15.9
52.64 16.02
52.64 16.01
52.64 16.08
52.64 15.87
52.64 15.91
52.64 15.86
51.5 16.1
52.64 16.02
52.64 15.9
52.64 15.9
51.5 15.99
51.5 16.04
52.64 16.0
52.64 15.94
51.5 16.03
52.64 15.97
52.64 15.84
52.64 15.7
52.64 16.0
52.64 15.99
51.5 16.15
51.5 15.86
52.64 16.13
52.64 15.64
51.5 16.13
52.64 15.99
52.64 15.78
52.64 16.14
52.64 15.94
52.64 15.92
52.64 15.92
52.64 16.25
52.64 16.0
52.64 15.92
52.64 16.05
52.64 16.0
51.5 15.9
52.64 15.79
52.64 15.89
51.5 16.04
52.64 16.05
52.64 15.91
52.64 16.08
52.64 15.97
52.64 15.97
52.64 15.87
52.64 15.9
52.64 15.76
52.64 15.74
52.64 15.82
51.5 16.32
52.64 16.21
52.64 16.03
51.5 15.92
52.64 15.81
52.64 15.97
52.64 16.13
51.5 16.02
52.64 15.65
52.64 15.91
52.64 16.16
51.5 15.8
51.5 15.92
52.64 16.11
51.5 15.95
52.64 15.93
52.64 15.84
52.64 15.82
52.64 15.78
52.64 15.84
52.64 16.09
52.64 16.02
52.64 15.82
52.64 16.09
51.5 16.11
52.64 15.88
52.64 16.11
52.64 16.0
52.64 16.06
52.64 16.11
52.64 15.95
52.64 16.06
52.64 15.89
52.64 16.08
52.64 16.0
52.64 16.05
52.64 16.0
52.64 16.05
52.64 16.06
52.64 15.88
52.64 15.84
52.64 15.79
51.5 16.03
52.64 15.86
52.64 15.98
51.5 15.92
52.64 15.91
51.5 15.82
52.64 15.82
51.5 15.82
51.5 15.82
52.64 16.11
52.64 16.0
51.5 15.89
52.64 16.11
52.64 15.88
52.64 15.99
51.5 16.06
52.64 15.73
51.5 15.87
51.5 15.95
51.5 16.02
51.5 15.89
51.5 16.05
52.64 15.97
52.64 16.03
52.64 16.05
51.5 16.02
52.64 15.79
52.64 16.09
52.64 16.03
52.64 15.8
52.64 16.03
52.64 16.12
52.64 15.99
51.5 15.81
52.64 16.14
51.5 15.89
52.64 16.1
52.64 16.03
52.64 16.02
52.64 16.01
52.64 16.26
51.5 16.1
52.64 16.04
52.64 16.04
52.64 15.89
52.64 15.86
51.5 15.95
51.5 15.97
51.5 15.85
52.64 16.02
52.64 15.9
52.64 15.94
52.64 15.85
52.64 15.96
52.64 15.8
52.64 16.1
51.5 16.2
52.64 16.02
51.5 16.05
51.5 15.86
52.64 16.02
52.64 16.06
52.64 15.97
52.64 15.89
52.64 15.92
52.64 15.82
52.64 15.93
52.64 16.25
52.64 15.8
52.64 15.94
52.64 15.99
52.64 15.92
52.64 16.02
51.5 15.86
52.64 15.84
52.64 15.89
52.64 16.02
52.64 15.85
52.64 16.07
52.64 16.04
51.5 15.72
52.64 16.02
52.64 15.88
52.64 15.84
52.64 16.05
52.64 15.9
52.64 15.78
52.64 15.94
52.64 15.73
52.64 16.0
51.5 16.0
51.5 16.09
52.64 15.83
52.64 15.78
52.64 15.89
52.64 15.92
52.64 16.08
52.64 16.06
52.64 15.98
52.64 15.8
52.64 15.96
51.5 15.89
52.64 16.05
52.64 16.07
52.64 15.84
52.64 15.89
52.64 16.08
52.64 15.82
52.64 15.9
52.64 15.92
52.64 15.74
52.64 15.89
52.64 15.83
53.78 15.97
52.64 15.81
52.64 15.98
52.64 15.83
52.64 15.89
52.64 15.88
52.64 15.81
52.64 15.86
52.64 15.94
52.64 15.82
52.64 15.94
52.64 15.94
52.64 15.83
52.64 16.01
52.64 15.98
52.64 15.97
52.64 15.87
51.5 15.94
52.64 16.06
52.64 15.94
52.64 15.88
52.64 15.77
51.5 15.93
51.5 16.12
52.64 15.81
52.64 16.18
52.64 15.78
52.64 15.84
52.64 15.98
52.64 15.91
52.64 16.1
52.64 15.95
53.78 16.0
52.64 15.94
52.64 16.12
52.64 16.1
52.64 16.3
52.64 15.85
51.5 16.03
52.64 15.81
52.64 15.96
52.64 15.76
51.5 15.94
52.64 16.05
52.64 16.01
52.64 15.95
52.64 15.98
52.64 16.06
52.64 16.0
52.64 15.87
52.64 15.78
52.64 15.76
51.5 16.04
52.64 16.06
52.64 16.0
52.64 15.82
52.64 16.01
52.64 15.95
52.64 15.67
52.64 15.88
52.64 15.85
52.64 15.9
52.64 15.74
52.64 15.87
52.64 15.97
52.64 15.83
52.64 15.87
52.64 15.8
52.64 15.97
52.64 15.92
52.64 16.02
52.64 16.0
52.64 15.87
52.64 15.95
53.78 15.65
52.64 16.08
52.64 16.13
52.64 15.98
52.64 16.17
52.64 15.96
52.64 15.87
52.64 16.04
52.64 16.19
52.64 16.0
52.64 15.95
52.64 15.98
52.64 16.1
52.64 16.03
52.64 15.68
52.64 16.11
52.64 15.95
51.5 15.92
52.64 15.78
52.64 15.95
52.64 15.85
52.64 15.83
52.64 16.06
52.64 15.98
52.64 16.14
52.64 15.84
52.64 15.92
52.64 15.95
52.64 15.97
51.5 16.16
52.64 15.91
52.64 15.86
52.64 15.78
52.64 15.86
52.64 16.22
52.64 15.75
52.64 15.95
52.64 15.86
52.64 16.25
52.64 15.9
51.5 15.9
52.64 16.07
52.64 15.82
52.64 16.12
53.78 16.11
51.5 16.06
52.64 15.95
51.5 15.9
52.64 16.03
52.64 15.82
52.64 15.69
51.5 15.94
52.64 15.88
51.5 15.96
52.64 15.95
52.64 15.97
51.5 16.22
52.64 16.06
52.64 15.94
51.5 15.97
52.64 16.06
52.64 15.9
52.64 16.0
52.64 15.82
51.5 15.98
51.5 15.76
52.64 16.0
52.64 16.02
52.64 16.02
52.64 16.05
52.64 16.14
51.5 15.74
52.64 15.87
52.64 16.13
52.64 16.0
52.64 15.92
51.5 15.87
52.64 15.95
52.64 15.9
52.64 16.05
52.64 16.02
51.5 15.98
51.5 16.04
51.5 15.84
52.64 15.86
52.64 15.68
52.64 16.0
51.5 16.17
52.64 15.84
52.64 15.84
52.64 15.98
52.64 15.87
52.64 15.99
52.64 16.04
52.64 15.76
52.64 15.9
52.64 15.81
52.64 16.02
52.64 15.79
52.64 15.83
52.64 15.97
52.64 15.8
52.64 16.0
52.64 16.03
52.64 15.9
52.64 16.05
52.64 15.72
52.64 15.95
52.64 16.15
52.64 15.96
52.64 15.91
52.64 16.12
52.64 15.89
52.64 16.0
53.78 15.98
52.64 15.99
52.64 16.03
52.64 15.89
52.64 15.91
52.64 15.97
52.64 15.96
52.64 15.89
52.64 15.97
52.64 16.04
51.5 15.73
52.64 15.94
52.64 16.05
52.64 16.01
52.64 15.8
52.64 15.98
52.64 16.15
51.5 15.62
52.64 16.02
52.64 15.85
52.64 16.08
51.5 15.89
52.64 15.83
52.64 15.79
52.64 15.94
52.64 16.1
52.64 15.86
52.64 15.98
52.64 15.87
52.64 15.97
52.64 15.86
52.64 16.06
52.64 15.79
52.64 16.07
52.64 15.79
53.78 15.89
52.64 16.13
52.64 15.84
52.64 15.82
52.64 16.05
52.64 16.1
52.64 15.7
52.64 16.22
52.64 16.0
53.78 16.0
52.64 15.85
52.64 15.96
52.64 15.65
52.64 15.91
52.64 15.84
52.64 16.14
51.5 15.92
53.78 15.87
52.64 15.77
52.64 15.98
52.64 16.18
52.64 15.92
52.64 15.87
52.64 15.95
52.64 15.74
52.64 16.03
52.64 16.12
52.64 15.79
52.64 16.02
52.64 15.78
52.64 16.0
52.64 15.88
52.64 16.05
51.5 16.17
52.64 16.02
52.64 16.21
52.64 15.9
52.64 16.05
53.78 16.0
52.64 16.07
52.64 16.02
52.64 16.06
52.64 15.99
52.64 16.02
52.64 15.97
52.64 15.98
52.64 16.13
52.64 16.09
52.64 15.95
52.64 15.85
52.64 15.99
52.64 15.92
52.64 15.81
53.78 15.95
52.64 15.82
52.64 16.03
52.64 15.89
52.64 15.9
52.64 15.97
52.64 15.82
52.64 15.7
52.64 15.7
52.64 15.97
52.64 15.94
52.64 16.02
52.64 15.95
52.64 16.01
53.78 16.06
52.64 15.9
52.64 15.76
52.64 16.0
52.64 16.1
52.64 15.87
52.64 16.15
52.64 15.84
52.64 16.19
52.64 15.83
52.64 15.9
52.64 16.1
52.64 16.02
52.64 16.0
52.64 15.88
52.64 15.68
52.64 15.95
52.64 15.97
52.64 16.03
52.64 16.16
52.64 16.19
52.64 15.98
51.5 15.98
52.64 15.83
52.64 15.94
52.64 15.99
52.64 16.0
52.64 15.94
53.78 15.81
52.64 15.91
52.64 15.91
52.64 15.78
52.64 15.78
53.78 15.79
52.64 16.0
52.64 16.14
52.64 16.0
52.64 15.86
52.64 15.95
52.64 15.89
52.64 15.94
52.64 16.03
52.64 15.82
52.64 15.84
52.64 15.82
52.64 15.86
52.64 15.9
52.64 15.7
52.64 16.23
52.64 16.0
52.64 15.83
52.64 15.89
53.78 16.09
52.64 16.0
52.64 15.61
52.64 15.97
52.64 15.78
52.64 15.71
52.64 15.84
52.64 15.82
52.64 15.71
52.64 15.88
52.64 16.01
52.64 15.94
52.64 16.06
53.78 16.03
53.78 15.7
53.78 15.81
52.64 15.97
52.64 15.77
52.64 15.85
52.64 15.96
52.64 16.06
52.64 15.94
52.64 16.13
52.64 15.98
53.78 15.84
52.64 15.99
52.64 15.95
52.64 16.06
52.64 15.93
52.64 15.79
52.64 15.88
52.64 15.92
52.64 15.8
52.64 15.94
52.64 15.98
52.64 16.03
52.64 15.9
52.64 16.12
52.64 16.14
52.64 16.16
52.64 15.65
52.64 15.86
52.64 15.8
52.64 15.92
52.64 15.94
52.64 15.94
52.64 15.89
51.5 15.9
52.64 15.84
52.64 15.79
52.64 16.0
52.64 16.01
52.64 15.91
52.64 15.97
53.78 16.03
52.64 15.86
52.64 15.92
52.64 15.89
53.78 15.87
52.64 16.05
52.64 15.8
52.64 16.03
52.64 15.94
52.64 15.93
52.64 16.05
52.64 15.96
52.64 15.81
53.78 15.9
53.78 16.03
52.64 16.06
52.64 15.74
52.64 15.84
52.64 15.99
52.64 15.92
52.64 15.65
52.64 15.73
52.64 15.71
52.64 15.87
52.64 15.92
52.64 15.84
52.64 15.98
53.78 15.93
52.64 15.92
52.64 15.76
52.64 15.86
52.64 15.97
52.64 15.98
53.78 16.05
52.64 15.73
52.64 15.91
53.78 15.92
52.64 16.04
52.64 15.86
53.78 15.81
52.64 15.58
53.78 16.12
52.64 15.99
52.64 15.7
52.64 15.92
52.64 15.81
53.78 15.97
52.64 16.22
52.64 15.92
52.64 15.95
52.64 16.01
52.64 15.9
52.64 15.94
52.64 15.79
52.64 15.64
52.64 15.73
52.64 15.9
52.64 15.93
52.64 16.03
52.64 15.87
53.78 15.91
53.78 16.06
52.64 16.23
52.64 15.79
52.64 15.93
52.64 15.76
52.64 15.83
52.64 15.98
52.64 15.7
52.64 15.94
52.64 15.78
52.64 15.87
53.78 15.99
52.64 15.86
52.64 15.73
52.64 16.15
52.64 15.77
52.64 15.76
52.64 15.93
53.78 16.02
52.64 15.78
52.64 15.5
52.64 15.92
53.78 15.87
52.64 15.83
52.64 15.66
52.64 15.92
52.64 15.73
52.64 15.79
53.78 15.96
52.64 15.81
52.64 15.84
53.78 15.84
53.78 15.99
52.64 15.94
52.64 16.1
52.64 15.84
53.78 15.89
52.64 15.81
52.64 15.8
52.64 15.94
52.64 16.06
52.64 15.84
52.64 15.68
52.64 15.87
52.64 15.91
53.78 15.94
52.64 16.04
52.64 15.87
52.64 15.77
53.78 16.12
52.64 15.93
52.64 16.11
52.64 16.02
52.64 15.72
53.78 15.96
52.64 16.12
52.64 15.92
52.64 16.08
52.64 15.8
52.64 15.9
52.64 15.92
52.64 15.5
52.64 15.74
52.64 15.8
52.64 15.65
52.64 15.96
52.64 15.86
52.64 15.73
52.64 15.98
52.64 15.95
52.64 15.71
53.78 16.0
52.64 15.95
52.64 15.77
52.64 15.74
52.64 15.78
52.64 16.04
52.64 15.92
52.64 15.88
53.78 15.87
53.78 16.06
52.64 15.53
52.64 15.82
53.78 15.87
52.64 15.95
53.78 15.6
52.64 15.73
52.64 16.02
52.64 16.0
52.64 15.93
52.64 15.87
52.64 15.9
53.78 15.89
52.64 15.85
52.64 15.87
52.64 16.05
53.78 15.95
53.78 15.78
52.64 16.06
52.64 15.99
53.78 15.76
52.64 15.7
52.64 15.95
52.64 15.65
52.64 15.96
52.64 16.01
52.64 16.07
52.64 16.0
52.64 15.9
52.64 15.76
52.64 15.83
52.64 15.97
52.64 15.84
52.64 15.94
52.64 15.92
52.64 15.76
52.64 15.84
52.64 15.89
52.64 15.84
52.64 15.78
53.78 15.82
52.64 15.72
53.78 15.75
52.64 15.74
52.64 16.02
52.64 15.81
53.78 15.88
52.64 16.22
52.64 15.89
52.64 15.82
53.78 15.78
52.64 15.89
52.64 15.9
53.78 15.87
53.78 15.87
52.64 15.63
52.64 16.11
52.64 16.02
52.64 15.81
52.64 15.9
52.64 15.65
52.64 15.86
52.64 15.91
52.64 15.79
52.64 16.1
52.64 15.78
52.64 15.76
53.78 15.9
52.64 15.97
52.64 15.9
52.64 15.69
53.78 15.97
52.64 15.68
52.64 15.68
52.64 15.82
52.64 15.56
53.78 15.76
52.64 15.9
52.64 15.97
53.78 15.95
52.64 15.92
53.78 16.01
52.64 15.74
52.64 16.06
52.64 16.05
52.64 15.88
52.64 15.76
52.64 15.83
52.64 15.86
52.64 15.78
53.78 15.65
52.64 15.76
52.64 15.71
52.64 16.05
52.64 15.93
52.64 15.87
52.64 15.89
53.78 15.94
53.78 15.88
52.64 16.05
52.64 15.75
52.64 16.06
52.64 15.77
53.78 15.65
52.64 15.77
53.78 15.79
52.64 15.63
52.64 15.82
52.64 15.79
53.78 15.76
52.64 15.84
52.64 15.9
53.78 15.99
52.64 15.67
52.64 15.63
53.78 15.87
52.64 15.73
52.64 15.89
52.64 15.92
53.78 15.95
52.64 15.96
52.64 15.76
53.78 15.94
52.64 15.96
52.64 15.7
52.64 15.68
52.64 16.0
52.64 15.68
52.64 15.97
53.78 16.12
53.78 15.73
53.78 15.98
52.64 15.76
53.78 15.87
53.78 15.87
52.64 15.86
53.78 15.92
52.64 16.0
52.64 15.71
52.64 15.97
53.78 15.64
52.64 15.6
52.64 15.78
52.64 15.98
51.5 15.9
53.78 15.87
52.64 15.69
52.64 15.84
52.64 15.84
52.64 16.05
52.64 15.9
52.64 15.81
52.64 15.92
52.64 15.92
52.64 15.65
52.64 15.81
52.64 15.87
52.64 15.7
53.78 15.87
53.78 15.78
52.64 15.89
53.78 15.83
53.78 15.63
52.64 15.78
52.64 15.92
52.64 15.95
52.64 15.85
53.78 16.11
52.64 15.72
52.64 15.86
52.64 15.87
52.64 15.63
53.78 15.66
52.64 15.71
53.78 15.78
52.64 15.67
53.78 15.81
52.64 15.7
52.64 15.7
52.64 15.64
52.64 15.87
53.78 15.89
52.64 15.78
52.64 15.95
52.64 15.84
52.64 15.74
52.64 15.82
53.78 15.85
52.64 15.6
52.64 15.75
52.64 15.9
52.64 15.81
53.78 15.74
52.64 15.88
53.78 15.99
53.78 15.65
53.78 15.74
52.64 15.95
52.64 15.8
52.64 15.8
52.64 15.62
52.64 15.88
52.64 16.04
53.78 16.0
52.64 15.92
52.64 15.7
52.64 15.8
52.64 15.86
52.64 15.73
52.64 15.89
53.78 15.89
52.64 15.8
53.78 15.81
52.64 15.82
52.64 15.78
53.78 15.68
52.64 15.82
53.78 16.04
52.64 15.81
52.64 15.61
52.64 15.81
52.64 15.89
53.78 16.01
52.64 15.89
52.64 15.94
52.64 15.99
52.64 15.86
52.64 15.87
53.78 15.89
53.78 15.82
53.78 16.03
52.64 15.79
52.64 15.7
52.64 15.62
53.78 15.97
52.64 15.97
52.64 15.92
53.78 15.81
52.64 15.68
53.78 15.78
52.64 15.94
53.78 15.81
52.64 15.8
53.78 15.78
52.64 15.82
53.78 15.76
52.64 15.96
52.64 15.71
52.64 15.79
53.78 15.94
52.64 15.79
52.64 15.95
52.64 15.88
52.64 15.89
52.64 16.0
52.64 15.82
52.64 16.0
53.78 15.84
52.64 15.73
52.64 15.81
52.64 16.01
53.78 16.0
53.78 15.72
53.78 15.82
52.64 15.79
52.64 15.67
52.64 15.9
52.64 15.82
52.64 15.61
52.64 15.98
52.64 15.63
53.78 15.76
52.64 15.73
52.64 15.96
52.64 15.91
52.64 15.73
53.78 15.66
53.78 15.89
53.78 15.77
53.78 15.74
53.78 15.99
52.64 16.01
53.78 15.64
53.78 16.1
53.78 15.74
53.78 15.9
52.64 15.57
52.64 15.79
52.64 15.94
52.64 15.98
52.64 15.67
52.64 15.78
53.78 15.75
52.64 15.82
53.78 15.89
53.78 15.84
53.78 15.66
52.64 15.8
52.64 15.79
52.64 15.76
52.64 15.93
52.64 16.03
52.64 15.89
