26.42 16.23
26.42 16.03
25.28 16.07
25.28 16.06
26.42 16.02
27.56 16.03
27.56 15.96
27.56 15.93
28.7 15.98
27.56 15.93
28.7 15.86
28.7 15.89
28.7 15.88
28.7 15.82
28.7 15.78
28.7 15.87
28.7 15.87
29.84 15.96
28.7 15.8
28.7 15.88
29.84 15.74
29.84 15.76
28.7 15.68
29.84 15.63
29.84 15.72
29.84 15.73
29.84 15.69
29.84 15.72
29.84 15.71
29.84 15.66
29.84 15.65
29.84 15.6
29.84 15.6
29.84 15.73
30.98 15.71
29.84 15.56
30.98 15.53
30.98 15.61
30.98 15.56
30.98 15.58
30.98 15.61
30.98 15.52
30.98 15.54
30.98 15.61
30.98 15.62
32.12 15.56
30.98 15.39
30.98 15.53
32.12 15.53
30.98 15.49
32.12 15.49
32.12 15.47
30.98 15.42
32.12 15.56
30.98 15.5
32.12 15.48
32.12 15.42
30.98 15.43
32.12 15.47
30.98 15.48
32.12 15.38
32.12 15.37
32.12 15.35
33.26 15.39
30.98 15.35
32.12 15.34
32.12 15.32
32.12 15.32
32.12 15.36
32.12 15.39
33.26 15.39
33.26 15.33
33.26 15.26
32.12 15.33
32.12 15.38
32.12 15.28
33.26 15.26
33.26 15.25
32.12 15.29
32.12 15.26
32.12 15.26
33.26 15.33
32.12 15.23
33.26 15.28
32.12 15.22
33.26 15.29
33.26 15.24
33.26 15.1
33.26 15.18
32.12 15.22
33.26 15.12
32.12 15.22
33.26 15.15
33.26 15.21
33.26 15.16
33.26 15.19
32.12 15.23
33.26 15.26
33.26 15.17
33.26 15.12
33.26 15.1
33.26 15.18
33.26 15.12
33.26 15.13
33.26 15.13
33.26 15.05
33.26 15.06
33.26 15.05
34.4 15.08
33.26 15.08
33.26 15.15
33.26 15.06
33.26 15.04
33.26 14.97
33.26 15.08
34.4 15.09
34.4 15.04
33.26 15.02
33.26 14.99
33.26 15.02
33.26 15.06
34.4 15.02
33.26 15.08
34.4 15.05
34.4 15.01
34.4 15.04
34.4 14.93
34.4 15.05
34.4 15.04
34.4 14.93
34.4 14.93
34.4 14.96
33.26 14.97
33.26 15.01
34.4 14.91
34.4 14.99
34.4 14.97
34.4 15.02
34.4 14.95
34.4 14.99
34.4 14.93
34.4 14.97
34.4 14.91
34.4 15.0
34.4 14.89
34.4 14.83
34.4 14.91
34.4 14.84
34.4 14.78
35.54 14.89
34.4 14.89
34.4 14.87
34.4 14.84
34.4 14.77
34.4 14.82
34.4 14.85
34.4 14.83
34.4 14.69
34.4 14.81
34.4 14.88
34.4 14.76
34.4 14.79
34.4 14.85
35.54 14.74
35.54 14.84
34.4 14.79
35.54 14.74
35.54 14.84
34.4 14.83
35.54 14.82
35.54 14.72
35.54 14.8
34.4 14.76
35.54 14.83
34.4 14.81
35.54 14.75
35.54 14.69
34.4 14.72
35.54 14.74
35.54 14.73
35.54 14.69
36.68 14.71
35.54 14.7
35.54 14.77
35.54 14.63
35.54 14.77
35.54 14.67
35.54 14.64
34.4 14.67
35.54 14.57
35.54 14.63
35.54 14.6
35.54 14.61
35.54 14.59
35.54 14.8
36.68 14.61
35.54 14.65
35.54 14.68
35.54 14.61
35.54 14.57
36.68 14.67
35.54 14.67
35.54 14.63
35.54 14.59
35.54 14.59
35.54 14.63
35.54 14.54
36.68 14.63
36.68 14.56
35.54 14.62
36.68 14.6
35.54 14.56
35.54 14.53
35.54 14.58
36.68 14.54
36.68 14.61
35.54 14.56
36.68 14.65
36.68 14.5
35.54 14.48
36.68 14.53
35.54 14.55
35.54 14.5
36.68 14.55
35.54 14.58
36.68 14.44
35.54 14.55
36.68 14.54
35.54 14.52
36.68 14.39
36.68 14.49
36.68 14.46
35.54 14.41
36.68 14.49
36.68 14.35
36.68 14.4
35.54 14.47
36.68 14.46
36.68 14.48
36.68 14.47
36.68 14.45
36.68 14.43
36.68 14.36
35.54 14.38
36.68 14.4
36.68 14.38
36.68 14.38
36.68 14.39
36.68 14.46
36.68 14.37
36.68 14.25
37.82 14.48
36.68 14.41
36.68 14.34
36.68 14.33
37.82 14.41
37.82 14.39
36.68 14.47
36.68 14.37
36.68 14.41
37.82 14.43
36.68 14.31
36.68 14.24
36.68 14.32
36.68 14.39
36.68 14.39
36.68 14.35
37.82 14.27
37.82 14.39
37.82 14.33
36.68 14.34
35.54 14.35
36.68 14.25
37.82 14.35
36.68 14.31
36.68 14.27
37.82 14.3
37.82 14.32
36.68 14.31
36.68 14.33
36.68 14.31
37.82 14.28
37.82 14.28
37.82 14.35
37.82 14.33
37.82 14.21
37.82 14.22
37.82 14.23
37.82 14.21
36.68 14.3
37.82 14.25
37.82 14.29
36.68 14.25
37.82 14.23
37.82 14.22
37.82 14.21
37.82 14.17
37.82 14.26
37.82 14.2
37.82 14.26
37.82 14.14
38.96 14.24
37.82 14.23
37.82 14.12
37.82 14.18
37.82 14.27
38.96 14.22
37.82 14.23
37.82 14.18
37.82 14.22
37.82 14.2
37.82 14.19
37.82 14.3
37.82 14.2
37.82 14.18
37.82 14.21
37.82 14.19
37.82 14.12
37.82 14.13
37.82 14.18
37.82 14.15
37.82 14.08
37.82 14.16
37.82 14.21
38.96 14.12
38.96 14.13
37.82 14.1
37.82 14.2
37.82 14.16
38.96 14.1
38.96 14.18
38.96 14.23
37.82 14.1
38.96 14.07
37.82 14.04
38.96 14.12
38.96 14.07
38.96 14.06
38.96 14.09
37.82 14.19
38.96 14.14
38.96 14.13
38.96 14.04
38.96 14.07
38.96 14.04
38.96 14.1
38.96 14.05
38.96 14.2
38.96 14.1
38.96 13.98
38.96 14.0
37.82 14.07
38.96 14.0
38.96 14.04
38.96 14.08
38.96 14.11
38.96 14.0
40.1 13.92
38.96 14.06
38.96 13.97
38.96 13.96
38.96 13.99
38.96 14.01
38.96 13.98
38.96 14.0
38.96 13.99
38.96 14.03
38.96 14.01
38.96 13.98
38.96 14.0
38.96 13.95
38.96 13.97
38.96 13.97
40.1 13.94
38.96 13.87
38.96 13.95
38.96 13.94
38.96 14.01
38.96 13.97
40.1 13.96
40.1 13.95
38.96 13.86
38.96 13.95
38.96 13.99
40.1 13.93
38.96 13.99
38.96 13.97
38.96 13.89
38.96 13.93
38.96 13.89
40.1 13.9
38.96 13.91
40.1 13.97
40.1 13.91
38.96 13.82
40.1 13.89
38.96 13.92
40.1 13.92
38.96 13.95
38.96 13.92
38.96 13.89
38.96 13.97
40.1 13.91
40.1 13.85
40.1 13.81
38.96 13.93
38.96 13.88
38.96 13.87
40.1 13.89
38.96 13.9
40.1 13.88
40.1 13.9
40.1 13.87
40.1 13.87
40.1 13.77
40.1 13.88
40.1 13.9
40.1 13.84
40.1 13.81
40.1 13.83
40.1 13.95
40.1 13.8
40.1 13.84
40.1 13.84
40.1 13.72
40.1 13.89
38.96 13.86
40.1 13.79
40.1 13.8
40.1 13.8
40.1 13.87
38.96 13.78
40.1 13.86
40.1 13.8
40.1 13.82
41.24 13.78
40.1 13.82
40.1 13.69
40.1 13.79
40.1 13.83
40.1 13.83
40.1 13.79
40.1 13.8
40.1 13.78
40.1 13.67
40.1 13.67
40.1 13.66
40.1 13.73
40.1 13.71
40.1 13.73
41.24 13.77
41.24 13.76
40.1 13.71
40.1 13.7
41.24 13.66
41.24 13.75
40.1 13.74
40.1 13.73
38.96 13.79
41.24 13.68
41.24 13.68
40.1 13.71
40.1 13.7
40.1 13.68
41.24 13.69
40.1 13.68
41.24 13.73
40.1 13.7
41.24 13.69
41.24 13.77
40.1 13.64
40.1 13.65
41.24 13.65
41.24 13.59
40.1 13.63
40.1 13.61
41.24 13.64
41.24 13.7
41.24 13.58
41.24 13.73
40.1 13.61
41.24 13.6
41.24 13.64
41.24 13.61
41.24 13.58
41.24 13.7
40.1 13.72
41.24 13.66
40.1 13.65
41.24 13.66
41.24 13.61
41.24 13.57
40.1 13.64
41.24 13.59
41.24 13.64
41.24 13.62
41.24 13.69
41.24 13.59
41.24 13.65
41.24 13.66
41.24 13.56
40.1 13.6
41.24 13.6
41.24 13.66
41.24 13.56
41.24 13.52
41.24 13.63
41.24 13.61
41.24 13.52
41.24 13.53
41.24 13.54
41.24 13.6
41.24 13.47
41.24 13.5
41.24 13.56
41.24 13.55
42.38 13.55
42.38 13.53
41.24 13.48
41.24 13.54
41.24 13.53
41.24 13.53
41.24 13.51
42.38 13.42
41.24 13.51
41.24 13.48
40.1 13.54
41.24 13.5
42.38 13.43
41.24 13.52
40.1 13.51
41.24 13.53
41.24 13.5
41.24 13.47
41.24 13.47
41.24 13.5
41.24 13.45
40.1 13.54
42.38 13.48
41.24 13.55
41.24 13.57
41.24 13.55
42.38 13.45
42.38 13.45
42.38 13.5
41.24 13.48
41.24 13.43
41.24 13.5
41.24 13.49
41.24 13.51
41.24 13.45
41.24 13.49
41.24 13.37
42.38 13.42
41.24 13.45
42.38 13.49
41.24 13.49
42.38 13.45
42.38 13.53
42.38 13.41
42.38 13.35
41.24 13.37
42.38 13.42
41.24 13.37
41.24 13.33
42.38 13.39
42.38 13.5
42.38 13.47
42.38 13.45
42.38 13.4
41.24 13.45
42.38 13.41
42.38 13.45
42.38 13.36
42.38 13.38
42.38 13.37
42.38 13.34
42.38 13.36
42.38 13.31
42.38 13.41
42.38 13.33
42.38 13.38
42.38 13.34
42.38 13.43
42.38 13.38
42.38 13.4
41.24 13.37
42.38 13.39
42.38 13.29
42.38 13.32
42.38 13.41
42.38 13.37
42.38 13.41
42.38 13.32
42.38 13.36
42.38 13.45
42.38 13.39
42.38 13.41
42.38 13.32
42.38 13.33
42.38 13.29
43.52 13.33
42.38 13.39
42.38 13.33
42.38 13.33
42.38 13.31
42.38 13.29
42.38 13.28
43.52 13.32
41.24 13.31
42.38 13.31
42.38 13.35
42.38 13.32
43.52 13.21
42.38 13.28
42.38 13.33
42.38 13.29
43.52 13.26
42.38 13.27
42.38 13.31
42.38 13.34
42.38 13.31
42.38 13.23
42.38 13.3
43.52 13.29
42.38 13.29
43.52 13.31
43.52 13.27
42.38 13.29
42.38 13.24
42.38 13.19
42.38 13.3
42.38 13.25
43.52 13.34
42.38 13.27
42.38 13.33
43.52 13.22
43.52 13.22
43.52 13.21
43.52 13.27
43.52 13.28
43.52 13.29
42.38 13.2
42.38 13.24
42.38 13.33
43.52 13.33
43.52 13.28
42.38 13.21
42.38 13.27
43.52 13.27
43.52 13.24
43.52 13.24
43.52 13.33
43.52 13.27
43.52 13.31
43.52 13.27
42.38 13.23
43.52 13.23
43.52 13.23
43.52 13.32
42.38 13.26
43.52 13.15
43.52 13.23
43.52 13.23
42.38 13.22
43.52 13.22
42.38 13.23
43.52 13.23
43.52 13.16
43.52 13.16
43.52 13.19
43.52 13.23
43.52 13.22
43.52 13.14
43.52 13.13
43.52 13.19
42.38 13.17
44.66 13.19
43.52 13.11
43.52 13.07
43.52 13.17
43.52 13.23
42.38 13.19
43.52 13.12
43.52 13.12
43.52 13.16
43.52 13.15
43.52 13.16
43.52 13.15
43.52 13.18
43.52 13.06
43.52 13.19
43.52 13.08
44.66 13.13
43.52 13.21
43.52 13.11
44.66 13.19
43.52 13.14
43.52 13.17
44.66 13.07
43.52 13.08
43.52 13.11
43.52 13.11
44.66 13.16
44.66 13.04
43.52 13.06
43.52 13.06
43.52 13.13
43.52 13.12
44.66 13.13
43.52 13.09
44.66 13.07
43.52 13.16
44.66 13.2
43.52 13.14
44.66 13.09
44.66 13.11
43.52 13.14
44.66 13.17
43.52 13.13
43.52 13.08
44.66 13.13
44.66 13.12
43.52 13.09
44.66 13.17
43.52 13.06
44.66 13.08
43.52 13.04
44.66 13.02
43.52 13.15
44.66 13.04
44.66 13.05
43.52 13.06
44.66 12.98
43.52 13.03
43.52 13.0
44.66 12.99
44.66 13.09
43.52 12.95
44.66 13.03
43.52 12.99
44.66 13.13
44.66 12.99
44.66 13.04
44.66 13.1
44.66 13.05
44.66 13.12
44.66 13.04
44.66 12.95
43.52 12.95
44.66 13.04
44.66 13.04
43.52 13.03
44.66 12.95
44.66 12.94
44.66 13.04
44.66 13.02
43.52 12.97
44.66 13.03
44.66 12.95
44.66 13.07
44.66 12.97
44.66 12.98
44.66 12.93
43.52 12.97
44.66 12.97
44.66 12.91
44.66 13.02
44.66 13.0
44.66 12.92
44.66 12.97
44.66 12.95
44.66 13.0
44.66 13.11
44.66 13.0
44.66 12.95
44.66 12.96
44.66 12.92
44.66 12.91
43.52 12.94
44.66 12.98
44.66 12.95
44.66 12.92
44.66 12.96
44.66 13.01
44.66 12.98
44.66 12.9
44.66 13.02
44.66 12.96
44.66 13.04
44.66 13.01
44.66 12.92
44.66 12.94
44.66 12.92
44.66 12.94
44.66 12.96
44.66 12.88
44.66 12.87
44.66 12.87
44.66 12.94
44.66 12.92
44.66 12.88
44.66 12.97
44.66 12.98
44.66 12.94
44.66 12.94
44.66 12.87
44.66 12.94
45.8 12.81
44.66 12.91
43.52 12.89
44.66 12.86
44.66 12.9
44.66 12.96
44.66 12.82
44.66 12.94
44.66 12.9
45.8 12.85
45.8 12.87
44.66 12.88
44.66 12.89
45.8 12.84
44.66 12.94
44.66 12.84
44.66 12.97
45.8 12.89
44.66 12.91
45.8 12.91
45.8 12.87
45.8 12.9
45.8 12.85
45.8 12.92
44.66 12.91
44.66 12.8
44.66 12.8
44.66 12.88
44.66 13.01
44.66 12.9
44.66 12.96
44.66 12.88
44.66 12.87
43.52 12.93
44.66 12.84
44.66 12.87
44.66 12.95
45.8 12.93
44.66 12.75
45.8 12.81
45.8 12.85
44.66 12.86
45.8 12.86
45.8 12.88
44.66 12.84
45.8 12.94
45.8 12.82
44.66 12.91
44.66 12.83
45.8 12.85
45.8 12.93
45.8 12.89
45.8 12.86
45.8 12.7
45.8 12.85
45.8 12.78
44.66 12.78
45.8 12.86
44.66 12.8
45.8 12.76
45.8 12.8
45.8 12.85
45.8 12.85
44.66 12.74
45.8 12.91
44.66 12.81
44.66 12.87
45.8 12.81
45.8 12.76
45.8 12.84
45.8 12.8
45.8 12.83
45.8 12.83
45.8 12.66
45.8 12.77
45.8 12.79
45.8 12.79
45.8 12.74
45.8 12.73
45.8 12.74
45.8 12.76
44.66 12.79
45.8 12.78
45.8 12.83
45.8 12.76
46.94 12.75
45.8 12.84
45.8 12.85
45.8 12.79
45.8 12.76
45.8 12.77
45.8 12.8
45.8 12.72
45.8 12.72
45.8 12.78
45.8 12.79
45.8 12.77
45.8 12.74
44.66 12.77
46.94 12.8
45.8 12.72
45.8 12.73
45.8 12.74
45.8 12.72
45.8 12.79
45.8 12.69
45.8 12.75
45.8 12.76
45.8 12.76
45.8 12.73
45.8 12.79
45.8 12.72
45.8 12.76
45.8 12.82
45.8 12.81
45.8 12.66
45.8 12.68
45.8 12.75
46.94 12.68
45.8 12.7
45.8 12.74
45.8 12.71
45.8 12.73
45.8 12.75
45.8 12.75
45.8 12.67
45.8 12.68
45.8 12.71
45.8 12.65
45.8 12.69
45.8 12.72
45.8 12.69
46.94 12.72
45.8 12.77
46.94 12.66
45.8 12.67
46.94 12.74
45.8 12.75
45.8 12.7
45.8 12.65
46.94 12.64
45.8 12.67
46.94 12.72
45.8 12.65
46.94 12.62
46.94 12.71
46.94 12.72
45.8 12.61
45.8 12.63
46.94 12.56
46.94 12.68
46.94 12.69
45.8 12.7
46.94 12.7
45.8 12.69
46.94 12.62
46.94 12.61
45.8 12.63
46.94 12.62
46.94 12.63
46.94 12.63
46.94 12.56
45.8 12.6
45.8 12.66
46.94 12.55
45.8 12.65
46.94 12.63
46.94 12.57
46.94 12.5
46.94 12.66
45.8 12.61
46.94 12.69
46.94 12.64
45.8 12.62
45.8 12.59
46.94 12.59
46.94 12.55
46.94 12.59
45.8 12.57
46.94 12.54
46.94 12.55
46.94 12.55
46.94 12.65
45.8 12.5
46.94 12.56
46.94 12.56
46.94 12.51
46.94 12.54
46.94 12.57
46.94 12.57
46.94 12.57
46.94 12.53
46.94 12.56
46.94 12.59
46.94 12.56
46.94 12.56
46.94 12.59
46.94 12.67
46.94 12.56
46.94 12.57
46.94 12.56
46.94 12.59
46.94 12.58
46.94 12.54
48.08 12.52
45.8 12.47
46.94 12.49
46.94 12.49
46.94 12.56
46.94 12.53
46.94 12.49
46.94 12.55
46.94 12.59
46.94 12.53
46.94 12.55
46.94 12.49
46.94 12.45
46.94 12.48
46.94 12.59
46.94 12.53
46.94 12.55
48.08 12.55
48.08 12.51
46.94 12.56
46.94 12.53
46.94 12.49
46.94 12.55
46.94 12.46
46.94 12.53
46.94 12.53
46.94 12.57
46.94 12.51
46.94 12.5
46.94 12.47
46.94 12.57
46.94 12.6
46.94 12.58
46.94 12.53
46.94 12.45
46.94 12.48
46.94 12.6
46.94 12.61
46.94 12.57
48.08 12.41
46.94 12.55
46.94 12.46
46.94 12.46
48.08 12.48
46.94 12.56
48.08 12.4
46.94 12.57
46.94 12.49
48.08 12.5
46.94 12.4
46.94 12.52
48.08 12.41
46.94 12.52
48.08 12.45
46.94 12.48
46.94 12.51
46.94 12.52
48.08 12.51
48.08 12.47
48.08 12.45
48.08 12.5
46.94 12.48
46.94 12.49
46.94 12.48
48.08 12.53
48.08 12.43
48.08 12.51
48.08 12.52
46.94 12.5
46.94 12.47
48.08 12.46
48.08 12.48
48.08 12.48
48.08 12.52
48.08 12.47
46.94 12.52
46.94 12.52
46.94 12.44
46.94 12.46
46.94 12.42
48.08 12.46
46.94 12.43
48.08 12.37
48.08 12.45
48.08 12.48
48.08 12.39
46.94 12.46
48.08 12.51
48.08 12.48
48.08 12.46
46.94 12.43
46.94 12.48
48.08 12.42
46.94 12.4
46.94 12.51
46.94 12.51
48.08 12.45
46.94 12.47
46.94 12.45
48.08 12.35
48.08 12.34
48.08 12.48
48.08 12.52
46.94 12.44
48.08 12.4
48.08 12.49
48.08 12.48
48.08 12.43
48.08 12.43
46.94 12.51
46.94 12.41
48.08 12.47
48.08 12.43
48.08 12.43
46.94 12.4
48.08 12.44
48.08 12.41
48.08 12.39
48.08 12.48
46.94 12.38
46.94 12.39
48.08 12.41
48.08 12.37
48.08 12.46
46.94 12.35
48.08 12.28
48.08 12.43
48.08 12.44
48.08 12.36
48.08 12.45
48.08 12.41
48.08 12.43
46.94 12.41
46.94 12.44
48.08 12.42
46.94 12.37
48.08 12.4
48.08 12.39
48.08 12.37
48.08 12.38
48.08 12.45
46.94 12.33
48.08 12.46
46.94 12.35
48.08 12.37
48.08 12.31
48.08 12.37
48.08 12.29
48.08 12.37
48.08 12.39
48.08 12.34
48.08 12.41
48.08 12.4
49.22 12.33
46.94 12.39
46.94 12.4
48.08 12.37
48.08 12.39
48.08 12.3
48.08 12.43
48.08 12.31
48.08 12.31
48.08 12.35
48.08 12.38
49.22 12.35
48.08 12.31
48.08 12.37
48.08 12.32
48.08 12.34
49.22 12.35
48.08 12.25
48.08 12.28
48.08 12.39
48.08 12.43
49.22 12.34
48.08 12.35
48.08 12.37
48.08 12.41
48.08 12.38
48.08 12.42
48.08 12.34
48.08 12.15
49.22 12.38
49.22 12.38
48.08 12.29
48.08 12.27
48.08 12.35
48.08 12.38
48.08 12.28
48.08 12.39
48.08 12.29
48.08 12.35
48.08 12.32
49.22 12.4
48.08 12.36
49.22 12.37
49.22 12.31
48.08 12.33
48.08 12.37
48.08 12.31
49.22 12.26
48.08 12.33
48.08 12.37
48.08 12.26
49.22 12.35
48.08 12.31
48.08 12.36
48.08 12.33
49.22 12.29
49.22 12.31
49.22 12.32
49.22 12.37
48.08 12.33
48.08 12.31
48.08 12.37
48.08 12.25
48.08 12.27
48.08 12.26
48.08 12.28
49.22 12.29
49.22 12.27
48.08 12.39
49.22 12.43
49.22 12.21
49.22 12.35
49.22 12.31
49.22 12.2
48.08 12.21
48.08 12.33
49.22 12.25
48.08 12.26
49.22 12.32
49.22 12.32
49.22 12.23
48.08 12.32
49.22 12.25
49.22 12.32
49.22 12.3
48.08 12.34
50.36 12.27
49.22 12.34
49.22 12.27
49.22 12.27
49.22 12.3
49.22 12.23
49.22 12.22
49.22 12.24
49.22 12.32
48.08 12.18
49.22 12.24
49.22 12.25
48.08 12.24
49.22 12.37
49.22 12.21
48.08 12.25
49.22 12.23
49.22 12.26
49.22 12.24
50.36 12.33
48.08 12.18
48.08 12.33
49.22 12.23
49.22 12.26
49.22 12.28
49.22 12.23
49.22 12.22
49.22 12.19
49.22 12.15
48.08 12.19
49.22 12.18
49.22 12.19
49.22 12.26
49.22 12.21
49.22 12.22
49.22 12.25
49.22 12.19
49.22 12.18
49.22 12.23
49.22 12.24
49.22 12.22
49.22 12.13
49.22 12.23
49.22 12.17
49.22 12.25
49.22 12.2
49.22 12.22
49.22 12.27
49.22 12.21
49.22 12.23
49.22 12.19
49.22 12.22
50.36 12.22
50.36 12.21
49.22 12.25
50.36 12.28
49.22 12.29
49.22 12.22
50.36 12.2
49.22 12.27
49.22 12.23
49.22 12.22
49.22 12.23
50.36 12.2
50.36 12.09
49.22 12.22
49.22 12.12
49.22 12.18
50.36 12.24
49.22 12.1
50.36 12.21
49.22 12.26
49.22 12.16
49.22 12.16
49.22 12.13
49.22 12.15
49.22 12.14
49.22 12.22
50.36 12.13
50.36 12.18
49.22 12.2
50.36 12.17
49.22 12.04
49.22 12.13
49.22 12.17
49.22 12.18
49.22 12.22
50.36 12.17
49.22 12.16
49.22 12.18
49.22 12.21
50.36 12.19
50.36 12.11
49.22 12.17
49.22 12.17
50.36 12.19
49.22 12.14
50.36 12.16
50.36 12.18
49.22 12.16
50.36 12.13
50.36 12.19
49.22 12.14
49.22 12.16
50.36 12.04
49.22 12.08
50.36 12.14
50.36 12.14
50.36 12.16
49.22 12.26
49.22 12.07
50.36 12.19
50.36 12.11
50.36 12.14
49.22 12.11
49.22 12.22
50.36 12.21
50.36 12.09
49.22 12.17
49.22 12.09
50.36 12.06
50.36 12.14
50.36 12.13
50.36 12.16
49.22 12.11
50.36 12.17
50.36 12.13
50.36 12.12
50.36 12.07
50.36 12.13
50.36 12.23
49.22 12.17
50.36 12.15
50.36 12.11
50.36 12.06
50.36 12.12
49.22 12.13
50.36 12.17
50.36 12.02
50.36 12.09
50.36 12.12
50.36 12.2
49.22 12.09
49.22 12.1
50.36 12.03
50.36 12.02
50.36 12.07
49.22 12.05
50.36 12.09
50.36 12.13
50.36 12.09
50.36 12.09
50.36 12.04
49.22 11.99
50.36 12.13
50.36 12.08
49.22 12.14
50.36 12.04
50.36 12.16
49.22 12.12
49.22 12.11
49.22 11.95
50.36 12.07
49.22 12.04
49.22 12.07
50.36 12.05
50.36 12.06
50.36 12.08
50.36 12.07
50.36 12.05
49.22 12.03
49.22 12.07
50.36 12.14
50.36 12.08
50.36 12.07
50.36 12.1
49.22 12.07
50.36 12.16
50.36 12.05
49.22 12.12
50.36 12.09
50.36 12.09
50.36 12.12
50.36 12.06
50.36 12.06
50.36 11.99
50.36 12.03
