51.5 146280.0
52.64 146300.0
51.5 146320.0
51.5 146340.0
51.5 146360.0
51.5 146380.0
51.5 146400.0
51.5 146420.0
51.5 146440.0
51.5 146460.0
51.5 146480.0
51.5 146500.0
51.5 146520.0
51.5 146540.0
51.5 146560.0
51.5 146580.0
51.5 146600.0
52.64 146620.0
51.5 146640.0
51.5 146660.0
51.5 146680.0
51.5 146700.0
51.5 146720.0
51.5 146740.0
51.5 146760.0
51.5 146780.0
52.64 146800.0
51.5 146820.0
51.5 146840.0
51.5 146860.0
51.5 146880.0
51.5 146900.0
51.5 146920.0
51.5 146940.0
51.5 146960.0
51.5 146980.0
51.5 147000.0
52.64 147020.0
51.5 147040.0
52.64 147060.0
51.5 147080.0
51.5 147100.0
51.5 147120.0
52.64 147140.0
51.5 147160.0
51.5 147180.0
51.5 147200.0
51.5 147220.0
52.64 147240.0
51.5 147260.0
51.5 147280.0
51.5 147300.0
51.5 147320.0
51.5 147340.0
52.64 147360.0
51.5 147380.0
51.5 147400.0
51.5 147420.0
51.5 147440.0
51.5 147460.0
51.5 147480.0
51.5 147500.0
51.5 147520.0
51.5 147540.0
51.5 147560.0
51.5 147580.0
51.5 147600.0
51.5 147620.0
51.5 147640.0
51.5 147660.0
51.5 147680.0
51.5 147700.0
51.5 147720.0
51.5 147740.0
51.5 147760.0
51.5 147780.0
51.5 147800.0
51.5 147820.0
51.5 147840.0
52.64 147860.0
51.5 147880.0
51.5 147900.0
51.5 147920.0
51.5 147940.0
51.5 147960.0
51.5 147980.0
52.64 148000.0
51.5 148020.0
51.5 148040.0
51.5 148060.0
52.64 148080.0
51.5 148100.0
51.5 148120.0
51.5 148140.0
51.5 148160.0
51.5 148180.0
51.5 148200.0
51.5 148220.0
51.5 148240.0
51.5 148260.0
51.5 148280.0
51.5 148300.0
51.5 148320.0
51.5 148340.0
51.5 148360.0
51.5 148380.0
51.5 148400.0
51.5 148420.0
51.5 148440.0
51.5 148460.0
51.5 148480.0
52.64 148500.0
51.5 148520.0
51.5 148540.0
52.64 148560.0
52.64 148580.0
51.5 148600.0
51.5 148620.0
51.5 148640.0
51.5 148660.0
51.5 148680.0
51.5 148700.0
52.64 148720.0
51.5 148740.0
51.5 148760.0
51.5 148780.0
51.5 148800.0
51.5 148820.0
52.64 148840.0
51.5 148860.0
51.5 148880.0
52.64 148900.0
51.5 148920.0
51.5 148940.0
51.5 148960.0
51.5 148980.0
51.5 149000.0
51.5 149020.0
51.5 149040.0
51.5 149060.0
51.5 149080.0
51.5 149100.0
51.5 149120.0
51.5 149140.0
51.5 149160.0
51.5 149180.0
51.5 149200.0
52.64 149220.0
51.5 149240.0
51.5 149260.0
51.5 149280.0
51.5 149300.0
51.5 149320.0
51.5 149340.0
51.5 149360.0
51.5 149380.0
52.64 149400.0
51.5 149420.0
51.5 149440.0
51.5 149460.0
52.64 149480.0
51.5 149500.0
51.5 149520.0
51.5 149540.0
51.5 149560.0
52.64 149580.0
51.5 149600.0
51.5 149620.0
51.5 149640.0
51.5 149660.0
51.5 149680.0
52.64 149700.0
51.5 149720.0
51.5 149740.0
51.5 149760.0
51.5 149780.0
51.5 149800.0
51.5 149820.0
51.5 149840.0
51.5 149860.0
51.5 149880.0
51.5 149900.0
51.5 149920.0
51.5 149940.0
51.5 149960.0
51.5 149980.0
51.5 150000.0
51.5 150020.0
51.5 150040.0
51.5 150060.0
51.5 150080.0
51.5 150100.0
51.5 150120.0
51.5 150140.0
51.5 150160.0
52.64 150180.0
51.5 150200.0
52.64 150220.0
51.5 150240.0
51.5 150260.0
51.5 150280.0
51.5 150300.0
51.5 150320.0
51.5 150340.0
52.64 150360.0
52.64 150380.0
51.5 150400.0
51.5 150420.0
52.64 150440.0
51.5 150460.0
51.5 150480.0
52.64 150500.0
51.5 150520.0
52.64 150540.0
51.5 150560.0
51.5 150580.0
51.5 150600.0
51.5 150620.0
51.5 150640.0
52.64 150660.0
52.64 150680.0
51.5 150700.0
52.64 150720.0
51.5 150740.0
52.64 150760.0
51.5 150780.0
51.5 150800.0
51.5 150820.0
52.64 150840.0
51.5 150860.0
52.64 150880.0
51.5 150900.0
51.5 150920.0
51.5 150940.0
51.5 150960.0
52.64 150980.0
51.5 151000.0
51.5 151020.0
52.64 151040.0
51.5 151060.0
51.5 151080.0
52.64 151100.0
51.5 151120.0
51.5 151140.0
51.5 151160.0
51.5 151180.0
51.5 151200.0
52.64 151220.0
51.5 151240.0
51.5 151260.0
52.64 151280.0
51.5 151300.0
52.64 151320.0
52.64 151340.0
51.5 151360.0
52.64 151380.0
51.5 151400.0
51.5 151420.0
52.64 151440.0
51.5 151460.0
52.64 151480.0
52.64 151500.0
51.5 151520.0
51.5 151540.0
51.5 151560.0
51.5 151580.0
51.5 151600.0
52.64 151620.0
51.5 151640.0
51.5 151660.0
51.5 151680.0
52.64 151700.0
52.64 151720.0
52.64 151740.0
51.5 151760.0
52.64 151780.0
51.5 151800.0
51.5 151820.0
51.5 151840.0
51.5 151860.0
51.5 151880.0
52.64 151900.0
51.5 151920.0
51.5 151940.0
51.5 151960.0
52.64 151980.0
51.5 152000.0
51.5 152020.0
51.5 152040.0
51.5 152060.0
51.5 152080.0
51.5 152100.0
51.5 152120.0
51.5 152140.0
51.5 152160.0
52.64 152180.0
51.5 152200.0
52.64 152220.0
51.5 152240.0
51.5 152260.0
51.5 152280.0
52.64 152300.0
52.64 152320.0
51.5 152340.0
51.5 152360.0
51.5 152380.0
51.5 152400.0
52.64 152420.0
52.64 152440.0
52.64 152460.0
51.5 152480.0
51.5 152500.0
52.64 152520.0
51.5 152540.0
52.64 152560.0
51.5 152580.0
51.5 152600.0
51.5 152620.0
51.5 152640.0
52.64 152660.0
51.5 152680.0
51.5 152700.0
51.5 152720.0
51.5 152740.0
52.64 152760.0
52.64 152780.0
51.5 152800.0
51.5 152820.0
51.5 152840.0
51.5 152860.0
52.64 152880.0
51.5 152900.0
52.64 152920.0
52.64 152940.0
52.64 152960.0
51.5 152980.0
52.64 153000.0
52.64 153020.0
52.64 153040.0
51.5 153060.0
52.64 153080.0
51.5 153100.0
51.5 153120.0
52.64 153140.0
51.5 153160.0
51.5 153180.0
52.64 153200.0
52.64 153220.0
51.5 153240.0
52.64 153260.0
51.5 153280.0
51.5 153300.0
51.5 153320.0
51.5 153340.0
51.5 153360.0
51.5 153380.0
52.64 153400.0
51.5 153420.0
51.5 153440.0
51.5 153460.0
51.5 153480.0
51.5 153500.0
51.5 153520.0
52.64 153540.0
52.64 153560.0
51.5 153580.0
52.64 153600.0
52.64 153620.0
51.5 153640.0
52.64 153660.0
51.5 153680.0
52.64 153700.0
51.5 153720.0
51.5 153740.0
51.5 153760.0
52.64 153780.0
51.5 153800.0
52.64 153820.0
51.5 153840.0
51.5 153860.0
51.5 153880.0
51.5 153900.0
52.64 153920.0
51.5 153940.0
51.5 153960.0
51.5 153980.0
51.5 154000.0
51.5 154020.0
51.5 154040.0
52.64 154060.0
52.64 154080.0
51.5 154100.0
51.5 154120.0
52.64 154140.0
51.5 154160.0
51.5 154180.0
51.5 154200.0
52.64 154220.0
51.5 154240.0
51.5 154260.0
52.64 154280.0
51.5 154300.0
51.5 154320.0
52.64 154340.0
51.5 154360.0
51.5 154380.0
52.64 154400.0
51.5 154420.0
51.5 154440.0
51.5 154460.0
51.5 154480.0
51.5 154500.0
52.64 154520.0
51.5 154540.0
52.64 154560.0
52.64 154580.0
51.5 154600.0
51.5 154620.0
52.64 154640.0
51.5 154660.0
51.5 154680.0
51.5 154700.0
52.64 154720.0
51.5 154740.0
51.5 154760.0
52.64 154780.0
51.5 154800.0
51.5 154820.0
52.64 154840.0
51.5 154860.0
51.5 154880.0
51.5 154900.0
51.5 154920.0
52.64 154940.0
51.5 154960.0
52.64 154980.0
51.5 155000.0
51.5 155020.0
51.5 155040.0
51.5 155060.0
51.5 155080.0
51.5 155100.0
51.5 155120.0
52.64 155140.0
52.64 155160.0
51.5 155180.0
51.5 155200.0
51.5 155220.0
51.5 155240.0
52.64 155260.0
52.64 155280.0
51.5 155300.0
51.5 155320.0
51.5 155340.0
51.5 155360.0
52.64 155380.0
52.64 155400.0
51.5 155420.0
52.64 155440.0
51.5 155460.0
52.64 155480.0
51.5 155500.0
51.5 155520.0
51.5 155540.0
51.5 155560.0
51.5 155580.0
51.5 155600.0
52.64 155620.0
51.5 155640.0
52.64 155660.0
51.5 155680.0
52.64 155700.0
51.5 155720.0
51.5 155740.0
52.64 155760.0
52.64 155780.0
51.5 155800.0
52.64 155820.0
51.5 155840.0
51.5 155860.0
51.5 155880.0
51.5 155900.0
51.5 155920.0
51.5 155940.0
52.64 155960.0
52.64 155980.0
52.64 156000.0
51.5 156020.0
51.5 156040.0
52.64 156060.0
51.5 156080.0
51.5 156100.0
51.5 156120.0
51.5 156140.0
51.5 156160.0
51.5 156180.0
51.5 156200.0
52.64 156220.0
51.5 156240.0
51.5 156260.0
51.5 156280.0
52.64 156300.0
52.64 156320.0
51.5 156340.0
51.5 156360.0
52.64 156380.0
52.64 156400.0
51.5 156420.0
51.5 156440.0
51.5 156460.0
51.5 156480.0
51.5 156500.0
51.5 156520.0
51.5 156540.0
51.5 156560.0
51.5 156580.0
52.64 156600.0
52.64 156620.0
51.5 156640.0
52.64 156660.0
52.64 156680.0
52.64 156700.0
52.64 156720.0
51.5 156740.0
51.5 156760.0
52.64 156780.0
51.5 156800.0
52.64 156820.0
52.64 156840.0
51.5 156860.0
52.64 156880.0
52.64 156900.0
51.5 156920.0
51.5 156940.0
52.64 156960.0
52.64 156980.0
52.64 157000.0
51.5 157020.0
52.64 157040.0
51.5 157060.0
52.64 157080.0
51.5 157100.0
51.5 157120.0
51.5 157140.0
52.64 157160.0
52.64 157180.0
52.64 157200.0
51.5 157220.0
51.5 157240.0
51.5 157260.0
51.5 157280.0
51.5 157300.0
52.64 157320.0
51.5 157340.0
51.5 157360.0
51.5 157380.0
52.64 157400.0
51.5 157420.0
51.5 157440.0
51.5 157460.0
51.5 157480.0
51.5 157500.0
51.5 157520.0
51.5 157540.0
52.64 157560.0
52.64 157580.0
52.64 157600.0
52.64 157620.0
52.64 157640.0
51.5 157660.0
52.64 157680.0
51.5 157700.0
52.64 157720.0
52.64 157740.0
51.5 157760.0
52.64 157780.0
51.5 157800.0
52.64 157820.0
51.5 157840.0
52.64 157860.0
52.64 157880.0
51.5 157900.0
52.64 157920.0
52.64 157940.0
52.64 157960.0
52.64 157980.0
52.64 158000.0
52.64 158020.0
51.5 158040.0
52.64 158060.0
52.64 158080.0
51.5 158100.0
51.5 158120.0
51.5 158140.0
52.64 158160.0
51.5 158180.0
51.5 158200.0
52.64 158220.0
51.5 158240.0
52.64 158260.0
51.5 158280.0
52.64 158300.0
52.64 158320.0
52.64 158340.0
51.5 158360.0
51.5 158380.0
52.64 158400.0
51.5 158420.0
51.5 158440.0
51.5 158460.0
51.5 158480.0
52.64 158500.0
52.64 158520.0
51.5 158540.0
52.64 158560.0
52.64 158580.0
51.5 158600.0
52.64 158620.0
52.64 158640.0
51.5 158660.0
51.5 158680.0
52.64 158700.0
52.64 158720.0
51.5 158740.0
51.5 158760.0
52.64 158780.0
51.5 158800.0
52.64 158820.0
51.5 158840.0
51.5 158860.0
51.5 158880.0
51.5 158900.0
52.64 158920.0
51.5 158940.0
51.5 158960.0
52.64 158980.0
52.64 159000.0
51.5 159020.0
52.64 159040.0
51.5 159060.0
51.5 159080.0
52.64 159100.0
52.64 159120.0
52.64 159140.0
52.64 159160.0
52.64 159180.0
52.64 159200.0
51.5 159220.0
51.5 159240.0
51.5 159260.0
51.5 159280.0
51.5 159300.0
52.64 159320.0
51.5 159340.0
51.5 159360.0
52.64 159380.0
51.5 159400.0
51.5 159420.0
52.64 159440.0
51.5 159460.0
52.64 159480.0
52.64 159500.0
52.64 159520.0
51.5 159540.0
52.64 159560.0
52.64 159580.0
52.64 159600.0
51.5 159620.0
51.5 159640.0
51.5 159660.0
51.5 159680.0
52.64 159700.0
51.5 159720.0
51.5 159740.0
51.5 159760.0
51.5 159780.0
51.5 159800.0
51.5 159820.0
51.5 159840.0
52.64 159860.0
52.64 159880.0
51.5 159900.0
51.5 159920.0
52.64 159940.0
51.5 159960.0
51.5 159980.0
51.5 160000.0
51.5 160020.0
52.64 160040.0
52.64 160060.0
52.64 160080.0
51.5 160100.0
52.64 160120.0
52.64 160140.0
51.5 160160.0
51.5 160180.0
52.64 160200.0
52.64 160220.0
52.64 160240.0
51.5 160260.0
51.5 160280.0
51.5 160300.0
51.5 160320.0
52.64 160340.0
51.5 160360.0
51.5 160380.0
51.5 160400.0
52.64 160420.0
51.5 160440.0
51.5 160460.0
51.5 160480.0
51.5 160500.0
52.64 160520.0
52.64 160540.0
51.5 160560.0
51.5 160580.0
52.64 160600.0
51.5 160620.0
51.5 160640.0
52.64 160660.0
51.5 160680.0
51.5 160700.0
51.5 160720.0
52.64 160740.0
51.5 160760.0
51.5 160780.0
51.5 160800.0
51.5 160820.0
52.64 160840.0
51.5 160860.0
51.5 160880.0
51.5 160900.0
51.5 160920.0
52.64 160940.0
52.64 160960.0
52.64 160980.0
51.5 161000.0
51.5 161020.0
51.5 161040.0
51.5 161060.0
51.5 161080.0
51.5 161100.0
51.5 161120.0
51.5 161140.0
51.5 161160.0
51.5 161180.0
51.5 161200.0
51.5 161220.0
52.64 161240.0
51.5 161260.0
52.64 161280.0
52.64 161300.0
51.5 161320.0
51.5 161340.0
51.5 161360.0
51.5 161380.0
52.64 161400.0
51.5 161420.0
51.5 161440.0
52.64 161460.0
51.5 161480.0
51.5 161500.0
51.5 161520.0
51.5 161540.0
51.5 161560.0
52.64 161580.0
51.5 161600.0
51.5 161620.0
52.64 161640.0
52.64 161660.0
52.64 161680.0
51.5 161700.0
51.5 161720.0
51.5 161740.0
51.5 161760.0
52.64 161780.0
52.64 161800.0
51.5 161820.0
52.64 161840.0
52.64 161860.0
51.5 161880.0
51.5 161900.0
51.5 161920.0
51.5 161940.0
51.5 161960.0
51.5 161980.0
51.5 162000.0
51.5 162020.0
52.64 162040.0
51.5 162060.0
51.5 162080.0
51.5 162100.0
51.5 162120.0
51.5 162140.0
51.5 162160.0
52.64 162180.0
52.64 162200.0
51.5 162220.0
51.5 162240.0
52.64 162260.0
51.5 162280.0
51.5 162300.0
52.64 162320.0
51.5 162340.0
51.5 162360.0
51.5 162380.0
51.5 162400.0
51.5 162420.0
51.5 162440.0
51.5 162460.0
52.64 162480.0
52.64 162500.0
51.5 162520.0
51.5 162540.0
52.64 162560.0
51.5 162580.0
51.5 162600.0
51.5 162620.0
51.5 162640.0
52.64 162660.0
52.64 162680.0
51.5 162700.0
52.64 162720.0
51.5 162740.0
52.64 162760.0
52.64 162780.0
51.5 162800.0
52.64 162820.0
51.5 162840.0
52.64 162860.0
52.64 162880.0
51.5 162900.0
52.64 162920.0
52.64 162940.0
52.64 162960.0
52.64 162980.0
51.5 163000.0
51.5 163020.0
51.5 163040.0
52.64 163060.0
52.64 163080.0
52.64 163100.0
51.5 163120.0
52.64 163140.0
51.5 163160.0
51.5 163180.0
52.64 163200.0
51.5 163220.0
52.64 163240.0
51.5 163260.0
51.5 163280.0
51.5 163300.0
52.64 163320.0
51.5 163340.0
51.5 163360.0
51.5 163380.0
52.64 163400.0
51.5 163420.0
51.5 163440.0
52.64 163460.0
52.64 163480.0
52.64 163500.0
51.5 163520.0
51.5 163540.0
52.64 163560.0
52.64 163580.0
52.64 163600.0
52.64 163620.0
52.64 163640.0
51.5 163660.0
52.64 163680.0
52.64 163700.0
51.5 163720.0
51.5 163740.0
52.64 163760.0
52.64 163780.0
51.5 163800.0
51.5 163820.0
52.64 163840.0
52.64 163860.0
52.64 163880.0
51.5 163900.0
52.64 163920.0
51.5 163940.0
51.5 163960.0
52.64 163980.0
52.64 164000.0
51.5 164020.0
52.64 164040.0
51.5 164060.0
51.5 164080.0
51.5 164100.0
51.5 164120.0
52.64 164140.0
52.64 164160.0
51.5 164180.0
52.64 164200.0
51.5 164220.0
51.5 164240.0
51.5 164260.0
52.64 164280.0
52.64 164300.0
51.5 164320.0
51.5 164340.0
52.64 164360.0
52.64 164380.0
52.64 164400.0
52.64 164420.0
52.64 164440.0
51.5 164460.0
52.64 164480.0
52.64 164500.0
52.64 164520.0
51.5 164540.0
52.64 164560.0
52.64 164580.0
51.5 164600.0
51.5 164620.0
52.64 164640.0
52.64 164660.0
51.5 164680.0
51.5 164700.0
51.5 164720.0
52.64 164740.0
51.5 164760.0
52.64 164780.0
51.5 164800.0
52.64 164820.0
52.64 164840.0
52.64 164860.0
52.64 164880.0
52.64 164900.0
51.5 164920.0
52.64 164940.0
51.5 164960.0
51.5 164980.0
52.64 165000.0
52.64 165020.0
52.64 165040.0
52.64 165060.0
51.5 165080.0
51.5 165100.0
52.64 165120.0
52.64 165140.0
52.64 165160.0
51.5 165180.0
51.5 165200.0
52.64 165220.0
51.5 165240.0
52.64 165260.0
52.64 165280.0
51.5 165300.0
52.64 165320.0
51.5 165340.0
51.5 165360.0
51.5 165380.0
51.5 165400.0
52.64 165420.0
52.64 165440.0
51.5 165460.0
52.64 165480.0
52.64 165500.0
51.5 165520.0
51.5 165540.0
51.5 165560.0
52.64 165580.0
51.5 165600.0
51.5 165620.0
52.64 165640.0
52.64 165660.0
51.5 165680.0
52.64 165700.0
52.64 165720.0
52.64 165740.0
51.5 165760.0
51.5 165780.0
51.5 165800.0
51.5 165820.0
51.5 165840.0
52.64 165860.0
52.64 165880.0
51.5 165900.0
51.5 165920.0
52.64 165940.0
52.64 165960.0
51.5 165980.0
52.64 166000.0
52.64 166020.0
52.64 166040.0
51.5 166060.0
51.5 166080.0
52.64 166100.0
51.5 166120.0
51.5 166140.0
52.64 166160.0
52.64 166180.0
52.64 166200.0
52.64 166220.0
51.5 166240.0
51.5 166260.0
51.5 166280.0
52.64 166300.0
51.5 166320.0
52.64 166340.0
51.5 166360.0
51.5 166380.0
52.64 166400.0
52.64 166420.0
52.64 166440.0
52.64 166460.0
51.5 166480.0
52.64 166500.0
51.5 166520.0
52.64 166540.0
51.5 166560.0
52.64 166580.0
51.5 166600.0
52.64 166620.0
51.5 166640.0
51.5 166660.0
52.64 166680.0
51.5 166700.0
51.5 166720.0
52.64 166740.0
52.64 166760.0
52.64 166780.0
51.5 166800.0
51.5 166820.0
51.5 166840.0
52.64 166860.0
51.5 166880.0
52.64 166900.0
52.64 166920.0
51.5 166940.0
52.64 166960.0
52.64 166980.0
52.64 167000.0
52.64 167020.0
51.5 167040.0
52.64 167060.0
51.5 167080.0
52.64 167100.0
52.64 167120.0
51.5 167140.0
51.5 167160.0
52.64 167180.0
52.64 167200.0
51.5 167220.0
51.5 167240.0
52.64 167260.0
51.5 167280.0
52.64 167300.0
51.5 167320.0
51.5 167340.0
51.5 167360.0
51.5 167380.0
52.64 167400.0
52.64 167420.0
51.5 167440.0
52.64 167460.0
51.5 167480.0
51.5 167500.0
51.5 167520.0
51.5 167540.0
51.5 167560.0
51.5 167580.0
51.5 167600.0
52.64 167620.0
51.5 167640.0
51.5 167660.0
52.64 167680.0
51.5 167700.0
52.64 167720.0
52.64 167740.0
52.64 167760.0
52.64 167780.0
52.64 167800.0
51.5 167820.0
51.5 167840.0
52.64 167860.0
52.64 167880.0
52.64 167900.0
52.64 167920.0
52.64 167940.0
51.5 167960.0
52.64 167980.0
51.5 168000.0
51.5 168020.0
51.5 168040.0
52.64 168060.0
52.64 168080.0
52.64 168100.0
51.5 168120.0
51.5 168140.0
51.5 168160.0
52.64 168180.0
52.64 168200.0
51.5 168220.0
52.64 168240.0
52.64 168260.0
52.64 168280.0
52.64 168300.0
51.5 168320.0
52.64 168340.0
52.64 168360.0
52.64 168380.0
51.5 168400.0
52.64 168420.0
52.64 168440.0
52.64 168460.0
52.64 168480.0
52.64 168500.0
51.5 168520.0
51.5 168540.0
52.64 168560.0
51.5 168580.0
51.5 168600.0
52.64 168620.0
52.64 168640.0
51.5 168660.0
52.64 168680.0
52.64 168700.0
52.64 168720.0
52.64 168740.0
51.5 168760.0
52.64 168780.0
52.64 168800.0
51.5 168820.0
52.64 168840.0
51.5 168860.0
52.64 168880.0
52.64 168900.0
52.64 168920.0
52.64 168940.0
52.64 168960.0
51.5 168980.0
52.64 169000.0
52.64 169020.0
51.5 169040.0
52.64 169060.0
52.64 169080.0
52.64 169100.0
52.64 169120.0
52.64 169140.0
52.64 169160.0
51.5 169180.0
52.64 169200.0
52.64 169220.0
52.64 169240.0
52.64 169260.0
52.64 169280.0
52.64 169300.0
52.64 169320.0
52.64 169340.0
51.5 169360.0
52.64 169380.0
52.64 169400.0
52.64 169420.0
52.64 169440.0
52.64 169460.0
52.64 169480.0
52.64 169500.0
51.5 169520.0
51.5 169540.0
51.5 169560.0
52.64 169580.0
52.64 169600.0
51.5 169620.0
52.64 169640.0
51.5 169660.0
52.64 169680.0
51.5 169700.0
52.64 169720.0
52.64 169740.0
52.64 169760.0
52.64 169780.0
51.5 169800.0
52.64 169820.0
51.5 169840.0
52.64 169860.0
52.64 169880.0
52.64 169900.0
52.64 169920.0
52.64 169940.0
52.64 169960.0
52.64 169980.0
52.64 170000.0
52.64 170020.0
51.5 170040.0
51.5 170060.0
52.64 170080.0
51.5 170100.0
52.64 170120.0
51.5 170140.0
51.5 170160.0
52.64 170180.0
52.64 170200.0
52.64 170220.0
52.64 170240.0
51.5 170260.0
51.5 170280.0
52.64 170300.0
51.5 170320.0
52.64 170340.0
52.64 170360.0
52.64 170380.0
52.64 170400.0
51.5 170420.0
52.64 170440.0
52.64 170460.0
52.64 170480.0
51.5 170500.0
51.5 170520.0
51.5 170540.0
51.5 170560.0
51.5 170580.0
52.64 170600.0
52.64 170620.0
52.64 170640.0
52.64 170660.0
52.64 170680.0
52.64 170700.0
51.5 170720.0
52.64 170740.0
51.5 170760.0
51.5 170780.0
52.64 170800.0
52.64 170820.0
52.64 170840.0
52.64 170860.0
52.64 170880.0
52.64 170900.0
51.5 170920.0
52.64 170940.0
51.5 170960.0
51.5 170980.0
51.5 171000.0
52.64 171020.0
51.5 171040.0
52.64 171060.0
52.64 171080.0
51.5 171100.0
52.64 171120.0
52.64 171140.0
52.64 171160.0
52.64 171180.0
52.64 171200.0
52.64 171220.0
52.64 171240.0
52.64 171260.0
51.5 171280.0
51.5 171300.0
52.64 171320.0
51.5 171340.0
51.5 171360.0
52.64 171380.0
52.64 171400.0
52.64 171420.0
51.5 171440.0
52.64 171460.0
52.64 171480.0
51.5 171500.0
52.64 171520.0
52.64 171540.0
51.5 171560.0
52.64 171580.0
52.64 171600.0
52.64 171620.0
52.64 171640.0
52.64 171660.0
51.5 171680.0
51.5 171700.0
51.5 171720.0
52.64 171740.0
52.64 171760.0
51.5 171780.0
51.5 171800.0
51.5 171820.0
52.64 171840.0
51.5 171860.0
52.64 171880.0
52.64 171900.0
51.5 171920.0
52.64 171940.0
52.64 171960.0
52.64 171980.0
52.64 172000.0
51.5 172020.0
51.5 172040.0
51.5 172060.0
51.5 172080.0
52.64 172100.0
52.64 172120.0
52.64 172140.0
52.64 172160.0
52.64 172180.0
52.64 172200.0
52.64 172220.0
52.64 172240.0
52.64 172260.0
51.5 172280.0
51.5 172300.0
51.5 172320.0
52.64 172340.0
51.5 172360.0
52.64 172380.0
52.64 172400.0
51.5 172420.0
51.5 172440.0
52.64 172460.0
51.5 172480.0
52.64 172500.0
51.5 172520.0
51.5 172540.0
52.64 172560.0
51.5 172580.0
52.64 172600.0
51.5 172620.0
52.64 172640.0
52.64 172660.0
51.5 172680.0
52.64 172700.0
51.5 172720.0
51.5 172740.0
52.64 172760.0
52.64 172780.0
51.5 172800.0
52.64 172820.0
52.64 172840.0
52.64 172860.0
51.5 172880.0
52.64 172900.0
51.5 172920.0
52.64 172940.0
51.5 172960.0
51.5 172980.0
51.5 173000.0
52.64 173020.0
52.64 173040.0
52.64 173060.0
52.64 173080.0
52.64 173100.0
51.5 173120.0
51.5 173140.0
52.64 173160.0
52.64 173180.0
52.64 173200.0
51.5 173220.0
52.64 173240.0
52.64 173260.0
52.64 173280.0
51.5 173300.0
52.64 173320.0
52.64 173340.0
51.5 173360.0
52.64 173380.0
51.5 173400.0
51.5 173420.0
51.5 173440.0
52.64 173460.0
51.5 173480.0
52.64 173500.0
52.64 173520.0
51.5 173540.0
52.64 173560.0
52.64 173580.0
51.5 173600.0
52.64 173620.0
51.5 173640.0
52.64 173660.0
52.64 173680.0
51.5 173700.0
51.5 173720.0
52.64 173740.0
51.5 173760.0
51.5 173780.0
51.5 173800.0
52.64 173820.0
52.64 173840.0
51.5 173860.0
52.64 173880.0
52.64 173900.0
51.5 173920.0
52.64 173940.0
51.5 173960.0
52.64 173980.0
51.5 174000.0
52.64 174020.0
51.5 174040.0
52.64 174060.0
52.64 174080.0
52.64 174100.0
51.5 174120.0
52.64 174140.0
52.64 174160.0
51.5 174180.0
52.64 174200.0
52.64 174220.0
52.64 174240.0
52.64 174260.0
51.5 174280.0
52.64 174300.0
52.64 174320.0
52.64 174340.0
52.64 174360.0
51.5 174380.0
52.64 174400.0
52.64 174420.0
52.64 174440.0
52.64 174460.0
52.64 174480.0
52.64 174500.0
51.5 174520.0
52.64 174540.0
52.64 174560.0
52.64 174580.0
52.64 174600.0
52.64 174620.0
52.64 174640.0
51.5 174660.0
52.64 174680.0
52.64 174700.0
51.5 174720.0
51.5 174740.0
52.64 174760.0
51.5 174780.0
52.64 174800.0
