24.14 16.94
25.28 16.86
25.28 16.81
25.28 16.83
25.28 16.85
25.28 16.82
26.42 16.82
26.42 16.76
27.56 16.82
26.42 16.66
27.56 16.72
26.42 16.7
27.56 16.71
27.56 16.66
27.56 16.66
26.42 16.65
27.56 16.64
27.56 16.58
27.56 16.62
27.56 16.57
27.56 16.7
27.56 16.59
27.56 16.53
27.56 16.57
28.7 16.5
27.56 16.54
28.7 16.52
28.7 16.55
28.7 16.55
27.56 16.46
28.7 16.54
28.7 16.54
27.56 16.47
28.7 16.46
28.7 16.46
28.7 16.41
28.7 16.37
28.7 16.5
27.56 16.41
28.7 16.41
28.7 16.42
28.7 16.4
29.84 16.43
28.7 16.44
28.7 16.46
29.84 16.37
28.7 16.4
28.7 16.4
28.7 16.32
29.84 16.32
29.84 16.36
28.7 16.29
28.7 16.33
28.7 16.4
29.84 16.31
28.7 16.33
29.84 16.31
29.84 16.27
29.84 16.28
29.84 16.28
29.84 16.35
29.84 16.24
29.84 16.31
29.84 16.21
29.84 16.29
29.84 16.21
29.84 16.3
29.84 16.17
29.84 16.22
29.84 16.24
30.98 16.23
29.84 16.16
29.84 16.17
29.84 16.24
29.84 16.23
30.98 16.22
30.98 16.17
29.84 16.21
29.84 16.22
30.98 16.21
29.84 16.21
30.98 16.21
29.84 16.2
29.84 16.15
29.84 16.12
30.98 16.14
29.84 16.18
30.98 16.12
29.84 16.01
30.98 16.11
30.98 16.08
30.98 16.1
30.98 16.13
30.98 16.11
30.98 16.13
29.84 16.08
30.98 16.07
30.98 16.04
30.98 16.06
30.98 16.1
30.98 16.07
29.84 15.99
30.98 16.05
30.98 16.13
30.98 16.04
32.12 16.0
29.84 16.03
32.12 16.1
32.12 16.0
30.98 15.99
32.12 16.09
30.98 16.0
30.98 15.97
30.98 15.94
30.98 15.97
32.12 16.02
30.98 15.96
30.98 16.01
32.12 15.96
30.98 15.98
30.98 15.96
30.98 15.98
32.12 15.91
32.12 16.04
30.98 15.95
30.98 15.91
32.12 15.94
30.98 15.96
30.98 15.94
30.98 15.83
30.98 15.91
30.98 15.91
30.98 15.93
32.12 15.95
32.12 15.86
30.98 15.88
32.12 15.98
32.12 15.82
32.12 15.86
32.12 15.95
32.12 15.86
32.12 15.82
32.12 15.89
32.12 15.86
32.12 15.9
32.12 15.86
32.12 15.83
30.98 15.81
32.12 15.82
32.12 15.88
32.12 15.82
32.12 15.83
32.12 15.82
32.12 15.84
32.12 15.89
32.12 15.87
32.12 15.76
32.12 15.78
32.12 15.84
32.12 15.84
32.12 15.82
32.12 15.84
32.12 15.78
32.12 15.84
32.12 15.85
32.12 15.78
33.26 15.79
33.26 15.76
33.26 15.8
33.26 15.81
32.12 15.74
32.12 15.7
32.12 15.74
32.12 15.72
33.26 15.78
33.26 15.71
32.12 15.72
32.12 15.7
33.26 15.74
32.12 15.74
32.12 15.75
32.12 15.74
32.12 15.69
32.12 15.8
33.26 15.74
33.26 15.73
33.26 15.74
33.26 15.62
32.12 15.69
33.26 15.69
33.26 15.68
33.26 15.67
33.26 15.69
32.12 15.69
33.26 15.67
33.26 15.75
33.26 15.68
33.26 15.72
33.26 15.7
33.26 15.69
32.12 15.7
33.26 15.66
33.26 15.61
33.26 15.67
33.26 15.64
33.26 15.7
33.26 15.6
33.26 15.61
33.26 15.69
33.26 15.6
33.26 15.62
33.26 15.64
32.12 15.62
33.26 15.63
34.4 15.56
33.26 15.52
33.26 15.6
34.4 15.62
33.26 15.54
33.26 15.57
33.26 15.55
33.26 15.57
33.26 15.59
33.26 15.56
33.26 15.66
34.4 15.62
33.26 15.55
33.26 15.57
33.26 15.56
33.26 15.61
32.12 15.57
33.26 15.51
33.26 15.59
33.26 15.53
33.26 15.59
33.26 15.61
34.4 15.57
34.4 15.63
33.26 15.52
33.26 15.53
34.4 15.56
33.26 15.52
33.26 15.54
33.26 15.43
34.4 15.59
33.26 15.54
33.26 15.59
34.4 15.52
33.26 15.48
34.4 15.53
34.4 15.53
34.4 15.53
34.4 15.47
34.4 15.42
33.26 15.49
33.26 15.47
34.4 15.4
34.4 15.47
34.4 15.48
34.4 15.55
34.4 15.44
34.4 15.45
34.4 15.49
34.4 15.4
34.4 15.4
34.4 15.49
33.26 15.43
34.4 15.43
34.4 15.44
34.4 15.55
34.4 15.44
34.4 15.46
34.4 15.42
34.4 15.38
34.4 15.46
34.4 15.45
34.4 15.33
34.4 15.4
34.4 15.32
34.4 15.39
33.26 15.43
34.4 15.42
34.4 15.39
35.54 15.49
33.26 15.45
34.4 15.42
34.4 15.34
34.4 15.38
34.4 15.43
34.4 15.42
34.4 15.39
34.4 15.41
35.54 15.32
34.4 15.32
34.4 15.4
34.4 15.33
34.4 15.32
34.4 15.3
34.4 15.38
34.4 15.32
34.4 15.31
34.4 15.38
34.4 15.36
34.4 15.35
35.54 15.29
34.4 15.35
34.4 15.29
35.54 15.28
35.54 15.31
34.4 15.3
34.4 15.33
35.54 15.37
35.54 15.36
34.4 15.3
35.54 15.3
34.4 15.31
35.54 15.33
35.54 15.28
34.4 15.31
34.4 15.29
34.4 15.29
35.54 15.28
35.54 15.28
34.4 15.29
35.54 15.35
35.54 15.25
34.4 15.24
35.54 15.24
34.4 15.28
35.54 15.3
34.4 15.28
35.54 15.43
35.54 15.27
35.54 15.28
35.54 15.22
35.54 15.22
35.54 15.26
34.4 15.26
34.4 15.25
35.54 15.25
35.54 15.26
35.54 15.22
35.54 15.2
35.54 15.18
34.4 15.18
35.54 15.22
34.4 15.25
35.54 15.23
35.54 15.22
35.54 15.17
35.54 15.22
34.4 15.25
35.54 15.23
34.4 15.23
34.4 15.2
35.54 15.26
34.4 15.3
35.54 15.2
35.54 15.2
34.4 15.2
36.68 15.17
35.54 15.18
36.68 15.21
35.54 15.12
35.54 15.13
34.4 15.12
35.54 15.11
35.54 15.17
35.54 15.11
35.54 15.16
35.54 15.2
35.54 15.24
35.54 15.07
35.54 15.17
35.54 15.11
35.54 15.12
35.54 15.1
35.54 15.19
36.68 15.11
35.54 15.11
35.54 15.15
34.4 15.14
35.54 15.15
36.68 15.15
36.68 15.15
35.54 15.18
35.54 15.05
35.54 15.18
36.68 15.15
35.54 15.16
36.68 15.16
35.54 15.1
35.54 15.12
35.54 15.16
35.54 15.03
36.68 15.1
35.54 15.06
35.54 15.11
36.68 15.14
36.68 15.12
35.54 15.11
35.54 15.04
35.54 15.14
36.68 15.08
36.68 15.15
36.68 15.03
35.54 15.12
36.68 15.09
36.68 15.06
35.54 15.07
36.68 15.06
36.68 14.99
35.54 15.03
35.54 15.13
35.54 15.1
36.68 15.06
36.68 15.17
35.54 15.09
36.68 15.08
36.68 15.09
36.68 14.98
35.54 15.02
36.68 15.02
36.68 15.08
36.68 14.98
36.68 15.03
36.68 15.04
36.68 15.02
36.68 14.94
37.82 15.01
36.68 14.96
36.68 15.04
36.68 14.93
35.54 14.95
36.68 14.98
36.68 14.94
36.68 15.03
36.68 14.99
36.68 15.01
36.68 15.04
36.68 14.99
36.68 14.95
36.68 15.02
35.54 14.96
36.68 14.93
36.68 14.96
36.68 15.0
36.68 15.0
36.68 14.95
36.68 15.0
36.68 15.07
36.68 14.93
36.68 14.98
36.68 15.01
36.68 14.94
36.68 14.98
36.68 14.84
36.68 14.95
37.82 14.96
36.68 15.0
36.68 14.98
36.68 15.01
36.68 14.95
36.68 15.01
36.68 14.87
36.68 14.98
36.68 14.95
36.68 14.92
36.68 14.88
36.68 14.95
36.68 14.94
36.68 14.92
36.68 14.96
36.68 14.94
36.68 14.9
36.68 14.94
36.68 14.93
36.68 14.91
36.68 14.87
36.68 14.88
36.68 14.93
37.82 14.94
37.82 14.94
36.68 14.87
36.68 14.89
36.68 14.9
37.82 14.86
37.82 14.88
36.68 14.83
36.68 14.87
36.68 14.92
36.68 14.87
37.82 14.91
37.82 14.93
36.68 14.87
37.82 14.87
36.68 14.84
37.82 14.86
36.68 14.87
36.68 14.9
36.68 14.8
36.68 14.9
36.68 14.87
36.68 14.88
36.68 14.87
37.82 14.82
36.68 14.79
37.82 14.85
37.82 14.91
36.68 14.91
36.68 14.93
36.68 14.8
36.68 14.92
37.82 14.82
37.82 14.92
37.82 14.76
37.82 14.86
37.82 14.82
37.82 14.85
37.82 14.8
36.68 14.87
37.82 14.89
36.68 14.86
37.82 14.84
36.68 14.79
37.82 14.78
37.82 14.84
36.68 14.81
37.82 14.82
37.82 14.8
36.68 14.81
37.82 14.84
37.82 14.81
37.82 14.86
37.82 14.88
37.82 14.81
37.82 14.86
37.82 14.87
37.82 14.77
36.68 14.76
37.82 14.81
36.68 14.77
37.82 14.77
37.82 14.74
37.82 14.73
37.82 14.81
37.82 14.78
37.82 14.75
37.82 14.73
36.68 14.77
37.82 14.72
37.82 14.81
37.82 14.79
37.82 14.77
37.82 14.77
37.82 14.83
37.82 14.7
37.82 14.84
37.82 14.76
38.96 14.68
36.68 14.77
37.82 14.79
37.82 14.76
36.68 14.71
37.82 14.69
37.82 14.7
38.96 14.76
37.82 14.74
37.82 14.7
37.82 14.75
37.82 14.8
37.82 14.74
37.82 14.7
37.82 14.7
37.82 14.71
37.82 14.7
37.82 14.69
37.82 14.71
37.82 14.8
37.82 14.78
37.82 14.66
37.82 14.72
37.82 14.74
38.96 14.77
38.96 14.71
38.96 14.73
37.82 14.76
37.82 14.67
36.68 14.63
37.82 14.67
37.82 14.74
37.82 14.74
37.82 14.69
37.82 14.7
37.82 14.72
37.82 14.72
37.82 14.69
37.82 14.68
37.82 14.67
38.96 14.67
37.82 14.7
37.82 14.7
38.96 14.71
38.96 14.77
37.82 14.68
37.82 14.64
37.82 14.6
37.82 14.69
37.82 14.71
37.82 14.56
37.82 14.71
37.82 14.6
37.82 14.66
37.82 14.67
38.96 14.67
38.96 14.56
38.96 14.66
37.82 14.59
38.96 14.63
38.96 14.6
37.82 14.7
38.96 14.63
38.96 14.65
37.82 14.75
38.96 14.67
38.96 14.69
38.96 14.63
38.96 14.6
38.96 14.6
38.96 14.64
37.82 14.54
37.82 14.63
37.82 14.64
38.96 14.59
38.96 14.56
37.82 14.57
38.96 14.62
38.96 14.65
37.82 14.57
37.82 14.61
37.82 14.66
38.96 14.57
38.96 14.64
38.96 14.61
37.82 14.66
37.82 14.6
38.96 14.52
38.96 14.58
38.96 14.58
37.82 14.65
38.96 14.57
38.96 14.62
37.82 14.53
38.96 14.55
37.82 14.52
37.82 14.65
38.96 14.59
38.96 14.57
38.96 14.55
38.96 14.49
37.82 14.6
38.96 14.54
38.96 14.57
38.96 14.52
37.82 14.55
38.96 14.51
38.96 14.59
38.96 14.56
37.82 14.59
38.96 14.56
38.96 14.66
37.82 14.53
37.82 14.56
37.82 14.55
37.82 14.55
38.96 14.51
38.96 14.53
38.96 14.55
37.82 14.53
38.96 14.48
38.96 14.56
38.96 14.54
38.96 14.63
38.96 14.6
38.96 14.52
38.96 14.5
38.96 14.54
38.96 14.5
38.96 14.55
38.96 14.52
38.96 14.53
37.82 14.55
38.96 14.57
38.96 14.56
37.82 14.51
38.96 14.68
38.96 14.51
38.96 14.54
38.96 14.53
38.96 14.58
38.96 14.49
38.96 14.49
