50.36 258020.0
50.36 258040.0
50.36 258060.0
50.36 258080.0
51.5 258100.0
50.36 258120.0
50.36 258140.0
50.36 258160.0
50.36 258180.0
50.36 258200.0
50.36 258220.0
50.36 258240.0
50.36 258260.0
50.36 258280.0
50.36 258300.0
50.36 258320.0
50.36 258340.0
50.36 258360.0
50.36 258380.0
50.36 258400.0
49.22 258420.0
50.36 258440.0
50.36 258460.0
50.36 258480.0
50.36 258500.0
50.36 258520.0
50.36 258540.0
50.36 258560.0
49.22 258580.0
50.36 258600.0
50.36 258620.0
50.36 258640.0
50.36 258660.0
50.36 258680.0
50.36 258700.0
50.36 258720.0
50.36 258740.0
50.36 258760.0
50.36 258780.0
50.36 258800.0
50.36 258820.0
50.36 258840.0
50.36 258860.0
50.36 258880.0
50.36 258900.0
50.36 258920.0
50.36 258940.0
50.36 258960.0
50.36 258980.0
50.36 259000.0
50.36 259020.0
50.36 259040.0
50.36 259060.0
50.36 259080.0
50.36 259100.0
50.36 259120.0
50.36 259140.0
50.36 259160.0
50.36 259180.0
50.36 259200.0
50.36 259220.0
50.36 259240.0
50.36 259260.0
50.36 259280.0
50.36 259300.0
50.36 259320.0
49.22 259340.0
50.36 259360.0
50.36 259380.0
50.36 259400.0
50.36 259420.0
50.36 259440.0
50.36 259460.0
50.36 259480.0
50.36 259500.0
50.36 259520.0
50.36 259540.0
50.36 259560.0
50.36 259580.0
50.36 259600.0
50.36 259620.0
50.36 259640.0
50.36 259660.0
50.36 259680.0
50.36 259700.0
51.5 259720.0
50.36 259740.0
50.36 259760.0
50.36 259780.0
50.36 259800.0
50.36 259820.0
50.36 259840.0
50.36 259860.0
49.22 259880.0
49.22 259900.0
49.22 259920.0
50.36 259940.0
50.36 259960.0
50.36 259980.0
50.36 260000.0
50.36 260020.0
50.36 260040.0
50.36 260060.0
50.36 260080.0
50.36 260100.0
50.36 260120.0
50.36 260140.0
51.5 260160.0
50.36 260180.0
50.36 260200.0
50.36 260220.0
50.36 260240.0
50.36 260260.0
50.36 260280.0
50.36 260300.0
50.36 260320.0
51.5 260340.0
50.36 260360.0
51.5 260380.0
50.36 260400.0
50.36 260420.0
50.36 260440.0
50.36 260460.0
50.36 260480.0
50.36 260500.0
50.36 260520.0
49.22 260540.0
50.36 260560.0
50.36 260580.0
50.36 260600.0
50.36 260620.0
50.36 260640.0
50.36 260660.0
50.36 260680.0
50.36 260700.0
50.36 260720.0
50.36 260740.0
50.36 260760.0
50.36 260780.0
50.36 260800.0
50.36 260820.0
50.36 260840.0
50.36 260860.0
50.36 260880.0
50.36 260900.0
50.36 260920.0
50.36 260940.0
50.36 260960.0
50.36 260980.0
50.36 261000.0
49.22 261020.0
50.36 261040.0
50.36 261060.0
50.36 261080.0
50.36 261100.0
50.36 261120.0
50.36 261140.0
50.36 261160.0
50.36 261180.0
50.36 261200.0
50.36 261220.0
50.36 261240.0
50.36 261260.0
50.36 261280.0
50.36 261300.0
49.22 261320.0
50.36 261340.0
50.36 261360.0
50.36 261380.0
50.36 261400.0
50.36 261420.0
50.36 261440.0
50.36 261460.0
50.36 261480.0
50.36 261500.0
50.36 261520.0
50.36 261540.0
50.36 261560.0
50.36 261580.0
50.36 261600.0
50.36 261620.0
49.22 261640.0
50.36 261660.0
50.36 261680.0
50.36 261700.0
50.36 261720.0
50.36 261740.0
50.36 261760.0
50.36 261780.0
49.22 261800.0
50.36 261820.0
50.36 261840.0
50.36 261860.0
50.36 261880.0
50.36 261900.0
50.36 261920.0
50.36 261940.0
50.36 261960.0
50.36 261980.0
50.36 262000.0
50.36 262020.0
50.36 262040.0
50.36 262060.0
50.36 262080.0
50.36 262100.0
50.36 262120.0
50.36 262140.0
50.36 262160.0
50.36 262180.0
50.36 262200.0
50.36 262220.0
50.36 262240.0
50.36 262260.0
50.36 262280.0
50.36 262300.0
50.36 262320.0
50.36 262340.0
50.36 262360.0
50.36 262380.0
50.36 262400.0
50.36 262420.0
50.36 262440.0
50.36 262460.0
50.36 262480.0
50.36 262500.0
50.36 262520.0
50.36 262540.0
50.36 262560.0
50.36 262580.0
50.36 262600.0
50.36 262620.0
50.36 262640.0
50.36 262660.0
50.36 262680.0
50.36 262700.0
49.22 262720.0
50.36 262740.0
50.36 262760.0
50.36 262780.0
50.36 262800.0
50.36 262820.0
50.36 262840.0
50.36 262860.0
50.36 262880.0
49.22 262900.0
50.36 262920.0
50.36 262940.0
50.36 262960.0
50.36 262980.0
50.36 263000.0
50.36 263020.0
50.36 263040.0
50.36 263060.0
50.36 263080.0
50.36 263100.0
50.36 263120.0
50.36 263140.0
50.36 263160.0
50.36 263180.0
50.36 263200.0
50.36 263220.0
50.36 263240.0
50.36 263260.0
50.36 263280.0
50.36 263300.0
50.36 263320.0
50.36 263340.0
50.36 263360.0
50.36 263380.0
50.36 263400.0
51.5 263420.0
50.36 263440.0
50.36 263460.0
50.36 263480.0
50.36 263500.0
50.36 263520.0
50.36 263540.0
50.36 263560.0
50.36 263580.0
50.36 263600.0
50.36 263620.0
50.36 263640.0
50.36 263660.0
50.36 263680.0
50.36 263700.0
50.36 263720.0
50.36 263740.0
50.36 263760.0
50.36 263780.0
50.36 263800.0
50.36 263820.0
50.36 263840.0
50.36 263860.0
50.36 263880.0
50.36 263900.0
50.36 263920.0
50.36 263940.0
50.36 263960.0
50.36 263980.0
50.36 264000.0
50.36 264020.0
50.36 264040.0
50.36 264060.0
50.36 264080.0
50.36 264100.0
50.36 264120.0
50.36 264140.0
50.36 264160.0
50.36 264180.0
50.36 264200.0
50.36 264220.0
50.36 264240.0
50.36 264260.0
50.36 264280.0
50.36 264300.0
50.36 264320.0
50.36 264340.0
50.36 264360.0
50.36 264380.0
50.36 264400.0
50.36 264420.0
49.22 264440.0
50.36 264460.0
50.36 264480.0
50.36 264500.0
50.36 264520.0
50.36 264540.0
50.36 264560.0
50.36 264580.0
50.36 264600.0
50.36 264620.0
50.36 264640.0
50.36 264660.0
50.36 264680.0
50.36 264700.0
50.36 264720.0
50.36 264740.0
50.36 264760.0
50.36 264780.0
50.36 264800.0
50.36 264820.0
50.36 264840.0
50.36 264860.0
50.36 264880.0
50.36 264900.0
50.36 264920.0
50.36 264940.0
50.36 264960.0
50.36 264980.0
50.36 265000.0
50.36 265020.0
50.36 265040.0
51.5 265060.0
50.36 265080.0
50.36 265100.0
50.36 265120.0
50.36 265140.0
50.36 265160.0
50.36 265180.0
50.36 265200.0
50.36 265220.0
50.36 265240.0
50.36 265260.0
50.36 265280.0
50.36 265300.0
50.36 265320.0
50.36 265340.0
50.36 265360.0
50.36 265380.0
50.36 265400.0
50.36 265420.0
50.36 265440.0
50.36 265460.0
50.36 265480.0
50.36 265500.0
50.36 265520.0
50.36 265540.0
50.36 265560.0
50.36 265580.0
50.36 265600.0
50.36 265620.0
50.36 265640.0
50.36 265660.0
50.36 265680.0
50.36 265700.0
50.36 265720.0
50.36 265740.0
50.36 265760.0
50.36 265780.0
50.36 265800.0
50.36 265820.0
50.36 265840.0
50.36 265860.0
50.36 265880.0
50.36 265900.0
50.36 265920.0
50.36 265940.0
50.36 265960.0
50.36 265980.0
50.36 266000.0
50.36 266020.0
50.36 266040.0
50.36 266060.0
50.36 266080.0
50.36 266100.0
50.36 266120.0
50.36 266140.0
50.36 266160.0
50.36 266180.0
50.36 266200.0
50.36 266220.0
50.36 266240.0
50.36 266260.0
50.36 266280.0
50.36 266300.0
50.36 266320.0
50.36 266340.0
50.36 266360.0
50.36 266380.0
50.36 266400.0
50.36 266420.0
50.36 266440.0
50.36 266460.0
50.36 266480.0
50.36 266500.0
50.36 266520.0
50.36 266540.0
50.36 266560.0
50.36 266580.0
50.36 266600.0
50.36 266620.0
50.36 266640.0
50.36 266660.0
50.36 266680.0
50.36 266700.0
50.36 266720.0
50.36 266740.0
50.36 266760.0
50.36 266780.0
50.36 266800.0
49.22 266820.0
49.22 266840.0
50.36 266860.0
50.36 266880.0
50.36 266900.0
50.36 266920.0
50.36 266940.0
50.36 266960.0
50.36 266980.0
50.36 267000.0
50.36 267020.0
49.22 267040.0
50.36 267060.0
50.36 267080.0
50.36 267100.0
50.36 267120.0
50.36 267140.0
50.36 267160.0
50.36 267180.0
50.36 267200.0
50.36 267220.0
50.36 267240.0
50.36 267260.0
50.36 267280.0
50.36 267300.0
50.36 267320.0
50.36 267340.0
50.36 267360.0
50.36 267380.0
50.36 267400.0
50.36 267420.0
50.36 267440.0
50.36 267460.0
50.36 267480.0
50.36 267500.0
50.36 267520.0
50.36 267540.0
50.36 267560.0
50.36 267580.0
50.36 267600.0
50.36 267620.0
50.36 267640.0
50.36 267660.0
50.36 267680.0
50.36 267700.0
50.36 267720.0
50.36 267740.0
50.36 267760.0
50.36 267780.0
50.36 267800.0
50.36 267820.0
50.36 267840.0
50.36 267860.0
50.36 267880.0
50.36 267900.0
50.36 267920.0
50.36 267940.0
50.36 267960.0
50.36 267980.0
50.36 268000.0
50.36 268020.0
49.22 268040.0
50.36 268060.0
50.36 268080.0
50.36 268100.0
50.36 268120.0
50.36 268140.0
50.36 268160.0
50.36 268180.0
50.36 268200.0
50.36 268220.0
50.36 268240.0
50.36 268260.0
50.36 268280.0
49.22 268300.0
50.36 268320.0
50.36 268340.0
50.36 268360.0
50.36 268380.0
50.36 268400.0
50.36 268420.0
50.36 268440.0
50.36 268460.0
50.36 268480.0
50.36 268500.0
50.36 268520.0
50.36 268540.0
49.22 268560.0
50.36 268580.0
50.36 268600.0
50.36 268620.0
50.36 268640.0
50.36 268660.0
50.36 268680.0
50.36 268700.0
50.36 268720.0
50.36 268740.0
50.36 268760.0
50.36 268780.0
50.36 268800.0
50.36 268820.0
50.36 268840.0
50.36 268860.0
50.36 268880.0
50.36 268900.0
50.36 268920.0
50.36 268940.0
50.36 268960.0
50.36 268980.0
50.36 269000.0
50.36 269020.0
50.36 269040.0
50.36 269060.0
50.36 269080.0
50.36 269100.0
50.36 269120.0
50.36 269140.0
50.36 269160.0
50.36 269180.0
50.36 269200.0
50.36 269220.0
49.22 269240.0
50.36 269260.0
50.36 269280.0
50.36 269300.0
50.36 269320.0
50.36 269340.0
50.36 269360.0
50.36 269380.0
50.36 269400.0
50.36 269420.0
50.36 269440.0
50.36 269460.0
50.36 269480.0
50.36 269500.0
50.36 269520.0
50.36 269540.0
50.36 269560.0
50.36 269580.0
50.36 269600.0
50.36 269620.0
50.36 269640.0
50.36 269660.0
50.36 269680.0
50.36 269700.0
50.36 269720.0
50.36 269740.0
49.22 269760.0
49.22 269780.0
50.36 269800.0
50.36 269820.0
50.36 269840.0
50.36 269860.0
50.36 269880.0
50.36 269900.0
50.36 269920.0
50.36 269940.0
50.36 269960.0
50.36 269980.0
50.36 270000.0
50.36 270020.0
50.36 270040.0
50.36 270060.0
50.36 270080.0
50.36 270100.0
50.36 270120.0
50.36 270140.0
50.36 270160.0
50.36 270180.0
49.22 270200.0
50.36 270220.0
50.36 270240.0
50.36 270260.0
51.5 270280.0
50.36 270300.0
50.36 270320.0
50.36 270340.0
50.36 270360.0
50.36 270380.0
50.36 270400.0
50.36 270420.0
50.36 270440.0
50.36 270460.0
50.36 270480.0
50.36 270500.0
49.22 270520.0
50.36 270540.0
50.36 270560.0
50.36 270580.0
50.36 270600.0
50.36 270620.0
50.36 270640.0
50.36 270660.0
50.36 270680.0
50.36 270700.0
50.36 270720.0
50.36 270740.0
50.36 270760.0
50.36 270780.0
50.36 270800.0
50.36 270820.0
50.36 270840.0
50.36 270860.0
50.36 270880.0
50.36 270900.0
50.36 270920.0
50.36 270940.0
50.36 270960.0
50.36 270980.0
50.36 271000.0
50.36 271020.0
50.36 271040.0
50.36 271060.0
50.36 271080.0
50.36 271100.0
50.36 271120.0
50.36 271140.0
50.36 271160.0
50.36 271180.0
50.36 271200.0
50.36 271220.0
50.36 271240.0
50.36 271260.0
49.22 271280.0
50.36 271300.0
51.5 271320.0
50.36 271340.0
50.36 271360.0
50.36 271380.0
50.36 271400.0
50.36 271420.0
50.36 271440.0
50.36 271460.0
50.36 271480.0
50.36 271500.0
50.36 271520.0
50.36 271540.0
50.36 271560.0
50.36 271580.0
49.22 271600.0
50.36 271620.0
50.36 271640.0
50.36 271660.0
50.36 271680.0
50.36 271700.0
50.36 271720.0
50.36 271740.0
50.36 271760.0
50.36 271780.0
50.36 271800.0
50.36 271820.0
50.36 271840.0
50.36 271860.0
50.36 271880.0
50.36 271900.0
50.36 271920.0
50.36 271940.0
50.36 271960.0
50.36 271980.0
50.36 272000.0
50.36 272020.0
50.36 272040.0
50.36 272060.0
50.36 272080.0
50.36 272100.0
50.36 272120.0
50.36 272140.0
50.36 272160.0
50.36 272180.0
50.36 272200.0
50.36 272220.0
50.36 272240.0
50.36 272260.0
50.36 272280.0
50.36 272300.0
50.36 272320.0
50.36 272340.0
50.36 272360.0
50.36 272380.0
50.36 272400.0
50.36 272420.0
50.36 272440.0
50.36 272460.0
50.36 272480.0
50.36 272500.0
50.36 272520.0
50.36 272540.0
50.36 272560.0
50.36 272580.0
50.36 272600.0
50.36 272620.0
50.36 272640.0
50.36 272660.0
50.36 272680.0
50.36 272700.0
50.36 272720.0
50.36 272740.0
50.36 272760.0
50.36 272780.0
50.36 272800.0
50.36 272820.0
50.36 272840.0
50.36 272860.0
51.5 272880.0
50.36 272900.0
49.22 272920.0
49.22 272940.0
50.36 272960.0
50.36 272980.0
50.36 273000.0
50.36 273020.0
50.36 273040.0
50.36 273060.0
50.36 273080.0
50.36 273100.0
51.5 273120.0
50.36 273140.0
50.36 273160.0
50.36 273180.0
50.36 273200.0
50.36 273220.0
50.36 273240.0
51.5 273260.0
50.36 273280.0
50.36 273300.0
50.36 273320.0
50.36 273340.0
49.22 273360.0
50.36 273380.0
50.36 273400.0
50.36 273420.0
50.36 273440.0
50.36 273460.0
50.36 273480.0
50.36 273500.0
50.36 273520.0
51.5 273540.0
50.36 273560.0
50.36 273580.0
51.5 273600.0
50.36 273620.0
50.36 273640.0
50.36 273660.0
50.36 273680.0
51.5 273700.0
50.36 273720.0
50.36 273740.0
50.36 273760.0
50.36 273780.0
50.36 273800.0
50.36 273820.0
50.36 273840.0
50.36 273860.0
50.36 273880.0
50.36 273900.0
50.36 273920.0
50.36 273940.0
50.36 273960.0
50.36 273980.0
51.5 274000.0
50.36 274020.0
50.36 274040.0
50.36 274060.0
50.36 274080.0
50.36 274100.0
50.36 274120.0
50.36 274140.0
50.36 274160.0
50.36 274180.0
50.36 274200.0
50.36 274220.0
50.36 274240.0
50.36 274260.0
50.36 274280.0
50.36 274300.0
50.36 274320.0
50.36 274340.0
50.36 274360.0
50.36 274380.0
50.36 274400.0
50.36 274420.0
50.36 274440.0
50.36 274460.0
51.5 274480.0
51.5 274500.0
51.5 274520.0
50.36 274540.0
50.36 274560.0
50.36 274580.0
50.36 274600.0
50.36 274620.0
50.36 274640.0
50.36 274660.0
50.36 274680.0
50.36 274700.0
50.36 274720.0
50.36 274740.0
50.36 274760.0
50.36 274780.0
50.36 274800.0
50.36 274820.0
50.36 274840.0
50.36 274860.0
51.5 274880.0
50.36 274900.0
50.36 274920.0
50.36 274940.0
50.36 274960.0
51.5 274980.0
50.36 275000.0
50.36 275020.0
50.36 275040.0
50.36 275060.0
50.36 275080.0
50.36 275100.0
50.36 275120.0
50.36 275140.0
50.36 275160.0
50.36 275180.0
50.36 275200.0
50.36 275220.0
50.36 275240.0
50.36 275260.0
50.36 275280.0
50.36 275300.0
50.36 275320.0
50.36 275340.0
50.36 275360.0
50.36 275380.0
50.36 275400.0
50.36 275420.0
50.36 275440.0
50.36 275460.0
50.36 275480.0
50.36 275500.0
50.36 275520.0
50.36 275540.0
50.36 275560.0
50.36 275580.0
50.36 275600.0
50.36 275620.0
50.36 275640.0
50.36 275660.0
50.36 275680.0
50.36 275700.0
50.36 275720.0
50.36 275740.0
50.36 275760.0
50.36 275780.0
50.36 275800.0
50.36 275820.0
50.36 275840.0
50.36 275860.0
50.36 275880.0
50.36 275900.0
50.36 275920.0
50.36 275940.0
50.36 275960.0
50.36 275980.0
50.36 276000.0
50.36 276020.0
51.5 276040.0
51.5 276060.0
50.36 276080.0
50.36 276100.0
51.5 276120.0
50.36 276140.0
50.36 276160.0
50.36 276180.0
50.36 276200.0
50.36 276220.0
50.36 276240.0
50.36 276260.0
50.36 276280.0
50.36 276300.0
50.36 276320.0
50.36 276340.0
50.36 276360.0
50.36 276380.0
50.36 276400.0
50.36 276420.0
50.36 276440.0
50.36 276460.0
51.5 276480.0
50.36 276500.0
51.5 276520.0
50.36 276540.0
51.5 276560.0
50.36 276580.0
49.22 276600.0
50.36 276620.0
50.36 276640.0
50.36 276660.0
50.36 276680.0
50.36 276700.0
50.36 276720.0
50.36 276740.0
50.36 276760.0
50.36 276780.0
50.36 276800.0
50.36 276820.0
50.36 276840.0
50.36 276860.0
50.36 276880.0
50.36 276900.0
50.36 276920.0
50.36 276940.0
51.5 276960.0
50.36 276980.0
50.36 277000.0
50.36 277020.0
50.36 277040.0
50.36 277060.0
50.36 277080.0
50.36 277100.0
50.36 277120.0
50.36 277140.0
50.36 277160.0
50.36 277180.0
50.36 277200.0
50.36 277220.0
50.36 277240.0
49.22 277260.0
50.36 277280.0
50.36 277300.0
50.36 277320.0
50.36 277340.0
50.36 277360.0
50.36 277380.0
50.36 277400.0
50.36 277420.0
50.36 277440.0
50.36 277460.0
50.36 277480.0
50.36 277500.0
50.36 277520.0
50.36 277540.0
50.36 277560.0
50.36 277580.0
50.36 277600.0
50.36 277620.0
50.36 277640.0
50.36 277660.0
50.36 277680.0
50.36 277700.0
50.36 277720.0
50.36 277740.0
50.36 277760.0
50.36 277780.0
50.36 277800.0
50.36 277820.0
50.36 277840.0
50.36 277860.0
50.36 277880.0
50.36 277900.0
50.36 277920.0
50.36 277940.0
50.36 277960.0
50.36 277980.0
50.36 278000.0
50.36 278020.0
50.36 278040.0
51.5 278060.0
50.36 278080.0
50.36 278100.0
51.5 278120.0
50.36 278140.0
50.36 278160.0
50.36 278180.0
50.36 278200.0
50.36 278220.0
50.36 278240.0
50.36 278260.0
50.36 278280.0
51.5 278300.0
50.36 278320.0
50.36 278340.0
50.36 278360.0
50.36 278380.0
50.36 278400.0
50.36 278420.0
50.36 278440.0
50.36 278460.0
50.36 278480.0
50.36 278500.0
50.36 278520.0
50.36 278540.0
50.36 278560.0
50.36 278580.0
51.5 278600.0
50.36 278620.0
50.36 278640.0
50.36 278660.0
50.36 278680.0
50.36 278700.0
50.36 278720.0
50.36 278740.0
50.36 278760.0
50.36 278780.0
50.36 278800.0
50.36 278820.0
50.36 278840.0
50.36 278860.0
50.36 278880.0
50.36 278900.0
50.36 278920.0
50.36 278940.0
50.36 278960.0
50.36 278980.0
50.36 279000.0
50.36 279020.0
50.36 279040.0
50.36 279060.0
50.36 279080.0
50.36 279100.0
50.36 279120.0
50.36 279140.0
50.36 279160.0
50.36 279180.0
50.36 279200.0
50.36 279220.0
50.36 279240.0
50.36 279260.0
50.36 279280.0
50.36 279300.0
50.36 279320.0
50.36 279340.0
50.36 279360.0
50.36 279380.0
50.36 279400.0
50.36 279420.0
50.36 279440.0
50.36 279460.0
51.5 279480.0
50.36 279500.0
50.36 279520.0
50.36 279540.0
50.36 279560.0
50.36 279580.0
50.36 279600.0
50.36 279620.0
50.36 279640.0
50.36 279660.0
50.36 279680.0
50.36 279700.0
50.36 279720.0
51.5 279740.0
50.36 279760.0
50.36 279780.0
50.36 279800.0
50.36 279820.0
50.36 279840.0
50.36 279860.0
50.36 279880.0
50.36 279900.0
50.36 279920.0
50.36 279940.0
50.36 279960.0
50.36 279980.0
50.36 280000.0
50.36 280020.0
50.36 280040.0
50.36 280060.0
50.36 280080.0
50.36 280100.0
50.36 280120.0
50.36 280140.0
50.36 280160.0
50.36 280180.0
50.36 280200.0
50.36 280220.0
50.36 280240.0
50.36 280260.0
50.36 280280.0
50.36 280300.0
50.36 280320.0
50.36 280340.0
50.36 280360.0
50.36 280380.0
50.36 280400.0
49.22 280420.0
50.36 280440.0
50.36 280460.0
50.36 280480.0
50.36 280500.0
50.36 280520.0
50.36 280540.0
50.36 280560.0
50.36 280580.0
50.36 280600.0
50.36 280620.0
50.36 280640.0
50.36 280660.0
50.36 280680.0
50.36 280700.0
50.36 280720.0
50.36 280740.0
50.36 280760.0
50.36 280780.0
50.36 280800.0
50.36 280820.0
50.36 280840.0
50.36 280860.0
50.36 280880.0
50.36 280900.0
50.36 280920.0
50.36 280940.0
50.36 280960.0
50.36 280980.0
50.36 281000.0
50.36 281020.0
50.36 281040.0
50.36 281060.0
50.36 281080.0
50.36 281100.0
50.36 281120.0
50.36 281140.0
50.36 281160.0
50.36 281180.0
50.36 281200.0
50.36 281220.0
50.36 281240.0
50.36 281260.0
50.36 281280.0
50.36 281300.0
50.36 281320.0
50.36 281340.0
50.36 281360.0
49.22 281380.0
50.36 281400.0
51.5 281420.0
50.36 281440.0
51.5 281460.0
50.36 281480.0
50.36 281500.0
50.36 281520.0
50.36 281540.0
50.36 281560.0
50.36 281580.0
50.36 281600.0
51.5 281620.0
50.36 281640.0
50.36 281660.0
50.36 281680.0
50.36 281700.0
50.36 281720.0
50.36 281740.0
50.36 281760.0
50.36 281780.0
50.36 281800.0
50.36 281820.0
50.36 281840.0
50.36 281860.0
50.36 281880.0
50.36 281900.0
50.36 281920.0
50.36 281940.0
50.36 281960.0
50.36 281980.0
50.36 282000.0
50.36 282020.0
51.5 282040.0
50.36 282060.0
50.36 282080.0
50.36 282100.0
50.36 282120.0
50.36 282140.0
50.36 282160.0
50.36 282180.0
50.36 282200.0
50.36 282220.0
50.36 282240.0
50.36 282260.0
50.36 282280.0
50.36 282300.0
50.36 282320.0
50.36 282340.0
50.36 282360.0
50.36 282380.0
50.36 282400.0
50.36 282420.0
50.36 282440.0
50.36 282460.0
50.36 282480.0
50.36 282500.0
50.36 282520.0
50.36 282540.0
50.36 282560.0
50.36 282580.0
51.5 282600.0
50.36 282620.0
50.36 282640.0
50.36 282660.0
50.36 282680.0
50.36 282700.0
50.36 282720.0
51.5 282740.0
50.36 282760.0
51.5 282780.0
49.22 282800.0
50.36 282820.0
50.36 282840.0
50.36 282860.0
50.36 282880.0
50.36 282900.0
50.36 282920.0
50.36 282940.0
50.36 282960.0
51.5 282980.0
50.36 283000.0
50.36 283020.0
50.36 283040.0
50.36 283060.0
50.36 283080.0
50.36 283100.0
50.36 283120.0
50.36 283140.0
50.36 283160.0
50.36 283180.0
50.36 283200.0
50.36 283220.0
50.36 283240.0
50.36 283260.0
50.36 283280.0
50.36 283300.0
51.5 283320.0
50.36 283340.0
50.36 283360.0
50.36 283380.0
50.36 283400.0
50.36 283420.0
51.5 283440.0
50.36 283460.0
50.36 283480.0
49.22 283500.0
50.36 283520.0
50.36 283540.0
50.36 283560.0
51.5 283580.0
50.36 283600.0
50.36 283620.0
50.36 283640.0
50.36 283660.0
50.36 283680.0
50.36 283700.0
50.36 283720.0
50.36 283740.0
50.36 283760.0
50.36 283780.0
50.36 283800.0
50.36 283820.0
50.36 283840.0
50.36 283860.0
50.36 283880.0
50.36 283900.0
50.36 283920.0
50.36 283940.0
50.36 283960.0
50.36 283980.0
50.36 284000.0
50.36 284020.0
50.36 284040.0
50.36 284060.0
50.36 284080.0
50.36 284100.0
50.36 284120.0
50.36 284140.0
50.36 284160.0
50.36 284180.0
50.36 284200.0
50.36 284220.0
50.36 284240.0
50.36 284260.0
50.36 284280.0
50.36 284300.0
50.36 284320.0
50.36 284340.0
50.36 284360.0
50.36 284380.0
50.36 284400.0
50.36 284420.0
50.36 284440.0
50.36 284460.0
50.36 284480.0
50.36 284500.0
50.36 284520.0
50.36 284540.0
50.36 284560.0
50.36 284580.0
50.36 284600.0
50.36 284620.0
50.36 284640.0
50.36 284660.0
50.36 284680.0
50.36 284700.0
50.36 284720.0
50.36 284740.0
50.36 284760.0
50.36 284780.0
50.36 284800.0
49.22 284820.0
50.36 284840.0
50.36 284860.0
50.36 284880.0
50.36 284900.0
50.36 284920.0
50.36 284940.0
50.36 284960.0
50.36 284980.0
50.36 285000.0
50.36 285020.0
50.36 285040.0
50.36 285060.0
50.36 285080.0
50.36 285100.0
50.36 285120.0
50.36 285140.0
50.36 285160.0
51.5 285180.0
50.36 285200.0
50.36 285220.0
50.36 285240.0
50.36 285260.0
50.36 285280.0
50.36 285300.0
50.36 285320.0
50.36 285340.0
50.36 285360.0
49.22 285380.0
50.36 285400.0
50.36 285420.0
50.36 285440.0
51.5 285460.0
50.36 285480.0
50.36 285500.0
50.36 285520.0
51.5 285540.0
50.36 285560.0
50.36 285580.0
50.36 285600.0
50.36 285620.0
50.36 285640.0
50.36 285660.0
50.36 285680.0
50.36 285700.0
50.36 285720.0
50.36 285740.0
50.36 285760.0
50.36 285780.0
51.5 285800.0
50.36 285820.0
50.36 285840.0
50.36 285860.0
50.36 285880.0
50.36 285900.0
50.36 285920.0
50.36 285940.0
50.36 285960.0
50.36 285980.0
50.36 286000.0
50.36 286020.0
50.36 286040.0
50.36 286060.0
50.36 286080.0
50.36 286100.0
50.36 286120.0
50.36 286140.0
50.36 286160.0
49.22 286180.0
50.36 286200.0
51.5 286220.0
50.36 286240.0
50.36 286260.0
50.36 286280.0
50.36 286300.0
51.5 286320.0
50.36 286340.0
50.36 286360.0
50.36 286380.0
50.36 286400.0
50.36 286420.0
50.36 286440.0
50.36 286460.0
50.36 286480.0
50.36 286500.0
51.5 286520.0
51.5 286540.0
50.36 286560.0
50.36 286580.0
50.36 286600.0
50.36 286620.0
50.36 286640.0
50.36 286660.0
50.36 286680.0
