43.52 274960.0
43.52 274980.0
43.52 275000.0
43.52 275020.0
43.52 275040.0
43.52 275060.0
43.52 275080.0
43.52 275100.0
43.52 275120.0
43.52 275140.0
43.52 275160.0
43.52 275180.0
43.52 275200.0
43.52 275220.0
43.52 275240.0
43.52 275260.0
43.52 275280.0
43.52 275300.0
43.52 275320.0
43.52 275340.0
43.52 275360.0
43.52 275380.0
43.52 275400.0
43.52 275420.0
43.52 275440.0
43.52 275460.0
43.52 275480.0
43.52 275500.0
43.52 275520.0
43.52 275540.0
43.52 275560.0
43.52 275580.0
43.52 275600.0
43.52 275620.0
43.52 275640.0
44.66 275660.0
43.52 275680.0
43.52 275700.0
43.52 275720.0
43.52 275740.0
43.52 275760.0
43.52 275780.0
43.52 275800.0
43.52 275820.0
43.52 275840.0
43.52 275860.0
43.52 275880.0
43.52 275900.0
43.52 275920.0
44.66 275940.0
43.52 275960.0
43.52 275980.0
43.52 276000.0
43.52 276020.0
43.52 276040.0
43.52 276060.0
43.52 276080.0
43.52 276100.0
43.52 276120.0
43.52 276140.0
43.52 276160.0
43.52 276180.0
43.52 276200.0
43.52 276220.0
44.66 276240.0
43.52 276260.0
43.52 276280.0
44.66 276300.0
43.52 276320.0
44.66 276340.0
43.52 276360.0
43.52 276380.0
42.38 276400.0
43.52 276420.0
43.52 276440.0
43.52 276460.0
44.66 276480.0
43.52 276500.0
43.52 276520.0
43.52 276540.0
43.52 276560.0
43.52 276580.0
43.52 276600.0
43.52 276620.0
43.52 276640.0
43.52 276660.0
43.52 276680.0
43.52 276700.0
43.52 276720.0
43.52 276740.0
43.52 276760.0
43.52 276780.0
43.52 276800.0
43.52 276820.0
43.52 276840.0
44.66 276860.0
43.52 276880.0
43.52 276900.0
43.52 276920.0
43.52 276940.0
43.52 276960.0
43.52 276980.0
43.52 277000.0
43.52 277020.0
44.66 277040.0
43.52 277060.0
43.52 277080.0
43.52 277100.0
43.52 277120.0
43.52 277140.0
43.52 277160.0
43.52 277180.0
43.52 277200.0
43.52 277220.0
43.52 277240.0
43.52 277260.0
43.52 277280.0
43.52 277300.0
43.52 277320.0
43.52 277340.0
43.52 277360.0
43.52 277380.0
43.52 277400.0
43.52 277420.0
43.52 277440.0
43.52 277460.0
43.52 277480.0
43.52 277500.0
43.52 277520.0
43.52 277540.0
43.52 277560.0
43.52 277580.0
43.52 277600.0
43.52 277620.0
43.52 277640.0
44.66 277660.0
43.52 277680.0
43.52 277700.0
42.38 277720.0
43.52 277740.0
43.52 277760.0
43.52 277780.0
44.66 277800.0
43.52 277820.0
43.52 277840.0
43.52 277860.0
43.52 277880.0
43.52 277900.0
43.52 277920.0
43.52 277940.0
43.52 277960.0
43.52 277980.0
43.52 278000.0
43.52 278020.0
43.52 278040.0
43.52 278060.0
43.52 278080.0
43.52 278100.0
43.52 278120.0
43.52 278140.0
43.52 278160.0
43.52 278180.0
44.66 278200.0
43.52 278220.0
43.52 278240.0
43.52 278260.0
43.52 278280.0
43.52 278300.0
44.66 278320.0
43.52 278340.0
43.52 278360.0
43.52 278380.0
43.52 278400.0
43.52 278420.0
43.52 278440.0
43.52 278460.0
43.52 278480.0
43.52 278500.0
43.52 278520.0
43.52 278540.0
43.52 278560.0
44.66 278580.0
43.52 278600.0
43.52 278620.0
43.52 278640.0
43.52 278660.0
43.52 278680.0
43.52 278700.0
44.66 278720.0
43.52 278740.0
43.52 278760.0
43.52 278780.0
43.52 278800.0
43.52 278820.0
43.52 278840.0
43.52 278860.0
43.52 278880.0
43.52 278900.0
43.52 278920.0
43.52 278940.0
43.52 278960.0
43.52 278980.0
43.52 279000.0
43.52 279020.0
43.52 279040.0
43.52 279060.0
43.52 279080.0
43.52 279100.0
43.52 279120.0
43.52 279140.0
43.52 279160.0
43.52 279180.0
43.52 279200.0
43.52 279220.0
43.52 279240.0
43.52 279260.0
43.52 279280.0
43.52 279300.0
43.52 279320.0
43.52 279340.0
43.52 279360.0
43.52 279380.0
43.52 279400.0
43.52 279420.0
43.52 279440.0
43.52 279460.0
43.52 279480.0
43.52 279500.0
43.52 279520.0
43.52 279540.0
43.52 279560.0
43.52 279580.0
43.52 279600.0
44.66 279620.0
43.52 279640.0
43.52 279660.0
44.66 279680.0
43.52 279700.0
43.52 279720.0
43.52 279740.0
43.52 279760.0
43.52 279780.0
43.52 279800.0
43.52 279820.0
43.52 279840.0
43.52 279860.0
43.52 279880.0
43.52 279900.0
43.52 279920.0
42.38 279940.0
43.52 279960.0
43.52 279980.0
43.52 280000.0
43.52 280020.0
43.52 280040.0
43.52 280060.0
43.52 280080.0
43.52 280100.0
44.66 280120.0
43.52 280140.0
43.52 280160.0
44.66 280180.0
43.52 280200.0
43.52 280220.0
44.66 280240.0
43.52 280260.0
44.66 280280.0
43.52 280300.0
43.52 280320.0
43.52 280340.0
43.52 280360.0
43.52 280380.0
43.52 280400.0
43.52 280420.0
43.52 280440.0
43.52 280460.0
43.52 280480.0
44.66 280500.0
44.66 280520.0
43.52 280540.0
44.66 280560.0
43.52 280580.0
43.52 280600.0
43.52 280620.0
43.52 280640.0
43.52 280660.0
44.66 280680.0
43.52 280700.0
43.52 280720.0
43.52 280740.0
43.52 280760.0
43.52 280780.0
43.52 280800.0
43.52 280820.0
43.52 280840.0
43.52 280860.0
43.52 280880.0
43.52 280900.0
43.52 280920.0
43.52 280940.0
43.52 280960.0
43.52 280980.0
43.52 281000.0
43.52 281020.0
43.52 281040.0
43.52 281060.0
43.52 281080.0
43.52 281100.0
43.52 281120.0
43.52 281140.0
43.52 281160.0
43.52 281180.0
43.52 281200.0
43.52 281220.0
43.52 281240.0
43.52 281260.0
44.66 281280.0
43.52 281300.0
43.52 281320.0
44.66 281340.0
43.52 281360.0
44.66 281380.0
43.52 281400.0
43.52 281420.0
43.52 281440.0
44.66 281460.0
43.52 281480.0
43.52 281500.0
43.52 281520.0
43.52 281540.0
43.52 281560.0
43.52 281580.0
43.52 281600.0
43.52 281620.0
43.52 281640.0
43.52 281660.0
44.66 281680.0
43.52 281700.0
43.52 281720.0
43.52 281740.0
43.52 281760.0
43.52 281780.0
44.66 281800.0
44.66 281820.0
43.52 281840.0
43.52 281860.0
44.66 281880.0
43.52 281900.0
44.66 281920.0
43.52 281940.0
43.52 281960.0
43.52 281980.0
42.38 282000.0
43.52 282020.0
43.52 282040.0
43.52 282060.0
43.52 282080.0
43.52 282100.0
43.52 282120.0
43.52 282140.0
43.52 282160.0
43.52 282180.0
43.52 282200.0
43.52 282220.0
44.66 282240.0
43.52 282260.0
43.52 282280.0
43.52 282300.0
44.66 282320.0
43.52 282340.0
43.52 282360.0
44.66 282380.0
43.52 282400.0
44.66 282420.0
44.66 282440.0
43.52 282460.0
43.52 282480.0
44.66 282500.0
44.66 282520.0
43.52 282540.0
43.52 282560.0
43.52 282580.0
43.52 282600.0
43.52 282620.0
44.66 282640.0
43.52 282660.0
43.52 282680.0
43.52 282700.0
43.52 282720.0
43.52 282740.0
43.52 282760.0
43.52 282780.0
43.52 282800.0
43.52 282820.0
43.52 282840.0
43.52 282860.0
43.52 282880.0
43.52 282900.0
43.52 282920.0
43.52 282940.0
43.52 282960.0
44.66 282980.0
43.52 283000.0
43.52 283020.0
43.52 283040.0
44.66 283060.0
43.52 283080.0
43.52 283100.0
44.66 283120.0
44.66 283140.0
43.52 283160.0
43.52 283180.0
43.52 283200.0
43.52 283220.0
43.52 283240.0
43.52 283260.0
43.52 283280.0
43.52 283300.0
43.52 283320.0
43.52 283340.0
43.52 283360.0
43.52 283380.0
43.52 283400.0
43.52 283420.0
43.52 283440.0
43.52 283460.0
44.66 283480.0
44.66 283500.0
44.66 283520.0
43.52 283540.0
43.52 283560.0
43.52 283580.0
43.52 283600.0
43.52 283620.0
44.66 283640.0
44.66 283660.0
43.52 283680.0
43.52 283700.0
43.52 283720.0
43.52 283740.0
43.52 283760.0
44.66 283780.0
43.52 283800.0
43.52 283820.0
43.52 283840.0
44.66 283860.0
43.52 283880.0
43.52 283900.0
44.66 283920.0
43.52 283940.0
43.52 283960.0
43.52 283980.0
43.52 284000.0
44.66 284020.0
43.52 284040.0
43.52 284060.0
43.52 284080.0
43.52 284100.0
43.52 284120.0
43.52 284140.0
43.52 284160.0
43.52 284180.0
44.66 284200.0
44.66 284220.0
44.66 284240.0
44.66 284260.0
43.52 284280.0
44.66 284300.0
44.66 284320.0
44.66 284340.0
44.66 284360.0
43.52 284380.0
43.52 284400.0
43.52 284420.0
43.52 284440.0
43.52 284460.0
44.66 284480.0
44.66 284500.0
43.52 284520.0
43.52 284540.0
43.52 284560.0
43.52 284580.0
43.52 284600.0
43.52 284620.0
43.52 284640.0
44.66 284660.0
43.52 284680.0
43.52 284700.0
44.66 284720.0
43.52 284740.0
43.52 284760.0
43.52 284780.0
43.52 284800.0
43.52 284820.0
43.52 284840.0
44.66 284860.0
43.52 284880.0
44.66 284900.0
43.52 284920.0
43.52 284940.0
43.52 284960.0
44.66 284980.0
43.52 285000.0
43.52 285020.0
43.52 285040.0
43.52 285060.0
43.52 285080.0
43.52 285100.0
43.52 285120.0
43.52 285140.0
43.52 285160.0
43.52 285180.0
43.52 285200.0
44.66 285220.0
43.52 285240.0
43.52 285260.0
43.52 285280.0
43.52 285300.0
43.52 285320.0
43.52 285340.0
43.52 285360.0
43.52 285380.0
43.52 285400.0
43.52 285420.0
43.52 285440.0
44.66 285460.0
43.52 285480.0
43.52 285500.0
43.52 285520.0
43.52 285540.0
44.66 285560.0
43.52 285580.0
43.52 285600.0
44.66 285620.0
43.52 285640.0
43.52 285660.0
43.52 285680.0
43.52 285700.0
43.52 285720.0
43.52 285740.0
43.52 285760.0
44.66 285780.0
43.52 285800.0
43.52 285820.0
44.66 285840.0
43.52 285860.0
44.66 285880.0
43.52 285900.0
43.52 285920.0
43.52 285940.0
44.66 285960.0
43.52 285980.0
43.52 286000.0
44.66 286020.0
43.52 286040.0
43.52 286060.0
44.66 286080.0
43.52 286100.0
43.52 286120.0
43.52 286140.0
43.52 286160.0
43.52 286180.0
43.52 286200.0
43.52 286220.0
43.52 286240.0
43.52 286260.0
44.66 286280.0
43.52 286300.0
43.52 286320.0
44.66 286340.0
43.52 286360.0
43.52 286380.0
43.52 286400.0
44.66 286420.0
44.66 286440.0
44.66 286460.0
43.52 286480.0
43.52 286500.0
43.52 286520.0
43.52 286540.0
43.52 286560.0
43.52 286580.0
43.52 286600.0
43.52 286620.0
43.52 286640.0
44.66 286660.0
43.52 286680.0
44.66 286700.0
44.66 286720.0
43.52 286740.0
44.66 286760.0
44.66 286780.0
43.52 286800.0
43.52 286820.0
43.52 286840.0
43.52 286860.0
44.66 286880.0
43.52 286900.0
43.52 286920.0
44.66 286940.0
43.52 286960.0
44.66 286980.0
43.52 287000.0
44.66 287020.0
43.52 287040.0
43.52 287060.0
43.52 287080.0
43.52 287100.0
43.52 287120.0
43.52 287140.0
43.52 287160.0
43.52 287180.0
43.52 287200.0
44.66 287220.0
44.66 287240.0
43.52 287260.0
44.66 287280.0
43.52 287300.0
44.66 287320.0
44.66 287340.0
43.52 287360.0
43.52 287380.0
43.52 287400.0
43.52 287420.0
44.66 287440.0
43.52 287460.0
44.66 287480.0
43.52 287500.0
44.66 287520.0
43.52 287540.0
43.52 287560.0
44.66 287580.0
43.52 287600.0
43.52 287620.0
43.52 287640.0
43.52 287660.0
44.66 287680.0
43.52 287700.0
44.66 287720.0
43.52 287740.0
43.52 287760.0
44.66 287780.0
44.66 287800.0
43.52 287820.0
44.66 287840.0
43.52 287860.0
43.52 287880.0
42.38 287900.0
44.66 287920.0
43.52 287940.0
44.66 287960.0
43.52 287980.0
44.66 288000.0
43.52 288020.0
44.66 288040.0
44.66 288060.0
43.52 288080.0
43.52 288100.0
43.52 288120.0
44.66 288140.0
43.52 288160.0
43.52 288180.0
43.52 288200.0
43.52 288220.0
43.52 288240.0
44.66 288260.0
44.66 288280.0
44.66 288300.0
43.52 288320.0
43.52 288340.0
44.66 288360.0
43.52 288380.0
43.52 288400.0
44.66 288420.0
43.52 288440.0
44.66 288460.0
43.52 288480.0
43.52 288500.0
44.66 288520.0
43.52 288540.0
43.52 288560.0
44.66 288580.0
44.66 288600.0
44.66 288620.0
44.66 288640.0
43.52 288660.0
43.52 288680.0
43.52 288700.0
43.52 288720.0
44.66 288740.0
43.52 288760.0
44.66 288780.0
43.52 288800.0
44.66 288820.0
43.52 288840.0
44.66 288860.0
43.52 288880.0
43.52 288900.0
43.52 288920.0
43.52 288940.0
43.52 288960.0
44.66 288980.0
43.52 289000.0
43.52 289020.0
43.52 289040.0
43.52 289060.0
43.52 289080.0
44.66 289100.0
43.52 289120.0
43.52 289140.0
43.52 289160.0
43.52 289180.0
43.52 289200.0
43.52 289220.0
43.52 289240.0
43.52 289260.0
44.66 289280.0
43.52 289300.0
43.52 289320.0
43.52 289340.0
44.66 289360.0
43.52 289380.0
43.52 289400.0
44.66 289420.0
43.52 289440.0
43.52 289460.0
44.66 289480.0
43.52 289500.0
43.52 289520.0
44.66 289540.0
43.52 289560.0
44.66 289580.0
43.52 289600.0
43.52 289620.0
44.66 289640.0
43.52 289660.0
44.66 289680.0
44.66 289700.0
43.52 289720.0
43.52 289740.0
43.52 289760.0
43.52 289780.0
44.66 289800.0
43.52 289820.0
43.52 289840.0
44.66 289860.0
44.66 289880.0
44.66 289900.0
43.52 289920.0
43.52 289940.0
44.66 289960.0
44.66 289980.0
43.52 290000.0
43.52 290020.0
44.66 290040.0
43.52 290060.0
43.52 290080.0
43.52 290100.0
43.52 290120.0
43.52 290140.0
44.66 290160.0
44.66 290180.0
43.52 290200.0
43.52 290220.0
43.52 290240.0
43.52 290260.0
43.52 290280.0
43.52 290300.0
44.66 290320.0
44.66 290340.0
44.66 290360.0
44.66 290380.0
44.66 290400.0
44.66 290420.0
43.52 290440.0
43.52 290460.0
43.52 290480.0
43.52 290500.0
44.66 290520.0
43.52 290540.0
44.66 290560.0
43.52 290580.0
43.52 290600.0
44.66 290620.0
44.66 290640.0
43.52 290660.0
44.66 290680.0
44.66 290700.0
44.66 290720.0
43.52 290740.0
44.66 290760.0
43.52 290780.0
43.52 290800.0
44.66 290820.0
43.52 290840.0
44.66 290860.0
44.66 290880.0
44.66 290900.0
44.66 290920.0
44.66 290940.0
43.52 290960.0
43.52 290980.0
43.52 291000.0
43.52 291020.0
44.66 291040.0
44.66 291060.0
44.66 291080.0
43.52 291100.0
43.52 291120.0
44.66 291140.0
44.66 291160.0
43.52 291180.0
43.52 291200.0
44.66 291220.0
43.52 291240.0
44.66 291260.0
43.52 291280.0
43.52 291300.0
43.52 291320.0
43.52 291340.0
43.52 291360.0
43.52 291380.0
44.66 291400.0
44.66 291420.0
44.66 291440.0
43.52 291460.0
44.66 291480.0
44.66 291500.0
44.66 291520.0
44.66 291540.0
43.52 291560.0
44.66 291580.0
43.52 291600.0
43.52 291620.0
43.52 291640.0
43.52 291660.0
43.52 291680.0
44.66 291700.0
43.52 291720.0
44.66 291740.0
43.52 291760.0
43.52 291780.0
43.52 291800.0
43.52 291820.0
44.66 291840.0
43.52 291860.0
43.52 291880.0
43.52 291900.0
43.52 291920.0
43.52 291940.0
44.66 291960.0
43.52 291980.0
44.66 292000.0
44.66 292020.0
43.52 292040.0
43.52 292060.0
43.52 292080.0
44.66 292100.0
43.52 292120.0
43.52 292140.0
43.52 292160.0
44.66 292180.0
44.66 292200.0
43.52 292220.0
43.52 292240.0
44.66 292260.0
43.52 292280.0
44.66 292300.0
43.52 292320.0
43.52 292340.0
43.52 292360.0
44.66 292380.0
44.66 292400.0
44.66 292420.0
44.66 292440.0
43.52 292460.0
43.52 292480.0
43.52 292500.0
43.52 292520.0
43.52 292540.0
43.52 292560.0
43.52 292580.0
43.52 292600.0
43.52 292620.0
44.66 292640.0
43.52 292660.0
44.66 292680.0
43.52 292700.0
44.66 292720.0
43.52 292740.0
44.66 292760.0
43.52 292780.0
43.52 292800.0
43.52 292820.0
44.66 292840.0
43.52 292860.0
43.52 292880.0
43.52 292900.0
43.52 292920.0
44.66 292940.0
44.66 292960.0
43.52 292980.0
43.52 293000.0
43.52 293020.0
43.52 293040.0
43.52 293060.0
43.52 293080.0
43.52 293100.0
43.52 293120.0
43.52 293140.0
44.66 293160.0
44.66 293180.0
43.52 293200.0
43.52 293220.0
43.52 293240.0
43.52 293260.0
43.52 293280.0
43.52 293300.0
43.52 293320.0
43.52 293340.0
43.52 293360.0
43.52 293380.0
43.52 293400.0
43.52 293420.0
44.66 293440.0
44.66 293460.0
43.52 293480.0
43.52 293500.0
44.66 293520.0
44.66 293540.0
43.52 293560.0
43.52 293580.0
44.66 293600.0
43.52 293620.0
43.52 293640.0
43.52 293660.0
43.52 293680.0
43.52 293700.0
44.66 293720.0
44.66 293740.0
44.66 293760.0
43.52 293780.0
44.66 293800.0
44.66 293820.0
43.52 293840.0
44.66 293860.0
43.52 293880.0
43.52 293900.0
44.66 293920.0
43.52 293940.0
43.52 293960.0
43.52 293980.0
44.66 294000.0
43.52 294020.0
43.52 294040.0
43.52 294060.0
43.52 294080.0
43.52 294100.0
43.52 294120.0
44.66 294140.0
43.52 294160.0
43.52 294180.0
43.52 294200.0
43.52 294220.0
43.52 294240.0
43.52 294260.0
43.52 294280.0
43.52 294300.0
43.52 294320.0
43.52 294340.0
43.52 294360.0
43.52 294380.0
44.66 294400.0
43.52 294420.0
43.52 294440.0
43.52 294460.0
44.66 294480.0
44.66 294500.0
43.52 294520.0
44.66 294540.0
43.52 294560.0
43.52 294580.0
44.66 294600.0
43.52 294620.0
44.66 294640.0
44.66 294660.0
43.52 294680.0
44.66 294700.0
43.52 294720.0
44.66 294740.0
43.52 294760.0
44.66 294780.0
44.66 294800.0
44.66 294820.0
43.52 294840.0
44.66 294860.0
44.66 294880.0
44.66 294900.0
44.66 294920.0
43.52 294940.0
43.52 294960.0
44.66 294980.0
43.52 295000.0
44.66 295020.0
43.52 295040.0
43.52 295060.0
43.52 295080.0
43.52 295100.0
43.52 295120.0
43.52 295140.0
43.52 295160.0
44.66 295180.0
44.66 295200.0
43.52 295220.0
44.66 295240.0
44.66 295260.0
44.66 295280.0
44.66 295300.0
44.66 295320.0
43.52 295340.0
43.52 295360.0
43.52 295380.0
43.52 295400.0
44.66 295420.0
43.52 295440.0
44.66 295460.0
44.66 295480.0
43.52 295500.0
44.66 295520.0
43.52 295540.0
43.52 295560.0
44.66 295580.0
43.52 295600.0
43.52 295620.0
44.66 295640.0
44.66 295660.0
43.52 295680.0
43.52 295700.0
44.66 295720.0
44.66 295740.0
43.52 295760.0
43.52 295780.0
43.52 295800.0
43.52 295820.0
43.52 295840.0
43.52 295860.0
43.52 295880.0
44.66 295900.0
44.66 295920.0
43.52 295940.0
43.52 295960.0
43.52 295980.0
43.52 296000.0
43.52 296020.0
43.52 296040.0
43.52 296060.0
43.52 296080.0
44.66 296100.0
44.66 296120.0
43.52 296140.0
44.66 296160.0
43.52 296180.0
44.66 296200.0
44.66 296220.0
43.52 296240.0
43.52 296260.0
43.52 296280.0
44.66 296300.0
44.66 296320.0
44.66 296340.0
43.52 296360.0
43.52 296380.0
44.66 296400.0
44.66 296420.0
44.66 296440.0
44.66 296460.0
43.52 296480.0
43.52 296500.0
44.66 296520.0
43.52 296540.0
44.66 296560.0
44.66 296580.0
43.52 296600.0
43.52 296620.0
43.52 296640.0
44.66 296660.0
43.52 296680.0
44.66 296700.0
44.66 296720.0
44.66 296740.0
43.52 296760.0
44.66 296780.0
44.66 296800.0
43.52 296820.0
43.52 296840.0
44.66 296860.0
43.52 296880.0
44.66 296900.0
43.52 296920.0
43.52 296940.0
44.66 296960.0
44.66 296980.0
43.52 297000.0
43.52 297020.0
44.66 297040.0
44.66 297060.0
44.66 297080.0
43.52 297100.0
43.52 297120.0
44.66 297140.0
43.52 297160.0
43.52 297180.0
44.66 297200.0
44.66 297220.0
44.66 297240.0
44.66 297260.0
44.66 297280.0
43.52 297300.0
43.52 297320.0
43.52 297340.0
44.66 297360.0
43.52 297380.0
43.52 297400.0
43.52 297420.0
44.66 297440.0
44.66 297460.0
43.52 297480.0
43.52 297500.0
44.66 297520.0
44.66 297540.0
43.52 297560.0
44.66 297580.0
43.52 297600.0
43.52 297620.0
43.52 297640.0
43.52 297660.0
44.66 297680.0
43.52 297700.0
43.52 297720.0
43.52 297740.0
44.66 297760.0
43.52 297780.0
44.66 297800.0
44.66 297820.0
43.52 297840.0
44.66 297860.0
43.52 297880.0
44.66 297900.0
43.52 297920.0
44.66 297940.0
43.52 297960.0
43.52 297980.0
43.52 298000.0
44.66 298020.0
43.52 298040.0
43.52 298060.0
43.52 298080.0
44.66 298100.0
44.66 298120.0
43.52 298140.0
43.52 298160.0
43.52 298180.0
44.66 298200.0
44.66 298220.0
43.52 298240.0
44.66 298260.0
43.52 298280.0
43.52 298300.0
44.66 298320.0
43.52 298340.0
44.66 298360.0
44.66 298380.0
44.66 298400.0
43.52 298420.0
44.66 298440.0
44.66 298460.0
43.52 298480.0
43.52 298500.0
43.52 298520.0
43.52 298540.0
44.66 298560.0
44.66 298580.0
44.66 298600.0
44.66 298620.0
43.52 298640.0
44.66 298660.0
44.66 298680.0
43.52 298700.0
44.66 298720.0
44.66 298740.0
43.52 298760.0
43.52 298780.0
44.66 298800.0
44.66 298820.0
44.66 298840.0
43.52 298860.0
43.52 298880.0
44.66 298900.0
43.52 298920.0
43.52 298940.0
44.66 298960.0
44.66 298980.0
43.52 299000.0
43.52 299020.0
44.66 299040.0
43.52 299060.0
43.52 299080.0
43.52 299100.0
43.52 299120.0
43.52 299140.0
43.52 299160.0
44.66 299180.0
43.52 299200.0
43.52 299220.0
44.66 299240.0
44.66 299260.0
44.66 299280.0
43.52 299300.0
44.66 299320.0
44.66 299340.0
44.66 299360.0
44.66 299380.0
43.52 299400.0
43.52 299420.0
44.66 299440.0
43.52 299460.0
44.66 299480.0
43.52 299500.0
44.66 299520.0
43.52 299540.0
43.52 299560.0
44.66 299580.0
44.66 299600.0
44.66 299620.0
43.52 299640.0
44.66 299660.0
44.66 299680.0
44.66 299700.0
44.66 299720.0
43.52 299740.0
44.66 299760.0
43.52 299780.0
43.52 299800.0
43.52 299820.0
44.66 299840.0
43.52 299860.0
43.52 299880.0
43.52 299900.0
43.52 299920.0
44.66 299940.0
43.52 299960.0
44.66 299980.0
43.52 300000.0
43.52 300020.0
44.66 300040.0
44.66 300060.0
44.66 300080.0
44.66 300100.0
43.52 300120.0
44.66 300140.0
43.52 300160.0
43.52 300180.0
43.52 300200.0
44.66 300220.0
43.52 300240.0
44.66 300260.0
43.52 300280.0
43.52 300300.0
43.52 300320.0
44.66 300340.0
43.52 300360.0
43.52 300380.0
44.66 300400.0
43.52 300420.0
43.52 300440.0
44.66 300460.0
44.66 300480.0
43.52 300500.0
43.52 300520.0
43.52 300540.0
43.52 300560.0
44.66 300580.0
43.52 300600.0
44.66 300620.0
43.52 300640.0
43.52 300660.0
43.52 300680.0
43.52 300700.0
43.52 300720.0
43.52 300740.0
43.52 300760.0
43.52 300780.0
43.52 300800.0
43.52 300820.0
43.52 300840.0
44.66 300860.0
43.52 300880.0
44.66 300900.0
44.66 300920.0
44.66 300940.0
43.52 300960.0
44.66 300980.0
43.52 301000.0
43.52 301020.0
43.52 301040.0
44.66 301060.0
43.52 301080.0
43.52 301100.0
43.52 301120.0
44.66 301140.0
43.52 301160.0
43.52 301180.0
43.52 301200.0
44.66 301220.0
43.52 301240.0
43.52 301260.0
44.66 301280.0
43.52 301300.0
43.52 301320.0
43.52 301340.0
43.52 301360.0
44.66 301380.0
43.52 301400.0
43.52 301420.0
44.66 301440.0
43.52 301460.0
43.52 301480.0
44.66 301500.0
43.52 301520.0
43.52 301540.0
43.52 301560.0
43.52 301580.0
43.52 301600.0
43.52 301620.0
44.66 301640.0
44.66 301660.0
43.52 301680.0
44.66 301700.0
43.52 301720.0
44.66 301740.0
44.66 301760.0
43.52 301780.0
44.66 301800.0
43.52 301820.0
44.66 301840.0
43.52 301860.0
43.52 301880.0
43.52 301900.0
43.52 301920.0
43.52 301940.0
44.66 301960.0
44.66 301980.0
44.66 302000.0
44.66 302020.0
43.52 302040.0
44.66 302060.0
43.52 302080.0
43.52 302100.0
43.52 302120.0
44.66 302140.0
44.66 302160.0
44.66 302180.0
43.52 302200.0
43.52 302220.0
44.66 302240.0
44.66 302260.0
43.52 302280.0
43.52 302300.0
43.52 302320.0
43.52 302340.0
44.66 302360.0
44.66 302380.0
44.66 302400.0
43.52 302420.0
44.66 302440.0
44.66 302460.0
43.52 302480.0
43.52 302500.0
43.52 302520.0
43.52 302540.0
43.52 302560.0
43.52 302580.0
44.66 302600.0
43.52 302620.0
43.52 302640.0
43.52 302660.0
43.52 302680.0
44.66 302700.0
43.52 302720.0
43.52 302740.0
43.52 302760.0
44.66 302780.0
44.66 302800.0
43.52 302820.0
44.66 302840.0
43.52 302860.0
43.52 302880.0
44.66 302900.0
43.52 302920.0
44.66 302940.0
43.52 302960.0
44.66 302980.0
44.66 303000.0
43.52 303020.0
43.52 303040.0
43.52 303060.0
43.52 303080.0
43.52 303100.0
44.66 303120.0
44.66 303140.0
43.52 303160.0
43.52 303180.0
43.52 303200.0
44.66 303220.0
44.66 303240.0
44.66 303260.0
43.52 303280.0
43.52 303300.0
43.52 303320.0
43.52 303340.0
43.52 303360.0
43.52 303380.0
43.52 303400.0
43.52 303420.0
