24.14 16.94
24.14 16.95
25.28 16.82
25.28 16.83
25.28 16.94
26.42 16.73
25.28 16.84
25.28 16.83
25.28 16.75
25.28 16.74
25.28 16.85
25.28 16.67
25.28 16.76
26.42 16.74
26.42 16.72
26.42 16.7
26.42 16.67
25.28 16.62
25.28 16.69
26.42 16.66
26.42 16.64
26.42 16.7
26.42 16.63
26.42 16.68
26.42 16.58
26.42 16.68
26.42 16.58
26.42 16.64
26.42 16.66
26.42 16.56
27.56 16.54
26.42 16.56
27.56 16.62
27.56 16.47
26.42 16.54
26.42 16.5
27.56 16.5
26.42 16.48
26.42 16.44
27.56 16.54
27.56 16.53
27.56 16.46
27.56 16.45
27.56 16.47
27.56 16.39
27.56 16.53
27.56 16.5
27.56 16.36
27.56 16.42
27.56 16.46
26.42 16.4
27.56 16.46
26.42 16.38
27.56 16.48
27.56 16.4
27.56 16.5
27.56 16.4
27.56 16.38
27.56 16.43
27.56 16.45
28.7 16.37
28.7 16.38
27.56 16.4
27.56 16.32
27.56 16.35
27.56 16.38
27.56 16.31
27.56 16.39
27.56 16.23
27.56 16.25
27.56 16.32
27.56 16.32
27.56 16.34
27.56 16.37
27.56 16.27
27.56 16.32
28.7 16.3
28.7 16.33
27.56 16.33
28.7 16.26
27.56 16.33
28.7 16.34
27.56 16.29
27.56 16.32
28.7 16.24
27.56 16.28
28.7 16.28
27.56 16.15
28.7 16.19
28.7 16.25
28.7 16.3
28.7 16.17
28.7 16.32
28.7 16.25
28.7 16.23
28.7 16.17
27.56 16.25
28.7 16.23
28.7 16.2
28.7 16.22
28.7 16.23
28.7 16.16
28.7 16.23
29.84 16.25
28.7 16.18
28.7 16.23
28.7 16.11
28.7 16.11
28.7 16.26
28.7 16.15
28.7 16.11
29.84 16.18
29.84 16.24
28.7 16.2
28.7 16.07
28.7 16.2
28.7 16.16
28.7 16.11
28.7 16.13
28.7 16.15
29.84 16.12
29.84 16.1
28.7 16.04
28.7 16.09
28.7 16.06
28.7 15.36
28.7 16.16
29.84 16.13
28.7 16.12
28.7 16.08
28.7 16.16
28.7 16.16
28.7 16.17
29.84 16.07
29.84 16.08
28.7 16.09
28.7 16.03
29.84 16.07
29.84 15.99
29.84 16.06
