25.28 15.56
25.28 15.62
24.14 15.57
25.28 15.49
24.14 15.48
25.28 15.57
25.28 15.55
25.28 15.46
25.28 15.44
25.28 15.52
26.42 15.57
25.28 15.56
26.42 15.39
25.28 15.47
26.42 15.47
25.28 15.41
25.28 15.55
26.42 15.46
26.42 15.4
25.28 15.51
25.28 15.53
26.42 15.5
26.42 15.45
25.28 15.44
26.42 15.38
25.28 15.41
26.42 15.43
26.42 15.42
26.42 15.37
25.28 15.44
26.42 15.43
26.42 15.42
27.56 15.38
26.42 15.44
26.42 15.46
26.42 15.35
26.42 15.33
26.42 15.34
26.42 15.34
26.42 15.35
26.42 15.39
26.42 15.34
26.42 15.24
25.28 15.32
26.42 15.37
26.42 15.31
26.42 15.33
26.42 15.35
26.42 15.37
26.42 15.29
26.42 15.4
26.42 15.28
26.42 15.29
26.42 15.25
27.56 15.36
26.42 15.31
26.42 15.35
26.42 15.32
26.42 15.29
26.42 15.34
26.42 15.36
26.42 15.32
25.28 15.28
26.42 15.4
26.42 15.39
26.42 15.28
26.42 15.29
26.42 15.39
26.42 15.36
27.56 15.33
27.56 15.22
27.56 15.25
27.56 15.4
26.42 15.31
26.42 15.35
26.42 15.26
26.42 15.29
26.42 15.28
27.56 15.35
27.56 15.22
27.56 15.3
27.56 15.27
27.56 15.24
27.56 15.27
27.56 15.23
27.56 15.26
27.56 15.28
27.56 15.31
26.42 15.27
26.42 15.27
26.42 15.26
26.42 15.42
26.42 15.36
27.56 15.26
26.42 15.26
27.56 15.3
27.56 15.3
27.56 15.28
27.56 15.33
26.42 15.32
27.56 15.28
27.56 15.27
26.42 15.3
27.56 15.32
27.56 15.23
26.42 15.29
27.56 15.37
26.42 15.32
27.56 15.22
27.56 15.24
27.56 15.23
27.56 15.29
27.56 15.24
26.42 15.28
27.56 15.27
26.42 15.22
26.42 15.28
27.56 15.31
27.56 15.2
27.56 15.37
27.56 15.17
27.56 15.33
27.56 15.26
27.56 15.19
27.56 15.24
27.56 15.2
26.42 15.26
26.42 15.3
27.56 15.29
27.56 15.26
26.42 15.19
27.56 15.32
26.42 15.28
27.56 15.22
27.56 15.25
27.56 15.2
27.56 15.34
27.56 15.23
27.56 15.17
26.42 15.2
27.56 15.29
27.56 15.25
26.42 15.34
27.56 15.21
27.56 15.32
27.56 15.21
27.56 15.11
27.56 15.26
27.56 15.18
27.56 15.19
27.56 15.16
27.56 15.19
27.56 15.36
27.56 15.28
27.56 15.27
27.56 15.23
27.56 15.38
27.56 15.22
27.56 15.11
27.56 15.24
27.56 15.24
27.56 15.22
27.56 15.22
28.7 15.29
27.56 15.22
27.56 15.26
27.56 15.28
28.7 15.24
27.56 15.22
27.56 15.2
27.56 15.31
27.56 15.19
27.56 15.22
27.56 15.15
27.56 15.26
27.56 15.31
28.7 15.25
27.56 15.26
27.56 15.29
27.56 15.16
27.56 15.24
27.56 15.2
27.56 15.18
27.56 15.25
27.56 15.12
28.7 15.32
27.56 15.19
27.56 15.25
27.56 15.24
27.56 15.22
27.56 15.19
27.56 15.29
27.56 15.2
27.56 15.3
27.56 15.16
27.56 15.15
27.56 15.24
27.56 15.15
27.56 15.19
27.56 15.16
27.56 15.1
27.56 15.27
27.56 15.24
27.56 15.21
26.42 15.22
27.56 15.18
27.56 15.13
27.56 15.17
27.56 15.19
27.56 15.1
27.56 15.26
27.56 15.25
27.56 15.19
27.56 15.24
27.56 15.12
27.56 15.18
27.56 15.18
27.56 15.15
27.56 15.2
27.56 15.27
27.56 15.22
28.7 15.2
27.56 15.26
27.56 15.18
28.7 15.11
27.56 15.24
27.56 15.25
28.7 15.23
27.56 15.19
27.56 15.21
27.56 15.22
27.56 15.19
28.7 15.21
27.56 15.23
27.56 15.22
27.56 15.18
27.56 15.17
27.56 15.22
28.7 15.14
27.56 15.17
27.56 15.16
28.7 15.23
27.56 15.23
27.56 15.24
28.7 15.2
28.7 15.2
27.56 15.08
27.56 15.16
27.56 15.16
27.56 15.03
28.7 15.22
28.7 15.16
27.56 15.17
27.56 15.18
27.56 15.1
27.56 15.14
27.56 15.26
27.56 15.18
27.56 15.24
27.56 15.24
28.7 15.24
27.56 15.14
27.56 15.19
28.7 15.16
27.56 15.09
27.56 15.25
27.56 15.1
27.56 15.25
28.7 15.24
27.56 15.08
28.7 15.21
28.7 15.09
27.56 15.19
27.56 15.11
27.56 15.22
27.56 15.23
27.56 15.12
27.56 15.19
27.56 15.08
27.56 15.08
27.56 15.17
27.56 15.15
28.7 15.22
28.7 15.25
27.56 15.25
27.56 15.09
27.56 15.12
28.7 15.17
27.56 15.16
27.56 15.19
27.56 15.19
27.56 15.12
28.7 15.19
27.56 15.17
28.7 15.18
27.56 15.13
28.7 15.17
28.7 15.16
27.56 15.24
27.56 15.18
28.7 15.21
28.7 15.16
28.7 15.13
27.56 15.18
27.56 15.16
27.56 15.23
27.56 15.16
28.7 15.17
27.56 15.18
27.56 15.2
28.7 15.11
27.56 15.07
27.56 15.18
28.7 15.13
27.56 15.07
28.7 15.16
28.7 15.11
28.7 15.11
27.56 15.18
27.56 15.18
27.56 15.13
27.56 15.09
28.7 15.12
28.7 15.12
28.7 15.2
28.7 15.15
28.7 15.22
28.7 15.23
27.56 15.11
27.56 15.12
27.56 15.14
27.56 15.19
28.7 15.22
27.56 15.21
27.56 15.15
27.56 15.08
28.7 15.16
27.56 15.14
28.7 15.25
27.56 15.16
28.7 15.21
28.7 15.13
28.7 15.13
28.7 15.06
28.7 15.08
27.56 15.11
27.56 15.16
27.56 15.15
27.56 15.08
28.7 15.17
27.56 15.09
28.7 15.09
27.56 15.24
28.7 15.16
27.56 15.08
27.56 15.07
28.7 15.07
28.7 15.2
28.7 15.17
27.56 15.11
28.7 15.12
28.7 15.22
28.7 15.1
28.7 15.19
28.7 15.12
27.56 15.12
27.56 15.14
28.7 15.14
28.7 15.15
27.56 15.12
28.7 15.13
27.56 15.13
28.7 15.21
27.56 15.14
28.7 15.18
27.56 15.13
28.7 15.09
28.7 15.16
27.56 15.02
27.56 15.16
27.56 15.18
28.7 15.17
27.56 15.05
29.84 15.15
28.7 15.07
27.56 15.06
27.56 15.17
27.56 15.22
28.7 15.1
27.56 15.18
27.56 15.07
28.7 15.13
28.7 15.12
27.56 15.04
28.7 15.07
28.7 15.22
27.56 15.12
28.7 15.1
27.56 15.12
28.7 15.16
28.7 15.11
27.56 15.1
27.56 15.15
28.7 15.03
28.7 15.09
28.7 15.15
28.7 15.08
28.7 15.14
28.7 15.02
28.7 15.14
27.56 15.12
28.7 15.06
28.7 15.13
28.7 15.12
27.56 15.03
28.7 15.09
28.7 15.15
28.7 15.07
28.7 15.11
28.7 15.12
27.56 15.05
27.56 15.05
27.56 15.12
28.7 15.12
28.7 15.08
28.7 15.12
28.7 15.17
28.7 15.17
28.7 15.14
28.7 15.13
28.7 15.07
28.7 15.1
28.7 15.17
27.56 15.12
28.7 15.12
28.7 15.05
28.7 15.13
28.7 15.19
28.7 15.09
27.56 15.1
28.7 15.12
27.56 15.11
28.7 15.02
28.7 15.14
28.7 15.06
28.7 15.26
28.7 15.18
28.7 15.04
27.56 15.08
27.56 15.1
28.7 15.06
28.7 15.14
29.84 15.14
27.56 15.02
28.7 15.15
28.7 15.04
28.7 15.14
28.7 15.17
27.56 15.09
28.7 15.1
28.7 15.1
27.56 15.19
28.7 15.12
27.56 15.12
28.7 15.12
28.7 15.14
28.7 15.22
27.56 15.1
28.7 14.97
28.7 15.05
28.7 15.08
28.7 15.04
28.7 15.04
28.7 15.12
28.7 15.12
27.56 15.06
28.7 15.12
28.7 15.14
28.7 15.16
27.56 15.14
28.7 15.09
28.7 15.09
28.7 15.1
28.7 15.16
28.7 15.03
28.7 15.04
27.56 15.12
28.7 15.1
28.7 15.12
28.7 15.11
28.7 15.1
28.7 15.19
28.7 15.1
28.7 15.1
28.7 15.05
27.56 15.16
28.7 15.16
28.7 15.16
28.7 15.09
28.7 14.99
28.7 15.06
28.7 15.16
28.7 15.07
28.7 15.13
27.56 15.03
28.7 15.1
27.56 15.03
28.7 15.02
29.84 15.11
28.7 15.04
28.7 15.07
28.7 15.05
28.7 15.19
27.56 15.03
28.7 15.17
28.7 15.04
28.7 15.1
28.7 15.16
28.7 14.97
29.84 15.1
28.7 15.14
28.7 15.07
28.7 15.07
28.7 15.19
28.7 15.16
28.7 15.02
28.7 15.14
28.7 15.16
28.7 15.01
28.7 15.02
28.7 15.14
28.7 14.99
28.7 15.08
29.84 15.17
29.84 15.09
28.7 15.1
28.7 14.95
28.7 15.02
28.7 15.06
28.7 15.11
28.7 15.08
28.7 15.05
28.7 15.11
28.7 15.1
27.56 15.12
29.84 15.11
28.7 15.08
29.84 15.04
28.7 14.97
28.7 15.12
28.7 15.02
28.7 15.06
29.84 15.06
28.7 15.01
28.7 15.09
28.7 15.07
28.7 15.07
28.7 15.1
28.7 15.11
28.7 15.09
28.7 15.04
28.7 15.09
28.7 15.04
28.7 15.0
28.7 15.04
28.7 15.03
28.7 15.03
28.7 15.1
29.84 15.1
29.84 15.02
28.7 15.03
28.7 15.07
28.7 15.06
28.7 15.06
28.7 15.07
28.7 14.98
28.7 15.06
29.84 15.02
28.7 15.04
28.7 15.08
28.7 15.06
28.7 15.09
27.56 15.16
28.7 14.97
28.7 15.06
27.56 15.08
28.7 15.09
27.56 15.04
28.7 15.11
28.7 15.06
27.56 15.03
28.7 14.96
28.7 15.0
28.7 15.05
28.7 14.97
28.7 15.06
28.7 15.02
29.84 15.04
28.7 15.01
28.7 15.03
28.7 14.99
28.7 15.1
28.7 14.99
28.7 14.97
28.7 15.01
28.7 15.03
27.56 15.06
28.7 15.14
28.7 15.09
28.7 15.12
29.84 15.1
28.7 15.06
28.7 15.04
28.7 15.01
28.7 15.03
27.56 15.03
27.56 15.01
28.7 14.95
29.84 15.11
29.84 15.03
28.7 15.19
28.7 15.09
28.7 15.05
27.56 15.08
28.7 15.08
28.7 15.05
28.7 15.1
28.7 15.1
28.7 15.11
28.7 15.11
28.7 15.04
28.7 15.1
28.7 15.09
28.7 15.1
28.7 15.09
28.7 14.97
28.7 15.01
28.7 15.01
28.7 15.12
28.7 15.08
28.7 15.07
28.7 15.06
28.7 15.07
28.7 15.04
28.7 15.0
29.84 14.97
28.7 15.07
28.7 15.04
28.7 15.06
28.7 15.0
28.7 15.11
29.84 15.05
28.7 15.12
28.7 14.99
28.7 15.07
29.84 15.05
29.84 14.98
28.7 15.04
29.84 15.01
28.7 14.97
28.7 14.97
28.7 15.04
29.84 15.05
29.84 14.96
28.7 15.0
28.7 15.01
29.84 15.02
28.7 15.1
29.84 14.99
28.7 15.06
27.56 15.07
28.7 15.03
28.7 15.18
28.7 15.1
29.84 15.05
28.7 14.94
28.7 15.01
28.7 15.07
28.7 15.01
28.7 15.02
28.7 15.01
29.84 15.11
28.7 15.0
28.7 15.05
29.84 14.99
28.7 15.09
28.7 15.01
28.7 14.97
28.7 15.01
29.84 15.07
28.7 14.99
28.7 15.14
29.84 15.06
28.7 15.06
28.7 14.97
29.84 14.98
29.84 15.05
28.7 14.95
29.84 14.94
29.84 15.04
29.84 15.11
28.7 15.13
29.84 14.98
28.7 15.03
28.7 15.03
28.7 15.06
29.84 15.06
28.7 15.11
28.7 15.11
28.7 15.05
29.84 14.97
29.84 15.1
28.7 15.03
29.84 15.03
28.7 15.0
29.84 14.98
29.84 15.08
28.7 14.99
29.84 15.06
28.7 15.0
29.84 15.06
28.7 15.06
28.7 15.01
28.7 15.02
28.7 15.07
29.84 15.06
28.7 15.08
28.7 15.05
28.7 14.95
28.7 15.02
29.84 15.1
28.7 15.07
28.7 14.99
28.7 15.02
28.7 15.08
29.84 14.93
29.84 14.93
29.84 15.02
28.7 15.07
29.84 15.04
29.84 14.93
29.84 14.98
28.7 15.04
28.7 15.04
29.84 14.93
28.7 15.07
28.7 15.0
29.84 15.05
28.7 15.06
29.84 15.12
28.7 15.04
28.7 15.04
28.7 14.94
29.84 14.98
28.7 15.0
28.7 15.04
28.7 15.0
28.7 15.01
27.56 15.05
29.84 15.02
28.7 14.99
29.84 15.0
29.84 15.03
28.7 15.03
29.84 14.99
29.84 15.04
28.7 14.99
29.84 14.97
29.84 14.97
28.7 15.0
29.84 14.98
29.84 15.0
29.84 15.07
28.7 14.98
28.7 15.04
29.84 14.97
29.84 15.12
28.7 14.99
28.7 15.0
29.84 15.0
29.84 15.03
28.7 14.93
29.84 15.02
29.84 15.09
29.84 14.97
29.84 15.05
28.7 14.94
28.7 14.92
29.84 14.97
29.84 14.91
28.7 14.99
29.84 14.97
28.7 15.02
29.84 15.0
28.7 15.02
28.7 15.03
28.7 14.99
28.7 14.88
28.7 14.94
29.84 15.04
28.7 14.95
28.7 15.0
29.84 14.95
28.7 14.98
29.84 14.98
29.84 15.05
29.84 14.97
28.7 15.04
28.7 15.01
28.7 15.06
28.7 14.97
28.7 14.99
29.84 14.89
28.7 15.01
28.7 14.95
28.7 15.05
28.7 14.94
28.7 15.02
28.7 15.07
28.7 15.05
29.84 15.03
29.84 15.0
28.7 15.03
28.7 15.06
28.7 15.04
29.84 14.99
28.7 15.0
28.7 14.97
28.7 14.98
29.84 14.94
29.84 15.05
29.84 14.99
28.7 14.97
28.7 14.99
29.84 15.05
28.7 14.99
28.7 14.99
28.7 14.93
29.84 15.01
28.7 14.95
28.7 14.99
29.84 15.0
29.84 15.01
28.7 14.99
28.7 14.96
29.84 15.01
28.7 14.98
28.7 15.05
29.84 14.92
28.7 14.98
29.84 14.97
29.84 14.97
28.7 15.06
28.7 14.91
29.84 14.98
28.7 14.85
29.84 14.99
29.84 14.96
29.84 14.96
28.7 14.98
29.84 14.97
28.7 15.07
29.84 14.91
28.7 15.0
29.84 14.97
29.84 15.01
28.7 14.99
28.7 15.03
29.84 14.95
29.84 14.98
29.84 14.94
28.7 15.02
29.84 14.97
29.84 14.99
29.84 14.98
28.7 15.0
28.7 14.96
29.84 14.91
28.7 15.01
29.84 14.95
29.84 15.09
29.84 15.08
29.84 14.96
29.84 14.93
29.84 15.09
28.7 15.03
29.84 15.0
29.84 14.94
29.84 14.95
28.7 14.98
29.84 15.02
29.84 14.92
29.84 14.96
28.7 14.89
29.84 15.03
28.7 15.02
29.84 14.87
29.84 14.9
29.84 14.89
28.7 14.91
29.84 15.04
29.84 14.85
29.84 15.02
29.84 14.97
29.84 14.96
28.7 14.99
29.84 14.99
29.84 14.88
29.84 14.99
28.7 14.95
29.84 15.01
29.84 14.97
28.7 14.96
28.7 14.91
29.84 15.02
28.7 15.0
28.7 14.94
28.7 14.95
29.84 15.08
29.84 15.03
28.7 15.01
29.84 15.03
29.84 15.0
29.84 14.98
28.7 15.07
29.84 14.91
28.7 14.97
29.84 14.95
28.7 15.0
29.84 15.03
28.7 14.98
28.7 14.99
29.84 15.03
28.7 15.02
29.84 14.91
28.7 14.87
28.7 14.95
29.84 14.99
29.84 14.91
29.84 15.02
29.84 14.82
28.7 14.98
29.84 14.98
29.84 14.97
29.84 14.83
28.7 15.02
29.84 14.97
29.84 14.92
29.84 15.01
29.84 14.94
29.84 15.04
29.84 14.93
29.84 14.9
28.7 15.0
29.84 14.91
29.84 14.98
29.84 14.9
28.7 14.97
29.84 14.95
28.7 14.89
29.84 14.96
29.84 14.85
29.84 14.95
29.84 15.02
29.84 14.95
29.84 14.98
29.84 14.92
29.84 15.0
29.84 15.03
29.84 14.96
28.7 14.95
28.7 14.97
29.84 14.98
29.84 15.04
28.7 14.98
29.84 14.94
29.84 14.98
29.84 14.9
29.84 15.0
28.7 14.96
29.84 15.03
29.84 14.9
29.84 14.96
29.84 14.97
29.84 14.9
29.84 14.92
29.84 15.03
29.84 14.96
28.7 14.95
29.84 14.96
29.84 15.0
29.84 14.93
29.84 15.03
29.84 15.05
29.84 14.92
29.84 14.96
29.84 14.92
29.84 14.98
29.84 15.0
29.84 14.9
28.7 14.98
29.84 14.92
28.7 14.9
29.84 14.8
29.84 14.96
29.84 15.06
29.84 14.98
29.84 15.0
29.84 15.01
30.98 15.02
29.84 14.93
29.84 15.05
29.84 14.98
28.7 14.94
29.84 14.87
29.84 14.99
29.84 14.98
29.84 15.0
29.84 14.97
29.84 14.78
29.84 14.92
28.7 14.94
29.84 14.89
29.84 14.91
29.84 14.95
28.7 14.91
29.84 14.88
29.84 14.84
29.84 14.96
29.84 14.95
29.84 15.02
29.84 15.01
29.84 14.89
29.84 15.0
29.84 14.94
29.84 14.93
28.7 14.88
28.7 14.91
28.7 14.93
29.84 14.97
29.84 15.02
29.84 14.94
29.84 14.92
29.84 14.89
29.84 14.94
29.84 14.98
29.84 14.87
29.84 14.91
29.84 14.88
29.84 14.99
29.84 14.94
29.84 14.94
29.84 14.88
29.84 14.98
29.84 14.97
29.84 14.96
29.84 14.95
29.84 14.9
28.7 14.94
29.84 14.85
29.84 14.94
29.84 14.89
29.84 14.93
29.84 14.93
29.84 14.92
29.84 14.89
29.84 14.97
29.84 15.04
28.7 15.01
29.84 14.99
29.84 14.84
28.7 14.94
29.84 14.87
29.84 15.01
29.84 14.9
29.84 14.9
29.84 14.9
29.84 14.92
29.84 14.99
29.84 14.95
29.84 14.96
30.98 14.93
29.84 14.9
28.7 14.96
29.84 14.96
29.84 14.96
29.84 14.96
29.84 15.02
29.84 14.92
29.84 14.91
29.84 14.97
29.84 14.92
29.84 14.83
29.84 14.9
29.84 14.99
29.84 14.94
29.84 14.88
29.84 14.87
28.7 14.97
29.84 14.81
29.84 14.86
29.84 14.93
29.84 14.98
30.98 14.97
29.84 15.0
29.84 14.93
29.84 14.93
29.84 14.89
29.84 14.89
29.84 14.94
28.7 14.89
29.84 14.9
29.84 14.91
29.84 14.91
29.84 14.95
29.84 14.97
29.84 14.94
30.98 15.0
28.7 14.97
29.84 15.0
29.84 14.83
29.84 14.97
29.84 14.83
29.84 14.92
29.84 14.91
29.84 15.03
29.84 14.94
29.84 14.93
29.84 14.92
29.84 14.86
29.84 14.92
29.84 14.94
29.84 14.9
29.84 14.9
30.98 14.9
29.84 14.94
29.84 14.85
29.84 14.96
29.84 14.89
29.84 14.91
29.84 14.87
29.84 14.95
29.84 14.94
29.84 14.84
29.84 14.86
29.84 14.88
29.84 14.8
29.84 14.91
29.84 14.93
29.84 14.89
29.84 14.83
29.84 14.92
30.98 14.94
29.84 14.83
29.84 14.91
29.84 14.83
29.84 14.89
29.84 14.93
29.84 14.9
29.84 14.85
29.84 14.92
29.84 14.93
29.84 14.91
29.84 15.03
30.98 14.88
29.84 14.89
29.84 14.89
29.84 14.93
29.84 14.94
29.84 14.84
29.84 14.9
29.84 14.88
29.84 14.94
29.84 14.9
29.84 15.01
30.98 14.9
29.84 15.01
29.84 14.96
29.84 14.89
29.84 14.96
29.84 14.83
29.84 14.88
29.84 14.89
30.98 14.87
29.84 14.84
29.84 14.91
29.84 14.86
29.84 14.85
29.84 14.92
29.84 14.82
29.84 14.91
29.84 14.85
29.84 14.92
28.7 14.92
29.84 14.85
29.84 14.86
29.84 14.89
30.98 14.85
30.98 14.85
29.84 14.89
29.84 14.87
29.84 14.92
29.84 14.9
29.84 14.98
29.84 14.98
29.84 14.9
29.84 14.92
29.84 14.84
29.84 14.93
29.84 14.86
29.84 14.9
29.84 14.97
29.84 14.89
29.84 14.98
29.84 14.99
29.84 14.9
29.84 14.91
29.84 15.05
29.84 14.88
30.98 14.84
29.84 14.85
29.84 14.9
29.84 14.98
29.84 14.98
29.84 14.86
29.84 14.89
29.84 14.94
29.84 14.89
29.84 14.88
29.84 14.94
29.84 14.87
29.84 14.81
29.84 14.98
29.84 14.9
29.84 14.96
29.84 14.92
29.84 14.94
29.84 14.84
29.84 14.86
29.84 14.88
29.84 14.89
29.84 14.84
29.84 14.86
29.84 14.85
29.84 14.99
29.84 14.89
29.84 14.87
29.84 14.97
29.84 14.86
30.98 14.9
30.98 14.96
29.84 14.88
29.84 14.84
29.84 14.87
29.84 14.96
29.84 14.93
29.84 14.81
29.84 14.83
29.84 15.0
29.84 14.9
29.84 14.84
29.84 14.93
29.84 14.87
29.84 14.94
29.84 14.95
29.84 14.98
30.98 15.01
29.84 14.87
29.84 14.86
30.98 14.9
30.98 14.9
29.84 14.88
30.98 14.92
29.84 14.83
29.84 14.85
29.84 14.87
29.84 14.97
29.84 14.85
29.84 14.95
29.84 14.95
29.84 14.89
30.98 14.89
29.84 14.88
30.98 14.9
29.84 14.88
30.98 14.91
29.84 14.79
29.84 14.81
29.84 14.9
29.84 14.93
29.84 14.9
30.98 14.97
29.84 14.9
29.84 14.74
29.84 14.9
29.84 14.94
29.84 14.91
29.84 14.91
29.84 14.84
29.84 14.9
29.84 14.88
29.84 14.94
30.98 14.83
29.84 14.88
30.98 14.87
29.84 14.87
29.84 14.81
29.84 14.89
29.84 14.9
30.98 14.85
29.84 14.97
29.84 14.94
29.84 14.79
30.98 14.88
29.84 14.84
29.84 14.71
29.84 14.88
29.84 14.81
29.84 14.82
29.84 14.97
30.98 14.79
29.84 14.91
29.84 14.92
29.84 14.9
29.84 14.84
30.98 14.88
29.84 14.86
29.84 14.71
29.84 14.91
30.98 14.83
30.98 14.84
30.98 14.9
29.84 14.83
29.84 14.88
29.84 14.85
29.84 14.89
29.84 14.83
29.84 14.87
30.98 14.95
30.98 14.89
29.84 14.9
29.84 14.82
30.98 14.84
30.98 14.88
29.84 14.86
29.84 14.91
30.98 14.89
30.98 14.84
29.84 14.94
29.84 14.87
30.98 14.93
30.98 14.85
30.98 14.96
29.84 14.95
30.98 14.8
29.84 14.89
30.98 14.79
29.84 14.86
29.84 14.81
30.98 14.97
29.84 14.91
30.98 14.92
29.84 14.86
30.98 14.86
29.84 14.86
30.98 14.9
30.98 14.85
29.84 14.79
30.98 14.91
30.98 14.92
30.98 14.8
30.98 14.89
29.84 14.88
29.84 14.91
30.98 14.83
29.84 14.88
30.98 14.76
30.98 14.84
29.84 14.87
29.84 14.86
30.98 14.82
29.84 14.93
29.84 14.9
29.84 14.94
29.84 14.96
30.98 14.84
29.84 14.86
30.98 14.91
29.84 14.84
30.98 14.88
30.98 14.96
30.98 14.73
30.98 14.81
29.84 14.97
30.98 14.88
30.98 14.71
29.84 14.92
29.84 14.8
29.84 14.97
29.84 14.76
30.98 14.87
29.84 14.85
30.98 14.85
29.84 14.85
29.84 14.82
29.84 14.77
30.98 14.86
29.84 14.8
29.84 14.93
30.98 14.83
29.84 14.85
29.84 14.88
29.84 14.88
29.84 14.87
30.98 14.95
30.98 14.94
29.84 14.87
29.84 14.93
29.84 14.87
29.84 14.88
30.98 14.86
29.84 14.92
29.84 14.88
30.98 14.87
30.98 14.81
