24.14 16.78
25.28 16.74
25.28 16.74
25.28 16.74
26.42 16.8
25.28 16.69
25.28 16.71
26.42 16.72
26.42 16.67
26.42 16.63
26.42 16.62
26.42 16.72
26.42 16.64
26.42 16.53
26.42 16.63
26.42 16.62
26.42 16.59
26.42 16.59
27.56 16.45
26.42 16.49
26.42 16.53
27.56 16.56
27.56 16.44
26.42 16.46
26.42 16.45
26.42 16.46
26.42 16.44
27.56 16.44
27.56 16.48
27.56 16.48
27.56 16.38
27.56 16.53
27.56 16.33
27.56 16.39
27.56 16.4
27.56 16.38
28.7 16.38
28.7 16.45
27.56 16.34
28.7 16.42
27.56 16.43
27.56 16.36
28.7 16.45
27.56 16.42
27.56 16.33
28.7 16.35
28.7 16.32
28.7 16.34
28.7 16.34
28.7 16.35
28.7 16.42
28.7 16.27
28.7 16.4
28.7 16.32
28.7 16.38
28.7 16.28
28.7 16.3
28.7 16.22
28.7 16.23
28.7 16.21
28.7 16.34
28.7 16.3
28.7 16.34
28.7 16.28
28.7 16.32
28.7 16.29
28.7 16.32
28.7 16.24
28.7 16.26
28.7 16.25
28.7 16.26
27.56 16.19
29.84 16.29
28.7 16.21
29.84 16.19
28.7 16.27
28.7 16.24
28.7 16.16
28.7 16.24
28.7 16.22
29.84 16.25
28.7 16.17
28.7 16.21
29.84 16.17
28.7 16.25
28.7 16.22
29.84 16.1
29.84 16.17
28.7 16.1
28.7 16.15
28.7 16.16
28.7 16.14
29.84 16.17
28.7 16.18
29.84 16.13
29.84 16.13
28.7 16.12
28.7 16.16
29.84 16.1
29.84 16.18
29.84 16.17
29.84 16.17
29.84 16.04
29.84 16.06
28.7 16.01
29.84 16.08
29.84 16.07
29.84 16.06
29.84 16.16
29.84 16.05
29.84 16.06
28.7 16.13
29.84 16.12
29.84 16.05
29.84 16.01
30.98 16.03
29.84 15.99
29.84 16.1
29.84 16.05
29.84 15.98
29.84 16.07
29.84 16.06
29.84 16.02
30.98 16.05
29.84 16.0
29.84 16.0
29.84 15.95
29.84 16.0
29.84 16.0
29.84 15.9
29.84 15.94
29.84 15.91
29.84 15.96
29.84 15.96
29.84 16.02
29.84 15.98
29.84 15.95
30.98 15.95
30.98 15.97
29.84 15.96
29.84 15.92
29.84 15.92
29.84 16.0
30.98 16.0
29.84 15.89
29.84 15.87
30.98 15.84
30.98 15.92
29.84 15.99
30.98 15.93
30.98 15.94
30.98 15.84
30.98 15.9
29.84 15.89
30.98 15.86
30.98 15.89
29.84 15.9
30.98 15.93
30.98 15.89
29.84 15.92
30.98 15.8
30.98 15.82
30.98 15.85
30.98 15.82
30.98 15.84
32.12 15.88
32.12 15.89
30.98 15.84
30.98 15.79
30.98 15.8
30.98 15.83
30.98 15.87
32.12 15.88
30.98 15.77
30.98 15.79
30.98 15.82
30.98 15.86
30.98 15.83
30.98 15.75
30.98 15.87
30.98 15.84
30.98 15.87
30.98 15.89
30.98 15.75
30.98 15.78
30.98 15.81
30.98 15.81
30.98 15.78
30.98 15.89
30.98 15.81
30.98 15.75
30.98 15.78
32.12 15.73
30.98 15.79
30.98 15.76
30.98 15.78
30.98 15.81
30.98 15.74
30.98 15.77
30.98 15.73
30.98 15.84
30.98 15.79
30.98 15.71
32.12 15.74
32.12 15.75
32.12 15.74
30.98 15.65
30.98 15.7
30.98 15.79
32.12 15.71
30.98 15.68
32.12 15.73
30.98 15.75
30.98 15.65
32.12 15.7
32.12 15.69
32.12 15.71
32.12 15.63
30.98 15.76
32.12 15.7
32.12 15.67
32.12 15.69
32.12 15.7
32.12 15.65
32.12 15.64
32.12 15.68
32.12 15.69
32.12 15.77
32.12 15.65
32.12 15.68
32.12 15.71
32.12 15.68
32.12 15.63
32.12 15.72
32.12 15.67
32.12 15.67
32.12 15.61
32.12 15.66
30.98 15.59
32.12 15.58
32.12 15.56
32.12 15.65
32.12 15.62
30.98 15.64
32.12 15.57
32.12 15.62
33.26 15.58
32.12 15.59
32.12 15.56
32.12 15.6
32.12 15.61
32.12 15.52
32.12 15.61
32.12 15.59
32.12 15.53
33.26 15.6
32.12 15.62
32.12 15.55
32.12 15.63
32.12 15.57
32.12 15.5
32.12 15.53
32.12 15.6
32.12 15.6
32.12 15.48
32.12 15.55
32.12 15.57
32.12 15.54
32.12 15.61
33.26 15.58
32.12 15.6
33.26 15.61
33.26 15.5
32.12 15.55
32.12 15.49
32.12 15.53
32.12 15.55
33.26 15.5
33.26 15.51
33.26 15.52
32.12 15.56
32.12 15.45
32.12 15.56
32.12 15.52
32.12 15.47
32.12 15.44
32.12 15.48
32.12 15.56
32.12 15.48
32.12 15.46
33.26 15.44
32.12 15.5
33.26 15.49
32.12 15.48
33.26 15.52
32.12 15.51
33.26 15.54
32.12 15.46
33.26 15.43
33.26 15.46
33.26 15.52
32.12 15.49
33.26 15.42
33.26 15.53
33.26 15.47
33.26 15.46
33.26 15.45
32.12 15.47
32.12 15.46
33.26 15.47
32.12 15.43
33.26 15.43
32.12 15.5
33.26 15.48
32.12 15.44
32.12 15.35
33.26 15.44
33.26 15.35
33.26 15.36
32.12 15.38
33.26 15.43
33.26 15.45
33.26 15.41
33.26 15.37
34.4 15.49
33.26 15.41
33.26 15.4
33.26 15.36
33.26 15.44
33.26 15.36
33.26 15.4
33.26 15.36
33.26 15.33
33.26 15.42
33.26 15.47
33.26 15.42
32.12 15.41
33.26 15.34
33.26 15.38
33.26 15.32
33.26 15.25
33.26 15.4
33.26 15.42
34.4 15.34
34.4 15.33
33.26 15.31
34.4 15.32
33.26 15.32
