23.0 17.06
23.0 16.95
23.0 17.02
24.14 16.91
24.14 16.93
25.28 16.96
25.28 16.99
25.28 17.04
25.28 16.85
24.14 16.91
25.28 16.83
24.14 16.91
24.14 16.82
24.14 16.85
25.28 16.75
25.28 16.82
24.14 16.74
25.28 16.68
25.28 16.78
25.28 16.78
25.28 16.71
25.28 16.75
25.28 16.82
25.28 16.82
25.28 16.66
25.28 16.64
25.28 16.5
25.28 16.64
26.42 16.7
26.42 16.49
25.28 16.75
26.42 16.54
26.42 16.59
26.42 16.72
26.42 16.66
26.42 16.59
27.56 16.47
26.42 16.41
26.42 16.63
26.42 16.49
27.56 16.61
27.56 16.5
26.42 16.54
27.56 16.54
26.42 16.52
27.56 16.44
26.42 16.52
27.56 16.62
27.56 16.37
26.42 16.47
26.42 16.47
27.56 16.41
27.56 16.48
27.56 16.48
27.56 16.38
27.56 16.42
