51.5 484660.0
51.5 484680.0
51.5 484700.0
50.36 484720.0
50.36 484740.0
51.5 484760.0
51.5 484780.0
51.5 484800.0
51.5 484820.0
51.5 484840.0
51.5 484860.0
51.5 484880.0
51.5 484900.0
52.64 484920.0
51.5 484940.0
51.5 484960.0
50.36 484980.0
51.5 485000.0
51.5 485020.0
51.5 485040.0
51.5 485060.0
51.5 485080.0
51.5 485100.0
51.5 485120.0
51.5 485140.0
51.5 485160.0
51.5 485180.0
51.5 485200.0
51.5 485220.0
51.5 485240.0
51.5 485260.0
51.5 485280.0
51.5 485300.0
51.5 485320.0
51.5 485340.0
51.5 485360.0
51.5 485380.0
51.5 485400.0
50.36 485420.0
51.5 485440.0
51.5 485460.0
51.5 485480.0
51.5 485500.0
50.36 485520.0
51.5 485540.0
51.5 485560.0
51.5 485580.0
51.5 485600.0
51.5 485620.0
50.36 485640.0
51.5 485660.0
51.5 485680.0
51.5 485700.0
50.36 485720.0
51.5 485740.0
51.5 485760.0
51.5 485780.0
51.5 485800.0
51.5 485820.0
51.5 485840.0
50.36 485860.0
51.5 485880.0
51.5 485900.0
51.5 485920.0
51.5 485940.0
51.5 485960.0
51.5 485980.0
51.5 486000.0
51.5 486020.0
51.5 486040.0
51.5 486060.0
51.5 486080.0
51.5 486100.0
51.5 486120.0
52.64 486140.0
51.5 486160.0
51.5 486180.0
52.64 486200.0
51.5 486220.0
51.5 486240.0
51.5 486260.0
51.5 486280.0
51.5 486300.0
51.5 486320.0
51.5 486340.0
51.5 486360.0
51.5 486380.0
51.5 486400.0
51.5 486420.0
51.5 486440.0
51.5 486460.0
51.5 486480.0
51.5 486500.0
51.5 486520.0
51.5 486540.0
51.5 486560.0
51.5 486580.0
51.5 486600.0
50.36 486620.0
51.5 486640.0
51.5 486660.0
51.5 486680.0
51.5 486700.0
51.5 486720.0
51.5 486740.0
51.5 486760.0
51.5 486780.0
51.5 486800.0
51.5 486820.0
51.5 486840.0
51.5 486860.0
51.5 486880.0
51.5 486900.0
51.5 486920.0
51.5 486940.0
51.5 486960.0
51.5 486980.0
50.36 487000.0
51.5 487020.0
51.5 487040.0
51.5 487060.0
51.5 487080.0
51.5 487100.0
51.5 487120.0
51.5 487140.0
51.5 487160.0
50.36 487180.0
51.5 487200.0
51.5 487220.0
51.5 487240.0
51.5 487260.0
51.5 487280.0
51.5 487300.0
51.5 487320.0
51.5 487340.0
51.5 487360.0
50.36 487380.0
51.5 487400.0
51.5 487420.0
51.5 487440.0
51.5 487460.0
51.5 487480.0
51.5 487500.0
51.5 487520.0
51.5 487540.0
51.5 487560.0
51.5 487580.0
51.5 487600.0
51.5 487620.0
51.5 487640.0
51.5 487660.0
51.5 487680.0
51.5 487700.0
51.5 487720.0
51.5 487740.0
51.5 487760.0
51.5 487780.0
51.5 487800.0
51.5 487820.0
51.5 487840.0
51.5 487860.0
51.5 487880.0
51.5 487900.0
51.5 487920.0
51.5 487940.0
51.5 487960.0
51.5 487980.0
51.5 488000.0
51.5 488020.0
51.5 488040.0
51.5 488060.0
51.5 488080.0
51.5 488100.0
51.5 488120.0
51.5 488140.0
51.5 488160.0
51.5 488180.0
51.5 488200.0
51.5 488220.0
51.5 488240.0
51.5 488260.0
51.5 488280.0
51.5 488300.0
51.5 488320.0
51.5 488340.0
51.5 488360.0
51.5 488380.0
51.5 488400.0
51.5 488420.0
50.36 488440.0
51.5 488460.0
51.5 488480.0
52.64 488500.0
51.5 488520.0
51.5 488540.0
51.5 488560.0
51.5 488580.0
51.5 488600.0
51.5 488620.0
51.5 488640.0
51.5 488660.0
52.64 488680.0
51.5 488700.0
51.5 488720.0
51.5 488740.0
51.5 488760.0
51.5 488780.0
50.36 488800.0
51.5 488820.0
51.5 488840.0
51.5 488860.0
51.5 488880.0
51.5 488900.0
51.5 488920.0
51.5 488940.0
51.5 488960.0
51.5 488980.0
51.5 489000.0
51.5 489020.0
51.5 489040.0
51.5 489060.0
51.5 489080.0
51.5 489100.0
51.5 489120.0
51.5 489140.0
51.5 489160.0
51.5 489180.0
51.5 489200.0
51.5 489220.0
51.5 489240.0
51.5 489260.0
51.5 489280.0
51.5 489300.0
51.5 489320.0
51.5 489340.0
51.5 489360.0
50.36 489380.0
51.5 489400.0
51.5 489420.0
51.5 489440.0
51.5 489460.0
51.5 489480.0
51.5 489500.0
51.5 489520.0
51.5 489540.0
51.5 489560.0
51.5 489580.0
52.64 489600.0
51.5 489620.0
51.5 489640.0
51.5 489660.0
51.5 489680.0
51.5 489700.0
51.5 489720.0
51.5 489740.0
51.5 489760.0
51.5 489780.0
51.5 489800.0
51.5 489820.0
51.5 489840.0
50.36 489860.0
51.5 489880.0
51.5 489900.0
51.5 489920.0
51.5 489940.0
51.5 489960.0
51.5 489980.0
51.5 490000.0
51.5 490020.0
51.5 490040.0
51.5 490060.0
51.5 490080.0
51.5 490100.0
51.5 490120.0
52.64 490140.0
51.5 490160.0
51.5 490180.0
51.5 490200.0
51.5 490220.0
51.5 490240.0
51.5 490260.0
51.5 490280.0
51.5 490300.0
51.5 490320.0
51.5 490340.0
51.5 490360.0
51.5 490380.0
51.5 490400.0
51.5 490420.0
51.5 490440.0
50.36 490460.0
51.5 490480.0
52.64 490500.0
51.5 490520.0
51.5 490540.0
51.5 490560.0
51.5 490580.0
51.5 490600.0
50.36 490620.0
51.5 490640.0
51.5 490660.0
51.5 490680.0
51.5 490700.0
51.5 490720.0
51.5 490740.0
51.5 490760.0
51.5 490780.0
51.5 490800.0
51.5 490820.0
51.5 490840.0
51.5 490860.0
51.5 490880.0
50.36 490900.0
51.5 490920.0
51.5 490940.0
51.5 490960.0
51.5 490980.0
51.5 491000.0
51.5 491020.0
51.5 491040.0
51.5 491060.0
51.5 491080.0
51.5 491100.0
51.5 491120.0
51.5 491140.0
51.5 491160.0
51.5 491180.0
51.5 491200.0
51.5 491220.0
51.5 491240.0
51.5 491260.0
51.5 491280.0
51.5 491300.0
51.5 491320.0
51.5 491340.0
51.5 491360.0
51.5 491380.0
51.5 491400.0
51.5 491420.0
51.5 491440.0
51.5 491460.0
51.5 491480.0
51.5 491500.0
51.5 491520.0
51.5 491540.0
51.5 491560.0
51.5 491580.0
51.5 491600.0
51.5 491620.0
51.5 491640.0
51.5 491660.0
51.5 491680.0
51.5 491700.0
51.5 491720.0
51.5 491740.0
51.5 491760.0
51.5 491780.0
51.5 491800.0
51.5 491820.0
51.5 491840.0
51.5 491860.0
51.5 491880.0
51.5 491900.0
50.36 491920.0
50.36 491940.0
51.5 491960.0
51.5 491980.0
51.5 492000.0
51.5 492020.0
51.5 492040.0
51.5 492060.0
51.5 492080.0
51.5 492100.0
51.5 492120.0
51.5 492140.0
51.5 492160.0
51.5 492180.0
51.5 492200.0
51.5 492220.0
51.5 492240.0
51.5 492260.0
51.5 492280.0
52.64 492300.0
51.5 492320.0
51.5 492340.0
51.5 492360.0
51.5 492380.0
51.5 492400.0
50.36 492420.0
51.5 492440.0
51.5 492460.0
51.5 492480.0
51.5 492500.0
51.5 492520.0
51.5 492540.0
51.5 492560.0
51.5 492580.0
51.5 492600.0
51.5 492620.0
51.5 492640.0
51.5 492660.0
51.5 492680.0
51.5 492700.0
51.5 492720.0
51.5 492740.0
51.5 492760.0
50.36 492780.0
51.5 492800.0
51.5 492820.0
51.5 492840.0
51.5 492860.0
51.5 492880.0
51.5 492900.0
51.5 492920.0
51.5 492940.0
51.5 492960.0
51.5 492980.0
51.5 493000.0
51.5 493020.0
51.5 493040.0
51.5 493060.0
51.5 493080.0
51.5 493100.0
51.5 493120.0
51.5 493140.0
51.5 493160.0
51.5 493180.0
51.5 493200.0
51.5 493220.0
51.5 493240.0
50.36 493260.0
51.5 493280.0
51.5 493300.0
51.5 493320.0
51.5 493340.0
51.5 493360.0
51.5 493380.0
51.5 493400.0
50.36 493420.0
51.5 493440.0
51.5 493460.0
51.5 493480.0
51.5 493500.0
51.5 493520.0
50.36 493540.0
51.5 493560.0
51.5 493580.0
51.5 493600.0
51.5 493620.0
50.36 493640.0
51.5 493660.0
51.5 493680.0
51.5 493700.0
51.5 493720.0
51.5 493740.0
51.5 493760.0
51.5 493780.0
51.5 493800.0
51.5 493820.0
51.5 493840.0
51.5 493860.0
51.5 493880.0
51.5 493900.0
51.5 493920.0
51.5 493940.0
51.5 493960.0
51.5 493980.0
51.5 494000.0
51.5 494020.0
51.5 494040.0
51.5 494060.0
51.5 494080.0
52.64 494100.0
51.5 494120.0
51.5 494140.0
51.5 494160.0
51.5 494180.0
51.5 494200.0
51.5 494220.0
51.5 494240.0
51.5 494260.0
51.5 494280.0
51.5 494300.0
51.5 494320.0
51.5 494340.0
51.5 494360.0
51.5 494380.0
50.36 494400.0
51.5 494420.0
51.5 494440.0
51.5 494460.0
51.5 494480.0
51.5 494500.0
51.5 494520.0
51.5 494540.0
51.5 494560.0
51.5 494580.0
51.5 494600.0
52.64 494620.0
51.5 494640.0
51.5 494660.0
51.5 494680.0
52.64 494700.0
51.5 494720.0
51.5 494740.0
51.5 494760.0
51.5 494780.0
51.5 494800.0
51.5 494820.0
51.5 494840.0
51.5 494860.0
51.5 494880.0
51.5 494900.0
51.5 494920.0
51.5 494940.0
51.5 494960.0
51.5 494980.0
51.5 495000.0
50.36 495020.0
51.5 495040.0
51.5 495060.0
51.5 495080.0
51.5 495100.0
51.5 495120.0
51.5 495140.0
51.5 495160.0
51.5 495180.0
51.5 495200.0
51.5 495220.0
51.5 495240.0
51.5 495260.0
51.5 495280.0
51.5 495300.0
51.5 495320.0
51.5 495340.0
51.5 495360.0
51.5 495380.0
51.5 495400.0
51.5 495420.0
51.5 495440.0
51.5 495460.0
51.5 495480.0
51.5 495500.0
51.5 495520.0
51.5 495540.0
51.5 495560.0
51.5 495580.0
51.5 495600.0
51.5 495620.0
51.5 495640.0
51.5 495660.0
51.5 495680.0
51.5 495700.0
51.5 495720.0
50.36 495740.0
51.5 495760.0
51.5 495780.0
51.5 495800.0
51.5 495820.0
51.5 495840.0
51.5 495860.0
51.5 495880.0
51.5 495900.0
51.5 495920.0
51.5 495940.0
50.36 495960.0
51.5 495980.0
51.5 496000.0
51.5 496020.0
51.5 496040.0
51.5 496060.0
51.5 496080.0
51.5 496100.0
51.5 496120.0
51.5 496140.0
52.64 496160.0
51.5 496180.0
51.5 496200.0
51.5 496220.0
51.5 496240.0
51.5 496260.0
51.5 496280.0
51.5 496300.0
51.5 496320.0
51.5 496340.0
51.5 496360.0
51.5 496380.0
51.5 496400.0
51.5 496420.0
51.5 496440.0
51.5 496460.0
51.5 496480.0
51.5 496500.0
51.5 496520.0
50.36 496540.0
51.5 496560.0
51.5 496580.0
51.5 496600.0
51.5 496620.0
51.5 496640.0
51.5 496660.0
51.5 496680.0
51.5 496700.0
50.36 496720.0
51.5 496740.0
51.5 496760.0
51.5 496780.0
51.5 496800.0
51.5 496820.0
51.5 496840.0
51.5 496860.0
51.5 496880.0
51.5 496900.0
51.5 496920.0
51.5 496940.0
51.5 496960.0
51.5 496980.0
51.5 497000.0
51.5 497020.0
51.5 497040.0
52.64 497060.0
51.5 497080.0
51.5 497100.0
51.5 497120.0
51.5 497140.0
51.5 497160.0
51.5 497180.0
51.5 497200.0
51.5 497220.0
51.5 497240.0
51.5 497260.0
51.5 497280.0
51.5 497300.0
51.5 497320.0
51.5 497340.0
51.5 497360.0
51.5 497380.0
51.5 497400.0
50.36 497420.0
51.5 497440.0
51.5 497460.0
51.5 497480.0
51.5 497500.0
51.5 497520.0
51.5 497540.0
51.5 497560.0
52.64 497580.0
51.5 497600.0
51.5 497620.0
52.64 497640.0
51.5 497660.0
51.5 497680.0
51.5 497700.0
51.5 497720.0
51.5 497740.0
51.5 497760.0
51.5 497780.0
51.5 497800.0
51.5 497820.0
51.5 497840.0
51.5 497860.0
51.5 497880.0
51.5 497900.0
51.5 497920.0
51.5 497940.0
51.5 497960.0
51.5 497980.0
51.5 498000.0
51.5 498020.0
51.5 498040.0
51.5 498060.0
51.5 498080.0
51.5 498100.0
51.5 498120.0
51.5 498140.0
51.5 498160.0
51.5 498180.0
51.5 498200.0
51.5 498220.0
51.5 498240.0
51.5 498260.0
51.5 498280.0
52.64 498300.0
51.5 498320.0
51.5 498340.0
51.5 498360.0
51.5 498380.0
51.5 498400.0
51.5 498420.0
51.5 498440.0
51.5 498460.0
51.5 498480.0
51.5 498500.0
50.36 498520.0
51.5 498540.0
51.5 498560.0
51.5 498580.0
51.5 498600.0
51.5 498620.0
51.5 498640.0
51.5 498660.0
51.5 498680.0
52.64 498700.0
52.64 498720.0
51.5 498740.0
51.5 498760.0
51.5 498780.0
52.64 498800.0
51.5 498820.0
51.5 498840.0
51.5 498860.0
51.5 498880.0
51.5 498900.0
51.5 498920.0
52.64 498940.0
51.5 498960.0
51.5 498980.0
51.5 499000.0
51.5 499020.0
51.5 499040.0
51.5 499060.0
51.5 499080.0
51.5 499100.0
51.5 499120.0
51.5 499140.0
51.5 499160.0
51.5 499180.0
51.5 499200.0
51.5 499220.0
51.5 499240.0
51.5 499260.0
51.5 499280.0
51.5 499300.0
51.5 499320.0
51.5 499340.0
51.5 499360.0
51.5 499380.0
51.5 499400.0
51.5 499420.0
51.5 499440.0
51.5 499460.0
51.5 499480.0
51.5 499500.0
51.5 499520.0
51.5 499540.0
51.5 499560.0
51.5 499580.0
51.5 499600.0
51.5 499620.0
51.5 499640.0
51.5 499660.0
51.5 499680.0
51.5 499700.0
51.5 499720.0
51.5 499740.0
51.5 499760.0
51.5 499780.0
51.5 499800.0
51.5 499820.0
51.5 499840.0
51.5 499860.0
51.5 499880.0
51.5 499900.0
51.5 499920.0
51.5 499940.0
51.5 499960.0
51.5 499980.0
51.5 500000.0
51.5 500020.0
51.5 500040.0
51.5 500060.0
51.5 500080.0
51.5 500100.0
51.5 500120.0
51.5 500140.0
51.5 500160.0
51.5 500180.0
51.5 500200.0
50.36 500220.0
51.5 500240.0
51.5 500260.0
51.5 500280.0
51.5 500300.0
51.5 500320.0
51.5 500340.0
51.5 500360.0
51.5 500380.0
51.5 500400.0
51.5 500420.0
51.5 500440.0
51.5 500460.0
51.5 500480.0
51.5 500500.0
51.5 500520.0
51.5 500540.0
51.5 500560.0
52.64 500580.0
51.5 500600.0
51.5 500620.0
52.64 500640.0
51.5 500660.0
51.5 500680.0
51.5 500700.0
51.5 500720.0
51.5 500740.0
50.36 500760.0
51.5 500780.0
51.5 500800.0
52.64 500820.0
52.64 500840.0
51.5 500860.0
52.64 500880.0
51.5 500900.0
51.5 500920.0
51.5 500940.0
51.5 500960.0
51.5 500980.0
51.5 501000.0
51.5 501020.0
51.5 501040.0
51.5 501060.0
51.5 501080.0
51.5 501100.0
51.5 501120.0
51.5 501140.0
51.5 501160.0
51.5 501180.0
51.5 501200.0
51.5 501220.0
51.5 501240.0
51.5 501260.0
51.5 501280.0
51.5 501300.0
51.5 501320.0
51.5 501340.0
50.36 501360.0
51.5 501380.0
51.5 501400.0
51.5 501420.0
51.5 501440.0
51.5 501460.0
51.5 501480.0
51.5 501500.0
51.5 501520.0
51.5 501540.0
51.5 501560.0
51.5 501580.0
51.5 501600.0
51.5 501620.0
51.5 501640.0
51.5 501660.0
51.5 501680.0
51.5 501700.0
51.5 501720.0
51.5 501740.0
52.64 501760.0
51.5 501780.0
51.5 501800.0
51.5 501820.0
51.5 501840.0
51.5 501860.0
51.5 501880.0
51.5 501900.0
51.5 501920.0
51.5 501940.0
51.5 501960.0
51.5 501980.0
51.5 502000.0
51.5 502020.0
51.5 502040.0
51.5 502060.0
51.5 502080.0
51.5 502100.0
51.5 502120.0
51.5 502140.0
51.5 502160.0
51.5 502180.0
51.5 502200.0
51.5 502220.0
51.5 502240.0
51.5 502260.0
51.5 502280.0
51.5 502300.0
51.5 502320.0
51.5 502340.0
51.5 502360.0
51.5 502380.0
51.5 502400.0
51.5 502420.0
51.5 502440.0
51.5 502460.0
51.5 502480.0
51.5 502500.0
51.5 502520.0
51.5 502540.0
51.5 502560.0
51.5 502580.0
51.5 502600.0
51.5 502620.0
51.5 502640.0
51.5 502660.0
51.5 502680.0
51.5 502700.0
50.36 502720.0
51.5 502740.0
51.5 502760.0
51.5 502780.0
51.5 502800.0
51.5 502820.0
51.5 502840.0
51.5 502860.0
51.5 502880.0
51.5 502900.0
51.5 502920.0
51.5 502940.0
51.5 502960.0
51.5 502980.0
51.5 503000.0
51.5 503020.0
51.5 503040.0
51.5 503060.0
51.5 503080.0
51.5 503100.0
51.5 503120.0
51.5 503140.0
51.5 503160.0
51.5 503180.0
51.5 503200.0
51.5 503220.0
51.5 503240.0
51.5 503260.0
51.5 503280.0
51.5 503300.0
51.5 503320.0
51.5 503340.0
51.5 503360.0
51.5 503380.0
51.5 503400.0
51.5 503420.0
51.5 503440.0
51.5 503460.0
51.5 503480.0
51.5 503500.0
51.5 503520.0
51.5 503540.0
51.5 503560.0
51.5 503580.0
51.5 503600.0
51.5 503620.0
51.5 503640.0
51.5 503660.0
51.5 503680.0
51.5 503700.0
51.5 503720.0
50.36 503740.0
51.5 503760.0
51.5 503780.0
51.5 503800.0
51.5 503820.0
51.5 503840.0
51.5 503860.0
51.5 503880.0
51.5 503900.0
51.5 503920.0
51.5 503940.0
51.5 503960.0
51.5 503980.0
51.5 504000.0
51.5 504020.0
51.5 504040.0
51.5 504060.0
50.36 504080.0
51.5 504100.0
51.5 504120.0
51.5 504140.0
51.5 504160.0
51.5 504180.0
51.5 504200.0
52.64 504220.0
51.5 504240.0
51.5 504260.0
51.5 504280.0
52.64 504300.0
51.5 504320.0
51.5 504340.0
51.5 504360.0
51.5 504380.0
51.5 504400.0
51.5 504420.0
51.5 504440.0
51.5 504460.0
51.5 504480.0
51.5 504500.0
51.5 504520.0
51.5 504540.0
52.64 504560.0
51.5 504580.0
51.5 504600.0
51.5 504620.0
50.36 504640.0
51.5 504660.0
51.5 504680.0
51.5 504700.0
51.5 504720.0
51.5 504740.0
51.5 504760.0
51.5 504780.0
50.36 504800.0
51.5 504820.0
51.5 504840.0
51.5 504860.0
51.5 504880.0
51.5 504900.0
51.5 504920.0
51.5 504940.0
51.5 504960.0
51.5 504980.0
51.5 505000.0
51.5 505020.0
51.5 505040.0
51.5 505060.0
51.5 505080.0
51.5 505100.0
51.5 505120.0
51.5 505140.0
51.5 505160.0
51.5 505180.0
51.5 505200.0
51.5 505220.0
51.5 505240.0
51.5 505260.0
51.5 505280.0
51.5 505300.0
51.5 505320.0
51.5 505340.0
50.36 505360.0
50.36 505380.0
51.5 505400.0
51.5 505420.0
51.5 505440.0
51.5 505460.0
51.5 505480.0
51.5 505500.0
51.5 505520.0
51.5 505540.0
51.5 505560.0
51.5 505580.0
52.64 505600.0
51.5 505620.0
51.5 505640.0
52.64 505660.0
51.5 505680.0
50.36 505700.0
51.5 505720.0
51.5 505740.0
51.5 505760.0
51.5 505780.0
51.5 505800.0
51.5 505820.0
51.5 505840.0
51.5 505860.0
51.5 505880.0
51.5 505900.0
51.5 505920.0
51.5 505940.0
51.5 505960.0
51.5 505980.0
51.5 506000.0
51.5 506020.0
51.5 506040.0
51.5 506060.0
51.5 506080.0
51.5 506100.0
51.5 506120.0
51.5 506140.0
51.5 506160.0
51.5 506180.0
51.5 506200.0
51.5 506220.0
51.5 506240.0
51.5 506260.0
50.36 506280.0
51.5 506300.0
51.5 506320.0
51.5 506340.0
51.5 506360.0
51.5 506380.0
51.5 506400.0
51.5 506420.0
51.5 506440.0
51.5 506460.0
51.5 506480.0
51.5 506500.0
51.5 506520.0
51.5 506540.0
51.5 506560.0
51.5 506580.0
51.5 506600.0
51.5 506620.0
51.5 506640.0
51.5 506660.0
51.5 506680.0
51.5 506700.0
51.5 506720.0
51.5 506740.0
51.5 506760.0
51.5 506780.0
51.5 506800.0
51.5 506820.0
51.5 506840.0
51.5 506860.0
51.5 506880.0
51.5 506900.0
51.5 506920.0
51.5 506940.0
51.5 506960.0
52.64 506980.0
51.5 507000.0
52.64 507020.0
51.5 507040.0
51.5 507060.0
51.5 507080.0
51.5 507100.0
51.5 507120.0
51.5 507140.0
51.5 507160.0
51.5 507180.0
51.5 507200.0
51.5 507220.0
51.5 507240.0
51.5 507260.0
51.5 507280.0
51.5 507300.0
51.5 507320.0
51.5 507340.0
51.5 507360.0
51.5 507380.0
51.5 507400.0
51.5 507420.0
51.5 507440.0
51.5 507460.0
51.5 507480.0
51.5 507500.0
51.5 507520.0
51.5 507540.0
51.5 507560.0
51.5 507580.0
50.36 507600.0
51.5 507620.0
51.5 507640.0
51.5 507660.0
51.5 507680.0
51.5 507700.0
51.5 507720.0
51.5 507740.0
51.5 507760.0
51.5 507780.0
51.5 507800.0
51.5 507820.0
51.5 507840.0
51.5 507860.0
51.5 507880.0
51.5 507900.0
51.5 507920.0
51.5 507940.0
51.5 507960.0
51.5 507980.0
51.5 508000.0
50.36 508020.0
51.5 508040.0
51.5 508060.0
51.5 508080.0
51.5 508100.0
51.5 508120.0
51.5 508140.0
51.5 508160.0
51.5 508180.0
51.5 508200.0
52.64 508220.0
51.5 508240.0
51.5 508260.0
51.5 508280.0
52.64 508300.0
52.64 508320.0
51.5 508340.0
51.5 508360.0
51.5 508380.0
51.5 508400.0
51.5 508420.0
51.5 508440.0
51.5 508460.0
51.5 508480.0
51.5 508500.0
51.5 508520.0
51.5 508540.0
51.5 508560.0
51.5 508580.0
51.5 508600.0
51.5 508620.0
51.5 508640.0
51.5 508660.0
51.5 508680.0
51.5 508700.0
51.5 508720.0
51.5 508740.0
51.5 508760.0
51.5 508780.0
51.5 508800.0
51.5 508820.0
51.5 508840.0
52.64 508860.0
51.5 508880.0
51.5 508900.0
51.5 508920.0
51.5 508940.0
51.5 508960.0
51.5 508980.0
51.5 509000.0
51.5 509020.0
51.5 509040.0
51.5 509060.0
51.5 509080.0
51.5 509100.0
51.5 509120.0
51.5 509140.0
51.5 509160.0
51.5 509180.0
51.5 509200.0
51.5 509220.0
51.5 509240.0
51.5 509260.0
51.5 509280.0
51.5 509300.0
51.5 509320.0
51.5 509340.0
50.36 509360.0
51.5 509380.0
51.5 509400.0
51.5 509420.0
51.5 509440.0
51.5 509460.0
51.5 509480.0
51.5 509500.0
51.5 509520.0
51.5 509540.0
51.5 509560.0
51.5 509580.0
51.5 509600.0
51.5 509620.0
51.5 509640.0
51.5 509660.0
51.5 509680.0
51.5 509700.0
51.5 509720.0
51.5 509740.0
51.5 509760.0
52.64 509780.0
51.5 509800.0
51.5 509820.0
51.5 509840.0
51.5 509860.0
51.5 509880.0
51.5 509900.0
51.5 509920.0
51.5 509940.0
51.5 509960.0
51.5 509980.0
51.5 510000.0
51.5 510020.0
51.5 510040.0
51.5 510060.0
51.5 510080.0
51.5 510100.0
51.5 510120.0
51.5 510140.0
51.5 510160.0
51.5 510180.0
51.5 510200.0
51.5 510220.0
51.5 510240.0
51.5 510260.0
51.5 510280.0
51.5 510300.0
51.5 510320.0
51.5 510340.0
51.5 510360.0
51.5 510380.0
51.5 510400.0
51.5 510420.0
51.5 510440.0
51.5 510460.0
52.64 510480.0
51.5 510500.0
51.5 510520.0
51.5 510540.0
51.5 510560.0
51.5 510580.0
51.5 510600.0
51.5 510620.0
50.36 510640.0
51.5 510660.0
51.5 510680.0
51.5 510700.0
51.5 510720.0
52.64 510740.0
51.5 510760.0
51.5 510780.0
51.5 510800.0
51.5 510820.0
51.5 510840.0
51.5 510860.0
51.5 510880.0
51.5 510900.0
51.5 510920.0
51.5 510940.0
51.5 510960.0
51.5 510980.0
50.36 511000.0
51.5 511020.0
51.5 511040.0
51.5 511060.0
51.5 511080.0
51.5 511100.0
51.5 511120.0
51.5 511140.0
51.5 511160.0
51.5 511180.0
51.5 511200.0
51.5 511220.0
51.5 511240.0
51.5 511260.0
51.5 511280.0
51.5 511300.0
51.5 511320.0
51.5 511340.0
51.5 511360.0
51.5 511380.0
52.64 511400.0
51.5 511420.0
51.5 511440.0
51.5 511460.0
51.5 511480.0
51.5 511500.0
51.5 511520.0
51.5 511540.0
51.5 511560.0
51.5 511580.0
51.5 511600.0
51.5 511620.0
51.5 511640.0
51.5 511660.0
51.5 511680.0
51.5 511700.0
51.5 511720.0
51.5 511740.0
51.5 511760.0
51.5 511780.0
51.5 511800.0
52.64 511820.0
51.5 511840.0
51.5 511860.0
51.5 511880.0
51.5 511900.0
51.5 511920.0
52.64 511940.0
51.5 511960.0
51.5 511980.0
51.5 512000.0
51.5 512020.0
52.64 512040.0
51.5 512060.0
51.5 512080.0
51.5 512100.0
51.5 512120.0
51.5 512140.0
51.5 512160.0
51.5 512180.0
51.5 512200.0
52.64 512220.0
51.5 512240.0
51.5 512260.0
51.5 512280.0
51.5 512300.0
51.5 512320.0
51.5 512340.0
51.5 512360.0
51.5 512380.0
51.5 512400.0
51.5 512420.0
52.64 512440.0
51.5 512460.0
51.5 512480.0
51.5 512500.0
51.5 512520.0
51.5 512540.0
51.5 512560.0
51.5 512580.0
51.5 512600.0
51.5 512620.0
51.5 512640.0
51.5 512660.0
50.36 512680.0
51.5 512700.0
51.5 512720.0
51.5 512740.0
51.5 512760.0
51.5 512780.0
51.5 512800.0
50.36 512820.0
51.5 512840.0
51.5 512860.0
51.5 512880.0
52.64 512900.0
51.5 512920.0
52.64 512940.0
51.5 512960.0
50.36 512980.0
51.5 513000.0
51.5 513020.0
51.5 513040.0
51.5 513060.0
51.5 513080.0
51.5 513100.0
51.5 513120.0
52.64 513140.0
51.5 513160.0
51.5 513180.0
51.5 513200.0
51.5 513220.0
51.5 513240.0
51.5 513260.0
51.5 513280.0
51.5 513300.0
51.5 513320.0
51.5 513340.0
51.5 513360.0
