38.96 752240.0
37.82 752260.0
37.82 752280.0
37.82 752300.0
37.82 752320.0
38.96 752340.0
37.82 752360.0
37.82 752380.0
38.96 752400.0
37.82 752420.0
37.82 752440.0
37.82 752460.0
37.82 752480.0
37.82 752500.0
38.96 752520.0
37.82 752540.0
37.82 752560.0
37.82 752580.0
38.96 752600.0
37.82 752620.0
38.96 752640.0
37.82 752660.0
37.82 752680.0
37.82 752700.0
38.96 752720.0
38.96 752740.0
37.82 752760.0
37.82 752780.0
37.82 752800.0
37.82 752820.0
37.82 752840.0
37.82 752860.0
37.82 752880.0
38.96 752900.0
38.96 752920.0
38.96 752940.0
37.82 752960.0
38.96 752980.0
37.82 753000.0
37.82 753020.0
37.82 753040.0
37.82 753060.0
38.96 753080.0
37.82 753100.0
37.82 753120.0
38.96 753140.0
38.96 753160.0
37.82 753180.0
37.82 753200.0
38.96 753220.0
37.82 753240.0
37.82 753260.0
38.96 753280.0
37.82 753300.0
38.96 753320.0
37.82 753340.0
37.82 753360.0
38.96 753380.0
38.96 753400.0
37.82 753420.0
37.82 753440.0
37.82 753460.0
38.96 753480.0
38.96 753500.0
38.96 753520.0
37.82 753540.0
37.82 753560.0
37.82 753580.0
37.82 753600.0
38.96 753620.0
37.82 753640.0
37.82 753660.0
37.82 753680.0
38.96 753700.0
37.82 753720.0
37.82 753740.0
37.82 753760.0
37.82 753780.0
38.96 753800.0
37.82 753820.0
37.82 753840.0
37.82 753860.0
38.96 753880.0
38.96 753900.0
38.96 753920.0
38.96 753940.0
37.82 753960.0
38.96 753980.0
37.82 754000.0
37.82 754020.0
38.96 754040.0
37.82 754060.0
38.96 754080.0
37.82 754100.0
38.96 754120.0
37.82 754140.0
37.82 754160.0
38.96 754180.0
37.82 754200.0
38.96 754220.0
37.82 754240.0
37.82 754260.0
37.82 754280.0
37.82 754300.0
38.96 754320.0
37.82 754340.0
37.82 754360.0
38.96 754380.0
37.82 754400.0
37.82 754420.0
37.82 754440.0
37.82 754460.0
37.82 754480.0
38.96 754500.0
38.96 754520.0
37.82 754540.0
37.82 754560.0
38.96 754580.0
37.82 754600.0
38.96 754620.0
37.82 754640.0
37.82 754660.0
37.82 754680.0
38.96 754700.0
37.82 754720.0
37.82 754740.0
37.82 754760.0
37.82 754780.0
37.82 754800.0
37.82 754820.0
38.96 754840.0
38.96 754860.0
37.82 754880.0
37.82 754900.0
38.96 754920.0
38.96 754940.0
37.82 754960.0
37.82 754980.0
37.82 755000.0
38.96 755020.0
38.96 755040.0
38.96 755060.0
37.82 755080.0
37.82 755100.0
38.96 755120.0
38.96 755140.0
38.96 755160.0
37.82 755180.0
38.96 755200.0
38.96 755220.0
38.96 755240.0
37.82 755260.0
37.82 755280.0
38.96 755300.0
38.96 755320.0
37.82 755340.0
37.82 755360.0
37.82 755380.0
37.82 755400.0
37.82 755420.0
38.96 755440.0
37.82 755460.0
38.96 755480.0
38.96 755500.0
38.96 755520.0
37.82 755540.0
37.82 755560.0
38.96 755580.0
37.82 755600.0
37.82 755620.0
38.96 755640.0
38.96 755660.0
37.82 755680.0
38.96 755700.0
37.82 755720.0
37.82 755740.0
37.82 755760.0
37.82 755780.0
38.96 755800.0
37.82 755820.0
37.82 755840.0
37.82 755860.0
37.82 755880.0
38.96 755900.0
37.82 755920.0
37.82 755940.0
37.82 755960.0
37.82 755980.0
38.96 756000.0
38.96 756020.0
37.82 756040.0
37.82 756060.0
37.82 756080.0
38.96 756100.0
37.82 756120.0
37.82 756140.0
38.96 756160.0
38.96 756180.0
37.82 756200.0
37.82 756220.0
37.82 756240.0
37.82 756260.0
38.96 756280.0
38.96 756300.0
37.82 756320.0
37.82 756340.0
37.82 756360.0
37.82 756380.0
38.96 756400.0
38.96 756420.0
37.82 756440.0
38.96 756460.0
38.96 756480.0
38.96 756500.0
37.82 756520.0
38.96 756540.0
38.96 756560.0
37.82 756580.0
37.82 756600.0
38.96 756620.0
37.82 756640.0
37.82 756660.0
37.82 756680.0
38.96 756700.0
37.82 756720.0
37.82 756740.0
38.96 756760.0
37.82 756780.0
37.82 756800.0
38.96 756820.0
37.82 756840.0
37.82 756860.0
38.96 756880.0
38.96 756900.0
37.82 756920.0
37.82 756940.0
37.82 756960.0
38.96 756980.0
37.82 757000.0
37.82 757020.0
38.96 757040.0
38.96 757060.0
37.82 757080.0
37.82 757100.0
38.96 757120.0
38.96 757140.0
37.82 757160.0
37.82 757180.0
37.82 757200.0
38.96 757220.0
37.82 757240.0
37.82 757260.0
37.82 757280.0
38.96 757300.0
37.82 757320.0
37.82 757340.0
38.96 757360.0
37.82 757380.0
38.96 757400.0
37.82 757420.0
37.82 757440.0
38.96 757460.0
37.82 757480.0
37.82 757500.0
38.96 757520.0
38.96 757540.0
37.82 757560.0
38.96 757580.0
37.82 757600.0
38.96 757620.0
38.96 757640.0
37.82 757660.0
38.96 757680.0
37.82 757700.0
37.82 757720.0
38.96 757740.0
38.96 757760.0
38.96 757780.0
37.82 757800.0
37.82 757820.0
38.96 757840.0
37.82 757860.0
38.96 757880.0
38.96 757900.0
37.82 757920.0
37.82 757940.0
37.82 757960.0
37.82 757980.0
37.82 758000.0
38.96 758020.0
38.96 758040.0
38.96 758060.0
37.82 758080.0
37.82 758100.0
37.82 758120.0
38.96 758140.0
37.82 758160.0
37.82 758180.0
38.96 758200.0
37.82 758220.0
38.96 758240.0
38.96 758260.0
38.96 758280.0
37.82 758300.0
38.96 758320.0
37.82 758340.0
37.82 758360.0
37.82 758380.0
37.82 758400.0
38.96 758420.0
37.82 758440.0
38.96 758460.0
38.96 758480.0
38.96 758500.0
37.82 758520.0
37.82 758540.0
38.96 758560.0
37.82 758580.0
38.96 758600.0
38.96 758620.0
38.96 758640.0
38.96 758660.0
37.82 758680.0
37.82 758700.0
38.96 758720.0
37.82 758740.0
37.82 758760.0
37.82 758780.0
38.96 758800.0
38.96 758820.0
38.96 758840.0
37.82 758860.0
37.82 758880.0
38.96 758900.0
38.96 758920.0
37.82 758940.0
38.96 758960.0
38.96 758980.0
37.82 759000.0
38.96 759020.0
37.82 759040.0
38.96 759060.0
38.96 759080.0
37.82 759100.0
38.96 759120.0
38.96 759140.0
38.96 759160.0
38.96 759180.0
37.82 759200.0
38.96 759220.0
37.82 759240.0
37.82 759260.0
38.96 759280.0
38.96 759300.0
38.96 759320.0
37.82 759340.0
37.82 759360.0
38.96 759380.0
38.96 759400.0
37.82 759420.0
37.82 759440.0
37.82 759460.0
37.82 759480.0
38.96 759500.0
37.82 759520.0
37.82 759540.0
38.96 759560.0
38.96 759580.0
38.96 759600.0
38.96 759620.0
38.96 759640.0
37.82 759660.0
38.96 759680.0
37.82 759700.0
38.96 759720.0
37.82 759740.0
37.82 759760.0
38.96 759780.0
38.96 759800.0
38.96 759820.0
38.96 759840.0
38.96 759860.0
38.96 759880.0
38.96 759900.0
38.96 759920.0
38.96 759940.0
38.96 759960.0
37.82 759980.0
37.82 760000.0
38.96 760020.0
37.82 760040.0
37.82 760060.0
37.82 760080.0
37.82 760100.0
38.96 760120.0
38.96 760140.0
37.82 760160.0
38.96 760180.0
37.82 760200.0
37.82 760220.0
38.96 760240.0
37.82 760260.0
37.82 760280.0
37.82 760300.0
38.96 760320.0
37.82 760340.0
37.82 760360.0
37.82 760380.0
37.82 760400.0
37.82 760420.0
38.96 760440.0
38.96 760460.0
38.96 760480.0
38.96 760500.0
37.82 760520.0
37.82 760540.0
37.82 760560.0
37.82 760580.0
38.96 760600.0
37.82 760620.0
38.96 760640.0
38.96 760660.0
38.96 760680.0
37.82 760700.0
37.82 760720.0
38.96 760740.0
37.82 760760.0
38.96 760780.0
38.96 760800.0
37.82 760820.0
37.82 760840.0
37.82 760860.0
38.96 760880.0
38.96 760900.0
38.96 760920.0
37.82 760940.0
37.82 760960.0
37.82 760980.0
37.82 761000.0
38.96 761020.0
37.82 761040.0
37.82 761060.0
37.82 761080.0
37.82 761100.0
37.82 761120.0
37.82 761140.0
37.82 761160.0
37.82 761180.0
37.82 761200.0
37.82 761220.0
37.82 761240.0
37.82 761260.0
38.96 761280.0
37.82 761300.0
38.96 761320.0
37.82 761340.0
38.96 761360.0
38.96 761380.0
37.82 761400.0
37.82 761420.0
38.96 761440.0
38.96 761460.0
38.96 761480.0
37.82 761500.0
38.96 761520.0
37.82 761540.0
38.96 761560.0
38.96 761580.0
37.82 761600.0
37.82 761620.0
38.96 761640.0
38.96 761660.0
38.96 761680.0
37.82 761700.0
38.96 761720.0
38.96 761740.0
38.96 761760.0
37.82 761780.0
37.82 761800.0
38.96 761820.0
37.82 761840.0
37.82 761860.0
37.82 761880.0
37.82 761900.0
37.82 761920.0
37.82 761940.0
37.82 761960.0
37.82 761980.0
37.82 762000.0
38.96 762020.0
37.82 762040.0
37.82 762060.0
37.82 762080.0
37.82 762100.0
37.82 762120.0
38.96 762140.0
37.82 762160.0
38.96 762180.0
37.82 762200.0
37.82 762220.0
37.82 762240.0
38.96 762260.0
37.82 762280.0
37.82 762300.0
38.96 762320.0
37.82 762340.0
37.82 762360.0
37.82 762380.0
38.96 762400.0
38.96 762420.0
37.82 762440.0
37.82 762460.0
38.96 762480.0
37.82 762500.0
37.82 762520.0
37.82 762540.0
38.96 762560.0
37.82 762580.0
37.82 762600.0
37.82 762620.0
38.96 762640.0
37.82 762660.0
37.82 762680.0
38.96 762700.0
37.82 762720.0
38.96 762740.0
37.82 762760.0
37.82 762780.0
38.96 762800.0
37.82 762820.0
37.82 762840.0
38.96 762860.0
37.82 762880.0
37.82 762900.0
38.96 762920.0
38.96 762940.0
38.96 762960.0
37.82 762980.0
38.96 763000.0
38.96 763020.0
37.82 763040.0
37.82 763060.0
37.82 763080.0
38.96 763100.0
38.96 763120.0
37.82 763140.0
38.96 763160.0
38.96 763180.0
38.96 763200.0
38.96 763220.0
37.82 763240.0
38.96 763260.0
38.96 763280.0
37.82 763300.0
38.96 763320.0
38.96 763340.0
38.96 763360.0
38.96 763380.0
37.82 763400.0
38.96 763420.0
38.96 763440.0
37.82 763460.0
38.96 763480.0
38.96 763500.0
38.96 763520.0
38.96 763540.0
38.96 763560.0
37.82 763580.0
37.82 763600.0
38.96 763620.0
37.82 763640.0
37.82 763660.0
37.82 763680.0
38.96 763700.0
37.82 763720.0
37.82 763740.0
38.96 763760.0
38.96 763780.0
38.96 763800.0
37.82 763820.0
37.82 763840.0
38.96 763860.0
38.96 763880.0
38.96 763900.0
38.96 763920.0
37.82 763940.0
37.82 763960.0
37.82 763980.0
38.96 764000.0
37.82 764020.0
37.82 764040.0
37.82 764060.0
38.96 764080.0
38.96 764100.0
37.82 764120.0
37.82 764140.0
38.96 764160.0
37.82 764180.0
37.82 764200.0
37.82 764220.0
38.96 764240.0
37.82 764260.0
37.82 764280.0
38.96 764300.0
37.82 764320.0
38.96 764340.0
38.96 764360.0
38.96 764380.0
38.96 764400.0
38.96 764420.0
37.82 764440.0
38.96 764460.0
38.96 764480.0
37.82 764500.0
38.96 764520.0
38.96 764540.0
38.96 764560.0
38.96 764580.0
38.96 764600.0
38.96 764620.0
38.96 764640.0
38.96 764660.0
38.96 764680.0
37.82 764700.0
38.96 764720.0
38.96 764740.0
37.82 764760.0
38.96 764780.0
37.82 764800.0
37.82 764820.0
38.96 764840.0
38.96 764860.0
37.82 764880.0
37.82 764900.0
38.96 764920.0
37.82 764940.0
37.82 764960.0
38.96 764980.0
37.82 765000.0
38.96 765020.0
38.96 765040.0
38.96 765060.0
37.82 765080.0
37.82 765100.0
37.82 765120.0
37.82 765140.0
37.82 765160.0
38.96 765180.0
38.96 765200.0
38.96 765220.0
37.82 765240.0
38.96 765260.0
37.82 765280.0
38.96 765300.0
37.82 765320.0
38.96 765340.0
37.82 765360.0
38.96 765380.0
38.96 765400.0
37.82 765420.0
38.96 765440.0
37.82 765460.0
37.82 765480.0
37.82 765500.0
38.96 765520.0
37.82 765540.0
37.82 765560.0
38.96 765580.0
37.82 765600.0
37.82 765620.0
37.82 765640.0
38.96 765660.0
37.82 765680.0
38.96 765700.0
38.96 765720.0
37.82 765740.0
37.82 765760.0
37.82 765780.0
37.82 765800.0
38.96 765820.0
38.96 765840.0
38.96 765860.0
38.96 765880.0
37.82 765900.0
37.82 765920.0
37.82 765940.0
38.96 765960.0
38.96 765980.0
38.96 766000.0
37.82 766020.0
37.82 766040.0
38.96 766060.0
38.96 766080.0
37.82 766100.0
38.96 766120.0
38.96 766140.0
37.82 766160.0
38.96 766180.0
38.96 766200.0
37.82 766220.0
38.96 766240.0
37.82 766260.0
37.82 766280.0
37.82 766300.0
37.82 766320.0
38.96 766340.0
38.96 766360.0
37.82 766380.0
38.96 766400.0
38.96 766420.0
37.82 766440.0
37.82 766460.0
37.82 766480.0
38.96 766500.0
38.96 766520.0
38.96 766540.0
38.96 766560.0
37.82 766580.0
38.96 766600.0
37.82 766620.0
37.82 766640.0
37.82 766660.0
37.82 766680.0
38.96 766700.0
37.82 766720.0
37.82 766740.0
37.82 766760.0
37.82 766780.0
38.96 766800.0
37.82 766820.0
37.82 766840.0
37.82 766860.0
37.82 766880.0
37.82 766900.0
37.82 766920.0
37.82 766940.0
37.82 766960.0
38.96 766980.0
37.82 767000.0
38.96 767020.0
38.96 767040.0
38.96 767060.0
37.82 767080.0
37.82 767100.0
38.96 767120.0
37.82 767140.0
37.82 767160.0
38.96 767180.0
38.96 767200.0
37.82 767220.0
38.96 767240.0
38.96 767260.0
37.82 767280.0
38.96 767300.0
37.82 767320.0
37.82 767340.0
37.82 767360.0
37.82 767380.0
37.82 767400.0
37.82 767420.0
37.82 767440.0
37.82 767460.0
37.82 767480.0
38.96 767500.0
38.96 767520.0
37.82 767540.0
38.96 767560.0
38.96 767580.0
37.82 767600.0
37.82 767620.0
38.96 767640.0
38.96 767660.0
37.82 767680.0
37.82 767700.0
37.82 767720.0
37.82 767740.0
37.82 767760.0
37.82 767780.0
37.82 767800.0
37.82 767820.0
37.82 767840.0
38.96 767860.0
38.96 767880.0
37.82 767900.0
38.96 767920.0
37.82 767940.0
37.82 767960.0
38.96 767980.0
38.96 768000.0
37.82 768020.0
37.82 768040.0
38.96 768060.0
37.82 768080.0
38.96 768100.0
38.96 768120.0
38.96 768140.0
38.96 768160.0
37.82 768180.0
37.82 768200.0
38.96 768220.0
37.82 768240.0
38.96 768260.0
38.96 768280.0
37.82 768300.0
38.96 768320.0
38.96 768340.0
37.82 768360.0
38.96 768380.0
37.82 768400.0
37.82 768420.0
37.82 768440.0
38.96 768460.0
38.96 768480.0
38.96 768500.0
37.82 768520.0
38.96 768540.0
38.96 768560.0
38.96 768580.0
37.82 768600.0
37.82 768620.0
38.96 768640.0
38.96 768660.0
37.82 768680.0
38.96 768700.0
37.82 768720.0
38.96 768740.0
38.96 768760.0
38.96 768780.0
37.82 768800.0
37.82 768820.0
38.96 768840.0
38.96 768860.0
37.82 768880.0
37.82 768900.0
38.96 768920.0
37.82 768940.0
37.82 768960.0
38.96 768980.0
37.82 769000.0
37.82 769020.0
38.96 769040.0
38.96 769060.0
38.96 769080.0
38.96 769100.0
37.82 769120.0
38.96 769140.0
37.82 769160.0
38.96 769180.0
37.82 769200.0
38.96 769220.0
37.82 769240.0
37.82 769260.0
37.82 769280.0
37.82 769300.0
37.82 769320.0
37.82 769340.0
38.96 769360.0
37.82 769380.0
37.82 769400.0
37.82 769420.0
37.82 769440.0
37.82 769460.0
37.82 769480.0
37.82 769500.0
38.96 769520.0
37.82 769540.0
37.82 769560.0
38.96 769580.0
37.82 769600.0
37.82 769620.0
38.96 769640.0
37.82 769660.0
38.96 769680.0
38.96 769700.0
38.96 769720.0
37.82 769740.0
37.82 769760.0
37.82 769780.0
37.82 769800.0
38.96 769820.0
37.82 769840.0
37.82 769860.0
38.96 769880.0
37.82 769900.0
37.82 769920.0
37.82 769940.0
38.96 769960.0
37.82 769980.0
38.96 770000.0
38.96 770020.0
38.96 770040.0
37.82 770060.0
38.96 770080.0
38.96 770100.0
38.96 770120.0
37.82 770140.0
37.82 770160.0
37.82 770180.0
37.82 770200.0
37.82 770220.0
38.96 770240.0
37.82 770260.0
37.82 770280.0
37.82 770300.0
38.96 770320.0
37.82 770340.0
37.82 770360.0
37.82 770380.0
37.82 770400.0
37.82 770420.0
38.96 770440.0
38.96 770460.0
37.82 770480.0
37.82 770500.0
37.82 770520.0
37.82 770540.0
37.82 770560.0
37.82 770580.0
37.82 770600.0
38.96 770620.0
38.96 770640.0
37.82 770660.0
38.96 770680.0
38.96 770700.0
37.82 770720.0
38.96 770740.0
37.82 770760.0
37.82 770780.0
37.82 770800.0
38.96 770820.0
37.82 770840.0
38.96 770860.0
37.82 770880.0
38.96 770900.0
37.82 770920.0
38.96 770940.0
37.82 770960.0
37.82 770980.0
38.96 771000.0
38.96 771020.0
38.96 771040.0
38.96 771060.0
38.96 771080.0
37.82 771100.0
37.82 771120.0
37.82 771140.0
37.82 771160.0
37.82 771180.0
38.96 771200.0
37.82 771220.0
37.82 771240.0
38.96 771260.0
37.82 771280.0
37.82 771300.0
37.82 771320.0
38.96 771340.0
37.82 771360.0
37.82 771380.0
38.96 771400.0
37.82 771420.0
38.96 771440.0
37.82 771460.0
37.82 771480.0
37.82 771500.0
38.96 771520.0
38.96 771540.0
37.82 771560.0
37.82 771580.0
38.96 771600.0
37.82 771620.0
38.96 771640.0
37.82 771660.0
37.82 771680.0
38.96 771700.0
37.82 771720.0
38.96 771740.0
37.82 771760.0
37.82 771780.0
38.96 771800.0
37.82 771820.0
38.96 771840.0
37.82 771860.0
37.82 771880.0
38.96 771900.0
38.96 771920.0
38.96 771940.0
37.82 771960.0
38.96 771980.0
38.96 772000.0
38.96 772020.0
37.82 772040.0
37.82 772060.0
37.82 772080.0
38.96 772100.0
37.82 772120.0
37.82 772140.0
37.82 772160.0
38.96 772180.0
38.96 772200.0
38.96 772220.0
37.82 772240.0
37.82 772260.0
38.96 772280.0
38.96 772300.0
38.96 772320.0
37.82 772340.0
37.82 772360.0
37.82 772380.0
37.82 772400.0
37.82 772420.0
37.82 772440.0
38.96 772460.0
37.82 772480.0
38.96 772500.0
37.82 772520.0
38.96 772540.0
38.96 772560.0
38.96 772580.0
37.82 772600.0
37.82 772620.0
38.96 772640.0
37.82 772660.0
37.82 772680.0
38.96 772700.0
37.82 772720.0
38.96 772740.0
38.96 772760.0
37.82 772780.0
38.96 772800.0
37.82 772820.0
37.82 772840.0
37.82 772860.0
37.82 772880.0
38.96 772900.0
38.96 772920.0
37.82 772940.0
37.82 772960.0
37.82 772980.0
37.82 773000.0
37.82 773020.0
38.96 773040.0
37.82 773060.0
37.82 773080.0
38.96 773100.0
37.82 773120.0
38.96 773140.0
37.82 773160.0
38.96 773180.0
37.82 773200.0
37.82 773220.0
38.96 773240.0
37.82 773260.0
37.82 773280.0
37.82 773300.0
37.82 773320.0
37.82 773340.0
37.82 773360.0
37.82 773380.0
37.82 773400.0
38.96 773420.0
38.96 773440.0
38.96 773460.0
37.82 773480.0
37.82 773500.0
38.96 773520.0
37.82 773540.0
37.82 773560.0
37.82 773580.0
38.96 773600.0
38.96 773620.0
37.82 773640.0
38.96 773660.0
38.96 773680.0
37.82 773700.0
38.96 773720.0
38.96 773740.0
38.96 773760.0
37.82 773780.0
37.82 773800.0
38.96 773820.0
37.82 773840.0
38.96 773860.0
37.82 773880.0
37.82 773900.0
38.96 773920.0
37.82 773940.0
37.82 773960.0
37.82 773980.0
37.82 774000.0
37.82 774020.0
37.82 774040.0
38.96 774060.0
37.82 774080.0
38.96 774100.0
37.82 774120.0
38.96 774140.0
37.82 774160.0
37.82 774180.0
37.82 774200.0
38.96 774220.0
38.96 774240.0
37.82 774260.0
37.82 774280.0
37.82 774300.0
37.82 774320.0
38.96 774340.0
38.96 774360.0
37.82 774380.0
37.82 774400.0
37.82 774420.0
37.82 774440.0
37.82 774460.0
37.82 774480.0
37.82 774500.0
37.82 774520.0
37.82 774540.0
37.82 774560.0
38.96 774580.0
37.82 774600.0
38.96 774620.0
37.82 774640.0
37.82 774660.0
37.82 774680.0
37.82 774700.0
37.82 774720.0
37.82 774740.0
37.82 774760.0
37.82 774780.0
38.96 774800.0
37.82 774820.0
37.82 774840.0
38.96 774860.0
37.82 774880.0
38.96 774900.0
38.96 774920.0
37.82 774940.0
37.82 774960.0
37.82 774980.0
37.82 775000.0
37.82 775020.0
37.82 775040.0
37.82 775060.0
37.82 775080.0
37.82 775100.0
38.96 775120.0
37.82 775140.0
38.96 775160.0
37.82 775180.0
37.82 775200.0
37.82 775220.0
38.96 775240.0
38.96 775260.0
37.82 775280.0
37.82 775300.0
37.82 775320.0
37.82 775340.0
38.96 775360.0
38.96 775380.0
38.96 775400.0
37.82 775420.0
38.96 775440.0
37.82 775460.0
38.96 775480.0
38.96 775500.0
37.82 775520.0
37.82 775540.0
38.96 775560.0
38.96 775580.0
38.96 775600.0
37.82 775620.0
38.96 775640.0
37.82 775660.0
37.82 775680.0
37.82 775700.0
38.96 775720.0
37.82 775740.0
37.82 775760.0
38.96 775780.0
37.82 775800.0
37.82 775820.0
37.82 775840.0
37.82 775860.0
38.96 775880.0
37.82 775900.0
38.96 775920.0
37.82 775940.0
37.82 775960.0
37.82 775980.0
38.96 776000.0
38.96 776020.0
38.96 776040.0
37.82 776060.0
38.96 776080.0
37.82 776100.0
37.82 776120.0
38.96 776140.0
37.82 776160.0
37.82 776180.0
37.82 776200.0
38.96 776220.0
37.82 776240.0
38.96 776260.0
37.82 776280.0
37.82 776300.0
37.82 776320.0
38.96 776340.0
37.82 776360.0
37.82 776380.0
37.82 776400.0
38.96 776420.0
37.82 776440.0
37.82 776460.0
38.96 776480.0
37.82 776500.0
37.82 776520.0
38.96 776540.0
37.82 776560.0
37.82 776580.0
37.82 776600.0
37.82 776620.0
37.82 776640.0
38.96 776660.0
37.82 776680.0
38.96 776700.0
38.96 776720.0
37.82 776740.0
37.82 776760.0
37.82 776780.0
37.82 776800.0
38.96 776820.0
38.96 776840.0
38.96 776860.0
37.82 776880.0
37.82 776900.0
37.82 776920.0
37.82 776940.0
38.96 776960.0
37.82 776980.0
37.82 777000.0
38.96 777020.0
37.82 777040.0
37.82 777060.0
37.82 777080.0
37.82 777100.0
37.82 777120.0
37.82 777140.0
37.82 777160.0
37.82 777180.0
37.82 777200.0
38.96 777220.0
38.96 777240.0
38.96 777260.0
38.96 777280.0
37.82 777300.0
37.82 777320.0
37.82 777340.0
38.96 777360.0
37.82 777380.0
37.82 777400.0
38.96 777420.0
38.96 777440.0
37.82 777460.0
38.96 777480.0
37.82 777500.0
37.82 777520.0
38.96 777540.0
37.82 777560.0
37.82 777580.0
37.82 777600.0
37.82 777620.0
37.82 777640.0
37.82 777660.0
38.96 777680.0
38.96 777700.0
37.82 777720.0
37.82 777740.0
37.82 777760.0
37.82 777780.0
37.82 777800.0
37.82 777820.0
38.96 777840.0
37.82 777860.0
38.96 777880.0
37.82 777900.0
37.82 777920.0
37.82 777940.0
37.82 777960.0
37.82 777980.0
37.82 778000.0
37.82 778020.0
38.96 778040.0
38.96 778060.0
38.96 778080.0
37.82 778100.0
37.82 778120.0
38.96 778140.0
37.82 778160.0
37.82 778180.0
37.82 778200.0
37.82 778220.0
37.82 778240.0
37.82 778260.0
37.82 778280.0
37.82 778300.0
37.82 778320.0
37.82 778340.0
37.82 778360.0
38.96 778380.0
37.82 778400.0
37.82 778420.0
37.82 778440.0
37.82 778460.0
37.82 778480.0
38.96 778500.0
37.82 778520.0
37.82 778540.0
38.96 778560.0
37.82 778580.0
37.82 778600.0
38.96 778620.0
37.82 778640.0
38.96 778660.0
37.82 778680.0
38.96 778700.0
38.96 778720.0
38.96 778740.0
37.82 778760.0
37.82 778780.0
37.82 778800.0
38.96 778820.0
37.82 778840.0
37.82 778860.0
37.82 778880.0
38.96 778900.0
37.82 778920.0
37.82 778940.0
37.82 778960.0
37.82 778980.0
37.82 779000.0
38.96 779020.0
37.82 779040.0
37.82 779060.0
37.82 779080.0
37.82 779100.0
37.82 779120.0
37.82 779140.0
37.82 779160.0
38.96 779180.0
37.82 779200.0
38.96 779220.0
37.82 779240.0
37.82 779260.0
37.82 779280.0
37.82 779300.0
38.96 779320.0
37.82 779340.0
37.82 779360.0
37.82 779380.0
37.82 779400.0
37.82 779420.0
38.96 779440.0
37.82 779460.0
37.82 779480.0
37.82 779500.0
37.82 779520.0
37.82 779540.0
37.82 779560.0
37.82 779580.0
38.96 779600.0
37.82 779620.0
38.96 779640.0
38.96 779660.0
38.96 779680.0
37.82 779700.0
37.82 779720.0
37.82 779740.0
37.82 779760.0
37.82 779780.0
38.96 779800.0
37.82 779820.0
37.82 779840.0
37.82 779860.0
37.82 779880.0
37.82 779900.0
37.82 779920.0
37.82 779940.0
38.96 779960.0
37.82 779980.0
37.82 780000.0
37.82 780020.0
38.96 780040.0
38.96 780060.0
37.82 780080.0
37.82 780100.0
38.96 780120.0
37.82 780140.0
38.96 780160.0
37.82 780180.0
37.82 780200.0
38.96 780220.0
37.82 780240.0
37.82 780260.0
38.96 780280.0
37.82 780300.0
37.82 780320.0
38.96 780340.0
38.96 780360.0
37.82 780380.0
37.82 780400.0
38.96 780420.0
37.82 780440.0
37.82 780460.0
37.82 780480.0
37.82 780500.0
37.82 780520.0
37.82 780540.0
37.82 780560.0
38.96 780580.0
38.96 780600.0
38.96 780620.0
37.82 780640.0
37.82 780660.0
37.82 780680.0
37.82 780700.0
37.82 780720.0
37.82 780740.0
37.82 780760.0
37.82 780780.0
37.82 780800.0
37.82 780820.0
37.82 780840.0
37.82 780860.0
37.82 780880.0
38.96 780900.0
38.96 780920.0
37.82 780940.0
37.82 780960.0
37.82 780980.0
37.82 781000.0
37.82 781020.0
38.96 781040.0
37.82 781060.0
38.96 781080.0
38.96 781100.0
37.82 781120.0
38.96 781140.0
38.96 781160.0
37.82 781180.0
37.82 781200.0
38.96 781220.0
37.82 781240.0
37.82 781260.0
37.82 781280.0
37.82 781300.0
38.96 781320.0
38.96 781340.0
37.82 781360.0
38.96 781380.0
38.96 781400.0
38.96 781420.0
38.96 781440.0
38.96 781460.0
37.82 781480.0
37.82 781500.0
37.82 781520.0
38.96 781540.0
38.96 781560.0
38.96 781580.0
37.82 781600.0
37.82 781620.0
37.82 781640.0
37.82 781660.0
37.82 781680.0
37.82 781700.0
37.82 781720.0
37.82 781740.0
37.82 781760.0
38.96 781780.0
38.96 781800.0
37.82 781820.0
37.82 781840.0
38.96 781860.0
38.96 781880.0
37.82 781900.0
37.82 781920.0
38.96 781940.0
37.82 781960.0
38.96 781980.0
37.82 782000.0
38.96 782020.0
37.82 782040.0
37.82 782060.0
38.96 782080.0
37.82 782100.0
37.82 782120.0
37.82 782140.0
37.82 782160.0
37.82 782180.0
37.82 782200.0
