12.74 19.26
12.74 19.14
12.74 18.98
12.74 19.12
12.74 19.12
12.74 18.96
12.74 18.92
13.88 18.92
12.74 19.05
13.88 18.8
12.74 18.96
12.74 18.88
13.88 18.9
12.74 18.84
13.88 18.88
13.88 19.02
13.88 18.85
13.88 18.96
13.88 19.07
13.88 19.28
13.88 18.96
13.88 19.01
13.88 18.86
13.88 18.82
13.88 18.85
13.88 18.96
13.88 18.93
15.02 19.14
13.88 18.95
13.88 18.96
13.88 18.83
13.88 18.93
13.88 19.0
13.88 18.67
13.88 18.76
13.88 18.93
15.02 19.07
15.02 19.12
15.02 18.9
16.16 18.81
13.88 18.84
15.02 18.9
13.88 18.96
13.88 18.96
13.88 18.64
13.88 18.9
15.02 18.64
13.88 18.9
15.02 18.91
15.02 18.99
13.88 19.02
15.02 18.9
15.02 18.71
13.88 18.77
15.02 18.63
15.02 18.78
13.88 19.01
15.02 18.65
15.02 18.61
16.16 18.82
16.16 18.88
15.02 18.71
16.16 18.63
13.88 18.93
15.02 18.64
15.02 18.81
16.16 18.65
13.88 18.7
16.16 18.74
16.16 18.67
15.02 18.99
15.02 18.8
16.16 18.91
16.16 18.75
16.16 18.65
16.16 19.01
16.16 18.59
16.16 18.74
16.16 18.8
16.16 18.83
15.02 18.56
16.16 18.61
16.16 18.73
16.16 18.54
16.16 18.66
15.02 18.56
16.16 18.62
16.16 18.77
16.16 18.66
16.16 18.5
16.16 18.87
16.16 18.59
16.16 18.83
16.16 18.8
16.16 18.86
16.16 18.53
16.16 18.8
16.16 18.67
17.3 18.82
17.3 18.88
16.16 18.45
16.16 18.76
16.16 18.72
16.16 18.69
16.16 18.82
16.16 18.72
16.16 18.62
16.16 18.77
16.16 18.58
17.3 18.69
17.3 18.83
16.16 18.59
17.3 18.64
17.3 18.91
17.3 18.8
16.16 18.67
16.16 18.75
17.3 18.67
16.16 18.88
17.3 18.66
16.16 18.58
16.16 18.75
16.16 18.62
17.3 18.57
17.3 18.71
17.3 18.62
16.16 18.68
16.16 18.61
17.3 18.53
18.44 18.65
16.16 18.71
16.16 18.61
17.3 18.37
16.16 18.36
18.44 18.74
17.3 18.64
17.3 18.64
16.16 18.56
18.44 18.72
16.16 18.39
16.16 18.68
17.3 18.76
17.3 18.53
18.44 18.54
18.44 18.34
17.3 18.53
18.44 18.65
16.16 18.57
17.3 18.37
16.16 18.5
18.44 18.79
16.16 18.51
16.16 18.68
18.44 18.34
17.3 18.41
17.3 18.53
17.3 18.34
18.44 18.43
17.3 18.43
17.3 18.4
17.3 18.39
18.44 18.45
17.3 18.53
17.3 18.37
18.44 18.46
18.44 18.65
17.3 18.38
17.3 18.27
18.44 18.38
16.16 18.54
18.44 18.58
18.44 18.42
18.44 18.61
18.44 18.51
18.44 18.52
18.44 18.28
18.44 18.51
18.44 18.54
18.44 18.4
18.44 18.59
18.44 18.71
18.44 18.5
18.44 18.8
17.3 18.24
17.3 18.55
18.44 18.48
18.44 18.45
18.44 18.5
18.44 18.22
18.44 18.38
18.44 18.43
18.44 18.56
18.44 18.48
18.44 18.4
18.44 18.5
18.44 18.32
18.44 18.24
18.44 18.31
18.44 18.34
18.44 18.53
18.44 18.57
18.44 18.18
18.44 18.31
18.44 18.38
18.44 18.41
18.44 18.54
18.44 18.23
18.44 18.35
18.44 18.37
18.44 18.41
18.44 18.36
18.44 18.5
18.44 18.4
18.44 18.52
18.44 18.45
18.44 18.17
18.44 18.58
18.44 18.37
18.44 18.57
18.44 18.21
18.44 18.39
18.44 18.27
18.44 18.21
18.44 18.39
18.44 18.45
18.44 18.22
18.44 18.29
18.44 18.37
18.44 18.56
18.44 18.35
18.44 18.17
18.44 18.29
18.44 18.31
18.44 18.51
18.44 18.22
18.44 18.26
18.44 18.37
18.44 18.39
19.58 18.4
18.44 18.39
18.44 18.33
18.44 18.16
18.44 18.26
19.58 18.25
18.44 18.24
18.44 18.32
18.44 18.06
18.44 18.37
18.44 18.49
18.44 18.26
18.44 18.22
18.44 18.42
18.44 18.3
18.44 18.32
18.44 18.28
18.44 18.03
18.44 18.26
19.58 18.14
18.44 18.31
18.44 18.13
18.44 18.08
19.58 18.24
18.44 18.08
18.44 18.13
19.58 18.15
18.44 18.11
18.44 18.11
18.44 18.22
18.44 18.32
18.44 18.49
18.44 18.09
18.44 18.35
18.44 18.09
19.58 18.08
18.44 18.39
18.44 18.16
18.44 18.31
19.58 18.16
18.44 18.2
18.44 18.37
18.44 18.18
18.44 18.37
18.44 18.09
19.58 18.37
19.58 18.13
18.44 18.19
18.44 18.05
19.58 18.2
19.58 18.09
19.58 18.27
18.44 18.29
19.58 17.95
18.44 18.08
18.44 18.02
18.44 18.0
18.44 18.21
19.58 18.5
18.44 18.21
18.44 18.41
18.44 18.22
18.44 18.22
19.58 18.26
18.44 18.12
18.44 18.22
19.58 18.22
18.44 18.21
18.44 18.18
18.44 18.37
18.44 18.16
18.44 18.16
18.44 18.22
19.58 18.3
18.44 18.2
18.44 18.26
19.58 18.24
18.44 18.07
18.44 18.14
18.44 18.14
19.58 17.87
19.58 18.18
20.72 17.97
18.44 18.28
19.58 18.3
19.58 18.15
18.44 18.16
18.44 18.11
19.58 18.16
18.44 18.35
18.44 18.21
19.58 18.22
19.58 18.1
18.44 18.2
18.44 18.11
19.58 18.22
18.44 18.12
18.44 18.18
19.58 18.21
19.58 18.21
18.44 18.03
18.44 18.11
18.44 18.19
18.44 18.34
19.58 18.32
19.58 18.4
19.58 18.12
18.44 18.22
18.44 18.31
19.58 18.08
19.58 18.11
18.44 18.19
20.72 18.35
19.58 18.21
18.44 18.19
18.44 18.16
19.58 17.96
19.58 18.11
19.58 18.14
19.58 18.07
19.58 18.41
19.58 17.97
19.58 18.12
19.58 18.0
18.44 18.03
18.44 18.12
18.44 18.11
20.72 18.21
18.44 17.99
19.58 18.03
18.44 18.03
18.44 17.97
20.72 18.2
18.44 18.21
19.58 18.03
19.58 18.1
20.72 17.99
19.58 18.11
18.44 18.14
18.44 18.18
18.44 17.99
18.44 17.97
20.72 18.1
20.72 18.08
18.44 18.22
20.72 18.13
18.44 18.1
20.72 18.14
19.58 17.81
20.72 18.01
18.44 18.02
19.58 17.8
18.44 17.73
20.72 17.92
20.72 17.97
20.72 18.13
18.44 17.97
20.72 18.29
20.72 17.71
19.58 18.07
20.72 17.97
19.58 18.19
19.58 17.95
19.58 18.01
20.72 17.89
20.72 18.11
18.44 17.88
18.44 17.9
19.58 17.75
19.58 17.7
19.58 17.98
19.58 17.87
19.58 18.02
20.72 17.91
19.58 17.97
20.72 18.22
19.58 18.03
20.72 17.97
20.72 17.94
20.72 18.0
20.72 17.92
19.58 17.82
20.72 18.02
20.72 17.78
20.72 17.77
20.72 18.09
19.58 17.9
20.72 17.93
18.44 17.97
19.58 17.9
19.58 17.9
19.58 18.16
20.72 17.81
20.72 17.98
20.72 18.15
20.72 18.01
20.72 18.11
20.72 17.93
19.58 17.56
20.72 18.03
19.58 17.84
20.72 18.15
20.72 18.2
20.72 17.78
20.72 17.89
18.44 18.13
20.72 17.86
19.58 17.9
20.72 17.97
20.72 18.02
19.58 17.98
20.72 18.11
20.72 17.95
20.72 18.17
20.72 17.96
20.72 17.99
20.72 18.08
20.72 18.2
20.72 17.91
20.72 18.01
20.72 17.88
20.72 17.68
20.72 17.94
20.72 18.13
20.72 17.94
20.72 17.79
20.72 17.95
20.72 17.81
20.72 17.89
20.72 17.98
20.72 17.85
20.72 18.21
20.72 17.95
20.72 17.86
20.72 17.76
20.72 18.14
20.72 17.75
20.72 18.06
20.72 17.97
20.72 17.97
20.72 17.9
20.72 17.84
20.72 17.7
20.72 17.9
20.72 17.87
20.72 17.94
20.72 17.95
20.72 17.84
20.72 18.03
20.72 17.99
20.72 17.95
20.72 17.95
20.72 18.02
20.72 18.07
20.72 17.68
20.72 18.0
20.72 18.0
20.72 17.97
20.72 18.03
20.72 18.09
20.72 18.02
20.72 17.94
20.72 17.75
20.72 18.02
20.72 18.04
20.72 17.92
20.72 17.88
20.72 17.89
20.72 17.98
20.72 17.81
20.72 18.09
21.86 17.92
20.72 17.56
20.72 17.87
20.72 17.89
20.72 17.78
20.72 17.82
20.72 17.91
20.72 18.05
20.72 17.98
20.72 17.91
20.72 18.01
20.72 17.82
20.72 17.83
20.72 17.94
20.72 17.81
21.86 17.86
20.72 18.02
20.72 18.19
20.72 17.75
20.72 18.06
20.72 17.66
20.72 17.89
20.72 17.71
20.72 17.84
20.72 17.92
20.72 17.86
20.72 17.95
20.72 17.67
20.72 17.92
20.72 17.94
20.72 17.79
20.72 17.83
20.72 17.67
20.72 18.03
20.72 17.61
21.86 17.76
20.72 17.81
21.86 17.72
20.72 17.66
21.86 17.86
20.72 17.79
20.72 17.72
20.72 17.6
20.72 17.8
20.72 17.78
20.72 17.63
20.72 17.79
20.72 17.92
20.72 17.75
20.72 17.73
20.72 17.87
20.72 17.76
20.72 17.83
20.72 17.75
20.72 17.82
21.86 17.65
20.72 17.71
20.72 17.85
20.72 17.8
20.72 17.72
20.72 17.77
21.86 17.85
20.72 17.71
20.72 17.87
21.86 17.63
20.72 17.6
20.72 17.81
20.72 17.65
20.72 17.65
21.86 17.81
20.72 17.91
20.72 17.9
20.72 17.86
20.72 17.54
20.72 17.93
20.72 17.67
20.72 17.71
20.72 17.76
20.72 17.75
20.72 17.62
20.72 17.77
21.86 17.64
21.86 17.71
20.72 17.51
20.72 17.81
20.72 17.65
20.72 17.58
20.72 17.71
20.72 17.77
20.72 17.8
20.72 17.75
20.72 17.84
20.72 17.59
21.86 17.55
21.86 17.73
21.86 17.73
20.72 17.67
20.72 17.38
21.86 17.79
20.72 17.78
20.72 17.86
20.72 17.73
20.72 17.7
20.72 17.78
20.72 17.68
21.86 17.7
21.86 17.78
21.86 17.65
21.86 17.59
20.72 17.64
20.72 17.78
20.72 17.92
20.72 17.47
20.72 17.71
20.72 17.47
21.86 17.71
20.72 17.76
20.72 17.66
20.72 17.81
21.86 17.57
20.72 17.8
20.72 17.76
20.72 17.71
20.72 17.75
21.86 17.58
21.86 17.72
20.72 17.78
20.72 17.73
20.72 17.86
21.86 17.72
20.72 17.78
20.72 17.68
20.72 17.41
20.72 17.79
20.72 17.47
20.72 17.58
20.72 17.76
21.86 17.82
21.86 17.68
21.86 17.83
20.72 17.73
20.72 17.81
21.86 17.72
20.72 17.65
20.72 17.63
21.86 17.79
20.72 17.78
20.72 17.8
21.86 17.86
20.72 17.66
20.72 17.59
20.72 17.59
20.72 17.76
20.72 17.86
20.72 17.85
20.72 17.58
20.72 17.7
21.86 17.53
20.72 17.68
21.86 17.69
20.72 17.53
20.72 17.73
21.86 17.57
21.86 17.63
21.86 17.76
20.72 17.59
23.0 17.52
21.86 17.61
21.86 17.86
21.86 17.66
20.72 17.65
21.86 17.7
20.72 17.62
23.0 17.78
20.72 17.9
20.72 17.41
20.72 17.67
21.86 17.68
20.72 17.71
21.86 17.59
20.72 17.85
20.72 17.67
23.0 17.7
21.86 17.64
21.86 17.65
20.72 17.57
21.86 17.79
21.86 17.58
20.72 17.41
21.86 17.54
23.0 17.68
20.72 17.97
21.86 17.83
21.86 17.79
20.72 17.82
23.0 17.65
21.86 17.76
21.86 17.71
23.0 17.39
23.0 17.66
21.86 17.6
20.72 17.47
20.72 17.68
20.72 17.57
21.86 17.76
21.86 17.63
20.72 17.65
20.72 17.44
20.72 17.82
21.86 17.68
21.86 17.56
21.86 17.44
21.86 17.67
23.0 17.74
21.86 17.54
20.72 17.57
20.72 17.51
23.0 17.58
21.86 17.65
20.72 17.6
21.86 17.58
23.0 17.61
20.72 17.6
20.72 17.75
21.86 17.57
20.72 17.82
21.86 17.73
21.86 17.79
23.0 17.62
20.72 17.38
20.72 17.69
23.0 17.71
21.86 17.63
23.0 17.5
20.72 17.48
20.72 17.58
23.0 17.7
20.72 17.63
20.72 17.6
23.0 17.55
20.72 17.41
23.0 17.66
23.0 17.57
21.86 17.45
21.86 17.64
23.0 17.5
21.86 17.55
23.0 17.64
20.72 17.46
21.86 17.69
20.72 17.62
23.0 17.44
21.86 17.55
21.86 17.76
20.72 17.46
23.0 17.7
20.72 17.51
21.86 17.39
21.86 17.63
23.0 17.58
21.86 17.63
21.86 17.44
20.72 17.32
21.86 17.47
23.0 17.54
23.0 17.55
21.86 17.52
23.0 17.37
23.0 17.62
23.0 17.25
21.86 17.44
21.86 17.31
23.0 17.43
20.72 17.63
20.72 17.54
20.72 17.71
21.86 17.78
23.0 17.45
20.72 17.42
21.86 17.5
23.0 17.41
23.0 17.77
21.86 17.65
21.86 17.37
21.86 17.44
21.86 17.58
23.0 17.54
20.72 17.09
21.86 17.52
23.0 17.52
23.0 17.57
23.0 17.42
23.0 17.38
23.0 17.63
21.86 17.63
23.0 17.17
20.72 17.56
21.86 17.48
23.0 17.36
23.0 17.58
21.86 17.39
23.0 17.41
23.0 17.58
21.86 17.45
23.0 17.54
23.0 17.4
21.86 17.55
21.86 17.52
21.86 17.31
21.86 17.33
20.72 17.55
21.86 17.35
23.0 17.2
21.86 17.58
23.0 17.57
23.0 17.46
23.0 17.5
23.0 17.46
21.86 17.41
20.72 17.41
21.86 17.63
23.0 17.5
23.0 17.33
23.0 17.65
21.86 17.62
21.86 17.41
23.0 17.49
23.0 17.39
23.0 17.38
23.0 17.37
20.72 17.26
21.86 17.44
23.0 17.64
23.0 17.52
23.0 17.48
23.0 17.39
23.0 17.71
23.0 17.36
23.0 17.5
20.72 17.44
23.0 17.49
23.0 17.38
23.0 17.41
23.0 17.36
23.0 17.31
23.0 17.5
23.0 17.51
23.0 17.41
21.86 17.54
23.0 17.47
23.0 17.48
23.0 17.5
23.0 17.45
23.0 17.44
23.0 17.61
23.0 17.38
23.0 17.56
23.0 17.54
23.0 17.35
23.0 17.37
21.86 17.33
23.0 17.54
23.0 17.33
23.0 17.3
21.86 17.42
23.0 17.3
23.0 17.53
23.0 17.46
23.0 17.65
23.0 17.38
23.0 17.44
23.0 17.42
23.0 17.43
23.0 17.32
23.0 17.47
23.0 17.52
23.0 17.7
21.86 17.22
23.0 17.5
23.0 17.57
23.0 17.28
23.0 17.67
21.86 17.41
23.0 17.61
21.86 17.38
23.0 17.41
21.86 17.69
23.0 17.47
23.0 17.45
23.0 17.36
23.0 17.43
23.0 17.52
23.0 17.36
23.0 17.58
23.0 17.49
23.0 17.27
23.0 17.52
23.0 17.33
23.0 17.4
23.0 17.31
23.0 17.25
23.0 17.49
23.0 17.53
23.0 17.47
23.0 17.44
23.0 17.44
23.0 17.54
23.0 17.41
23.0 17.42
23.0 17.55
23.0 17.4
23.0 17.46
23.0 17.38
23.0 17.34
23.0 17.45
23.0 17.6
23.0 17.39
23.0 17.5
23.0 17.56
23.0 17.44
23.0 17.57
23.0 17.42
23.0 17.46
23.0 17.47
24.14 17.63
23.0 17.49
23.0 17.49
23.0 17.42
23.0 17.41
23.0 17.52
23.0 17.36
23.0 17.5
23.0 17.62
23.0 17.34
23.0 17.41
23.0 17.46
23.0 17.32
23.0 17.33
23.0 17.57
23.0 17.46
23.0 17.29
23.0 17.58
23.0 17.39
23.0 17.44
23.0 17.28
23.0 17.45
23.0 17.31
23.0 17.47
23.0 17.38
23.0 17.31
23.0 17.44
23.0 17.28
23.0 17.42
23.0 17.31
23.0 17.52
23.0 17.4
23.0 17.42
24.14 17.41
23.0 17.37
23.0 17.12
23.0 17.49
23.0 17.38
24.14 17.45
23.0 17.22
23.0 17.44
23.0 17.49
23.0 17.5
23.0 17.27
23.0 17.46
23.0 17.39
23.0 17.18
23.0 17.41
24.14 17.41
23.0 17.36
23.0 17.5
23.0 17.37
23.0 17.33
23.0 17.3
23.0 17.42
23.0 17.29
23.0 17.3
23.0 17.46
23.0 17.31
23.0 17.22
23.0 17.42
23.0 17.47
23.0 17.36
23.0 17.3
23.0 17.46
23.0 17.34
24.14 17.18
23.0 17.38
23.0 17.22
23.0 17.38
23.0 17.21
23.0 17.07
23.0 17.33
23.0 17.39
23.0 17.24
23.0 17.42
24.14 17.01
23.0 17.1
23.0 17.24
23.0 17.11
24.14 17.29
23.0 17.18
24.14 17.15
23.0 17.26
23.0 17.28
23.0 17.36
23.0 17.35
23.0 17.32
23.0 17.3
23.0 17.25
23.0 17.08
23.0 17.2
23.0 17.17
23.0 17.29
24.14 17.0
23.0 17.31
23.0 17.3
23.0 17.38
23.0 17.34
23.0 17.2
23.0 17.23
23.0 17.31
23.0 17.58
24.14 17.31
23.0 17.07
23.0 17.25
23.0 17.05
24.14 17.37
23.0 17.25
24.14 17.14
23.0 17.23
23.0 17.3
24.14 17.15
23.0 17.2
23.0 17.15
23.0 17.45
23.0 17.33
23.0 17.07
23.0 17.17
24.14 17.22
24.14 17.19
23.0 17.22
24.14 17.23
24.14 17.32
23.0 17.17
23.0 17.47
24.14 17.26
23.0 17.14
23.0 17.37
23.0 17.34
23.0 17.09
23.0 17.3
24.14 17.44
23.0 17.09
23.0 17.14
24.14 16.96
23.0 17.09
23.0 17.22
23.0 16.96
23.0 17.02
24.14 17.36
23.0 17.33
23.0 17.16
23.0 17.25
24.14 17.23
23.0 16.96
23.0 17.17
23.0 17.22
23.0 17.29
24.14 17.33
23.0 17.12
23.0 17.42
23.0 17.23
24.14 17.09
23.0 17.12
23.0 17.17
23.0 17.26
23.0 17.24
23.0 17.23
23.0 17.12
23.0 17.02
23.0 17.15
23.0 17.26
24.14 17.11
23.0 17.15
23.0 17.04
23.0 17.07
23.0 17.34
23.0 17.23
23.0 17.35
23.0 17.12
24.14 17.12
23.0 17.1
23.0 17.31
24.14 17.21
24.14 17.28
24.14 17.12
24.14 17.38
23.0 17.38
24.14 17.23
23.0 17.1
23.0 17.22
23.0 17.04
23.0 17.25
23.0 17.18
23.0 17.04
23.0 17.02
24.14 17.12
23.0 17.17
23.0 17.11
23.0 17.16
25.28 17.28
23.0 17.1
23.0 17.29
23.0 17.07
23.0 17.32
23.0 17.15
24.14 17.26
23.0 17.28
23.0 17.09
24.14 17.14
25.28 17.28
24.14 17.29
25.28 17.21
23.0 17.22
23.0 17.36
23.0 17.08
24.14 17.24
24.14 17.14
24.14 17.32
23.0 17.06
23.0 17.14
23.0 17.06
24.14 17.36
24.14 17.28
23.0 17.17
23.0 17.25
23.0 17.19
23.0 17.23
23.0 17.33
23.0 17.41
23.0 17.06
23.0 17.2
23.0 17.04
23.0 17.19
24.14 17.31
24.14 17.28
24.14 17.0
23.0 17.13
24.14 17.24
23.0 17.26
23.0 17.21
24.14 17.0
23.0 17.05
25.28 17.22
24.14 17.28
23.0 17.18
23.0 17.05
23.0 17.1
23.0 17.38
24.14 17.08
24.14 17.32
24.14 17.09
23.0 17.2
25.28 17.15
23.0 17.04
23.0 17.09
23.0 17.25
23.0 17.24
24.14 17.22
23.0 17.22
25.28 17.29
24.14 17.33
23.0 17.1
23.0 17.2
23.0 17.36
23.0 17.09
23.0 17.25
25.28 17.24
24.14 17.04
23.0 17.24
24.14 17.14
23.0 16.99
24.14 17.04
24.14 17.22
24.14 17.02
23.0 17.19
23.0 17.23
24.14 17.29
24.14 17.14
24.14 17.22
23.0 17.36
23.0 17.14
23.0 17.11
25.28 17.14
24.14 17.12
23.0 17.08
25.28 17.09
24.14 17.08
23.0 17.25
23.0 17.04
23.0 17.04
23.0 17.28
23.0 17.17
23.0 17.24
24.14 17.08
23.0 17.17
24.14 17.35
23.0 17.04
25.28 17.28
24.14 17.05
23.0 17.2
23.0 17.3
24.14 17.15
24.14 17.27
23.0 17.02
24.14 17.15
23.0 17.26
23.0 17.06
23.0 17.18
24.14 17.28
24.14 17.12
24.14 17.28
24.14 17.18
24.14 17.18
23.0 17.1
25.28 17.16
25.28 17.2
24.14 17.37
24.14 17.08
24.14 17.3
24.14 17.13
24.14 16.99
25.28 17.33
24.14 17.21
24.14 17.12
24.14 17.35
24.14 17.31
23.0 17.23
24.14 17.36
25.28 17.41
24.14 17.24
25.28 17.18
23.0 16.97
25.28 17.01
23.0 17.2
23.0 17.04
24.14 17.01
23.0 17.18
24.14 17.22
24.14 16.87
23.0 17.23
23.0 17.2
24.14 17.01
23.0 17.12
25.28 17.17
24.14 17.12
25.28 17.1
25.28 17.13
24.14 17.2
23.0 17.17
25.28 17.14
23.0 17.04
25.28 17.08
24.14 17.31
25.28 17.47
24.14 17.2
24.14 16.94
24.14 17.06
24.14 16.9
25.28 17.31
25.28 17.19
24.14 17.18
23.0 17.26
25.28 17.09
24.14 17.41
24.14 17.31
23.0 17.15
25.28 17.21
23.0 17.22
24.14 17.18
24.14 16.92
24.14 17.09
24.14 17.21
23.0 17.11
25.28 17.08
25.28 16.94
25.28 16.9
25.28 17.15
25.28 17.0
24.14 17.09
25.28 17.22
24.14 17.29
25.28 17.17
24.14 16.88
25.28 17.17
24.14 17.11
23.0 16.86
25.28 17.38
24.14 16.96
23.0 16.91
25.28 16.91
24.14 17.03
23.0 17.2
23.0 16.98
23.0 16.96
25.28 16.98
25.28 17.12
24.14 16.9
25.28 17.03
24.14 16.99
23.0 17.27
24.14 16.98
25.28 17.01
23.0 16.98
25.28 16.98
23.0 17.15
25.28 17.05
25.28 17.01
25.28 17.21
23.0 17.06
25.28 17.15
25.28 16.94
25.28 16.97
25.28 16.99
25.28 17.04
24.14 17.07
23.0 17.17
25.28 16.97
25.28 17.06
25.28 16.92
24.14 17.01
24.14 16.64
24.14 16.9
24.14 17.01
24.14 16.97
23.0 16.82
24.14 16.79
24.14 16.7
25.28 16.75
25.28 16.85
25.28 17.01
25.28 16.8
24.14 16.97
23.0 17.11
25.28 17.07
23.0 16.83
25.28 16.75
25.28 17.01
25.28 17.1
25.28 16.87
25.28 17.13
23.0 17.25
25.28 17.01
25.28 17.03
25.28 16.93
24.14 16.93
25.28 16.86
25.28 17.18
25.28 16.86
24.14 17.02
24.14 16.9
23.0 16.95
24.14 17.09
25.28 17.03
25.28 16.73
23.0 17.02
25.28 16.81
25.28 17.0
25.28 16.96
24.14 16.86
24.14 17.04
25.28 16.87
25.28 16.75
24.14 16.95
25.28 17.02
23.0 16.79
25.28 17.04
25.28 16.82
25.28 17.09
25.28 17.02
25.28 16.94
23.0 16.9
25.28 16.83
25.28 17.06
25.28 16.83
24.14 16.91
25.28 17.03
25.28 16.89
25.28 17.01
25.28 16.92
25.28 16.96
25.28 17.04
25.28 16.98
25.28 17.08
23.0 16.79
24.14 17.13
24.14 16.8
25.28 16.91
24.14 16.93
25.28 17.31
25.28 16.83
24.14 17.08
25.28 17.2
25.28 16.92
25.28 16.99
24.14 16.96
25.28 17.11
25.28 17.05
25.28 16.98
25.28 16.76
25.28 16.95
25.28 17.04
25.28 16.74
24.14 17.13
25.28 16.96
25.28 17.16
24.14 16.75
25.28 17.1
25.28 16.92
24.14 16.77
24.14 16.98
25.28 17.03
24.14 17.11
25.28 17.04
25.28 16.77
25.28 17.04
24.14 16.82
25.28 16.95
25.28 16.99
24.14 16.88
25.28 17.06
23.0 16.85
25.28 16.91
24.14 16.89
25.28 17.06
23.0 16.91
25.28 16.88
25.28 17.12
25.28 16.8
25.28 16.84
25.28 16.83
25.28 16.89
25.28 16.8
24.14 16.83
25.28 16.87
25.28 16.98
24.14 17.07
25.28 16.95
25.28 17.02
25.28 17.27
25.28 16.8
24.14 16.9
25.28 16.91
25.28 16.8
25.28 16.92
25.28 16.88
25.28 17.07
25.28 17.01
25.28 16.94
25.28 16.84
25.28 16.9
25.28 16.77
25.28 16.78
25.28 16.81
25.28 16.92
25.28 16.86
23.0 16.93
24.14 16.82
25.28 17.01
25.28 16.85
25.28 16.85
25.28 16.82
25.28 16.76
25.28 16.83
25.28 16.86
25.28 16.95
25.28 17.02
25.28 16.72
25.28 16.99
25.28 16.82
24.14 16.98
25.28 16.94
25.28 17.02
25.28 17.02
24.14 16.83
25.28 16.93
25.28 16.83
25.28 16.89
24.14 16.77
25.28 17.07
25.28 16.9
25.28 17.15
25.28 16.62
25.28 17.1
25.28 16.86
25.28 16.66
25.28 17.06
25.28 16.94
25.28 16.94
25.28 16.83
25.28 17.06
25.28 16.78
25.28 16.84
25.28 16.8
25.28 16.91
25.28 17.16
25.28 16.82
25.28 16.96
24.14 16.8
25.28 17.06
24.14 16.89
23.0 16.98
25.28 16.94
24.14 17.02
25.28 17.04
25.28 16.99
25.28 17.05
25.28 16.79
25.28 16.99
25.28 16.93
25.28 16.93
25.28 17.15
24.14 16.74
25.28 16.98
25.28 16.94
25.28 16.91
25.28 17.04
25.28 16.75
25.28 16.75
25.28 17.07
25.28 16.88
25.28 16.84
25.28 17.23
25.28 16.88
25.28 16.98
25.28 16.98
25.28 16.93
25.28 16.94
25.28 16.68
25.28 16.97
25.28 17.09
25.28 16.82
25.28 16.63
25.28 16.85
25.28 17.12
25.28 16.78
25.28 16.79
25.28 16.66
25.28 16.74
25.28 16.91
25.28 17.09
25.28 17.01
25.28 16.83
25.28 16.9
25.28 16.94
25.28 16.93
25.28 16.85
25.28 16.77
25.28 16.94
25.28 17.05
25.28 16.91
25.28 16.92
26.42 17.07
25.28 16.98
25.28 16.94
25.28 16.79
26.42 16.98
25.28 16.91
25.28 16.77
25.28 16.94
25.28 16.86
25.28 16.89
25.28 16.87
25.28 17.04
25.28 16.96
25.28 16.88
25.28 17.01
25.28 17.0
25.28 16.95
25.28 17.11
25.28 17.07
25.28 17.1
25.28 16.93
25.28 16.99
25.28 16.9
25.28 17.1
25.28 16.83
25.28 16.9
25.28 16.97
25.28 16.91
25.28 16.98
25.28 16.78
25.28 16.78
25.28 17.05
25.28 16.86
25.28 16.85
25.28 16.75
25.28 17.01
26.42 17.02
25.28 16.75
25.28 17.1
25.28 16.8
25.28 16.7
25.28 17.0
25.28 16.7
26.42 16.99
25.28 16.85
25.28 16.91
25.28 16.79
25.28 16.97
24.14 16.96
25.28 16.9
25.28 17.05
25.28 16.96
25.28 16.91
26.42 17.03
25.28 16.88
25.28 16.9
25.28 16.77
25.28 17.06
25.28 17.01
25.28 17.15
25.28 16.94
25.28 16.62
25.28 16.8
25.28 16.79
25.28 16.96
25.28 16.77
25.28 17.03
25.28 16.97
25.28 16.82
26.42 16.82
25.28 16.93
25.28 16.99
25.28 17.11
26.42 16.88
26.42 16.84
25.28 16.91
25.28 16.84
25.28 16.94
25.28 16.86
24.14 16.96
25.28 16.88
25.28 16.74
25.28 16.97
25.28 16.88
25.28 16.96
25.28 16.86
25.28 16.88
25.28 16.78
25.28 17.07
25.28 16.8
25.28 16.48
25.28 16.91
25.28 16.83
26.42 16.82
25.28 16.85
25.28 16.84
25.28 16.66
25.28 17.06
25.28 16.93
25.28 17.1
25.28 16.74
26.42 16.7
25.28 16.83
25.28 16.83
25.28 16.82
25.28 17.2
25.28 17.06
25.28 16.72
25.28 16.74
25.28 17.02
25.28 16.71
25.28 16.98
25.28 16.64
25.28 16.97
25.28 16.63
25.28 16.7
26.42 16.75
25.28 16.96
25.28 16.69
25.28 16.88
26.42 16.86
25.28 16.86
25.28 16.75
26.42 16.91
25.28 16.75
25.28 16.74
25.28 16.62
25.28 16.75
26.42 16.9
25.28 16.88
25.28 16.81
25.28 16.89
26.42 16.88
25.28 16.85
26.42 16.77
25.28 16.75
25.28 16.74
25.28 16.62
26.42 16.7
25.28 17.12
25.28 16.93
25.28 16.67
25.28 17.13
25.28 16.66
25.28 16.84
25.28 16.82
25.28 16.93
25.28 16.77
25.28 16.94
26.42 17.07
25.28 16.58
25.28 16.56
25.28 16.83
25.28 17.0
25.28 16.75
25.28 16.59
25.28 16.54
26.42 16.54
25.28 16.86
25.28 16.76
25.28 16.71
25.28 16.87
25.28 16.91
25.28 16.61
25.28 16.93
26.42 16.75
25.28 16.89
25.28 16.83
26.42 16.48
25.28 16.83
25.28 16.66
25.28 16.82
25.28 16.74
25.28 16.64
25.28 16.43
25.28 16.81
25.28 16.92
25.28 16.54
26.42 16.61
25.28 16.93
25.28 16.77
25.28 16.93
26.42 16.67
26.42 16.89
26.42 16.88
26.42 16.89
25.28 16.65
25.28 16.8
25.28 16.85
25.28 16.58
25.28 16.67
25.28 16.49
25.28 16.71
25.28 16.7
25.28 16.72
26.42 16.94
26.42 16.85
25.28 16.78
26.42 16.76
25.28 16.65
26.42 16.66
25.28 16.91
25.28 16.77
25.28 16.75
25.28 16.8
26.42 16.74
25.28 17.06
25.28 16.42
26.42 16.77
25.28 16.73
25.28 16.64
25.28 16.85
26.42 16.5
26.42 16.75
25.28 16.61
25.28 16.77
26.42 16.66
25.28 16.68
25.28 16.77
26.42 16.8
25.28 16.75
26.42 16.83
25.28 16.5
25.28 16.7
25.28 16.64
25.28 16.77
25.28 16.68
25.28 16.55
25.28 16.78
26.42 16.86
25.28 16.56
26.42 16.69
26.42 16.66
26.42 16.64
25.28 16.64
25.28 16.83
26.42 16.51
25.28 16.77
26.42 16.59
25.28 16.59
26.42 16.62
25.28 16.76
25.28 16.65
25.28 16.88
25.28 16.73
25.28 16.67
26.42 16.64
25.28 16.66
25.28 16.82
25.28 16.8
26.42 16.84
25.28 16.7
26.42 16.78
26.42 16.67
25.28 16.46
25.28 16.56
26.42 16.55
25.28 16.77
26.42 16.75
26.42 16.44
26.42 16.88
25.28 16.82
25.28 16.9
26.42 16.74
25.28 16.58
26.42 16.44
25.28 16.93
25.28 16.69
25.28 16.77
25.28 16.77
25.28 16.64
25.28 16.86
26.42 16.74
25.28 16.73
26.42 16.71
26.42 16.55
25.28 16.72
25.28 16.53
26.42 16.98
26.42 16.91
25.28 16.64
25.28 16.6
26.42 17.01
26.42 16.54
25.28 16.69
25.28 16.82
25.28 16.62
25.28 16.75
26.42 16.83
25.28 16.58
25.28 16.67
26.42 16.66
26.42 16.83
25.28 16.79
25.28 16.72
26.42 16.69
25.28 16.85
25.28 16.55
25.28 16.69
26.42 16.5
26.42 16.92
25.28 16.65
25.28 16.78
25.28 16.65
25.28 16.66
25.28 16.66
25.28 16.67
26.42 16.65
26.42 16.93
25.28 16.67
25.28 16.68
26.42 16.69
25.28 16.61
25.28 16.61
26.42 16.78
26.42 16.55
25.28 16.84
26.42 16.68
26.42 16.88
25.28 16.65
25.28 16.65
26.42 16.57
26.42 16.69
26.42 16.83
25.28 16.41
26.42 16.63
25.28 16.48
25.28 16.56
26.42 16.7
25.28 16.71
25.28 16.75
25.28 16.7
25.28 16.77
25.28 16.69
25.28 16.62
26.42 16.65
25.28 16.81
26.42 16.7
25.28 16.61
26.42 16.54
26.42 16.89
26.42 16.69
25.28 16.7
25.28 16.88
26.42 16.77
26.42 16.62
25.28 16.72
26.42 16.64
27.56 16.93
26.42 16.78
25.28 16.83
26.42 16.69
25.28 16.85
26.42 16.57
26.42 16.67
25.28 16.59
25.28 16.54
25.28 16.66
25.28 16.93
26.42 16.59
25.28 16.66
25.28 16.41
26.42 16.81
25.28 16.7
25.28 16.89
26.42 16.62
25.28 16.61
25.28 16.54
26.42 16.63
26.42 16.59
25.28 16.83
26.42 16.64
26.42 16.69
25.28 16.72
25.28 16.78
26.42 16.69
26.42 16.7
26.42 16.57
26.42 16.83
26.42 16.7
26.42 16.88
25.28 16.62
25.28 16.71
25.28 16.42
25.28 16.64
26.42 16.82
25.28 16.67
26.42 16.82
27.56 16.57
26.42 16.65
26.42 16.56
26.42 16.49
26.42 16.55
25.28 16.69
25.28 17.03
25.28 16.54
25.28 16.8
26.42 16.73
25.28 16.76
25.28 16.6
26.42 16.73
25.28 16.85
25.28 16.73
25.28 16.48
25.28 16.69
25.28 16.67
26.42 16.75
27.56 16.99
25.28 16.61
26.42 16.73
26.42 16.65
25.28 16.78
26.42 16.63
26.42 16.78
26.42 16.73
27.56 16.75
26.42 16.58
26.42 16.66
26.42 16.67
26.42 16.56
26.42 16.71
26.42 16.77
26.42 16.73
26.42 16.65
25.28 16.48
26.42 16.82
26.42 16.45
26.42 16.63
26.42 16.93
26.42 16.92
25.28 16.58
25.28 16.74
26.42 16.74
25.28 16.46
25.28 16.66
26.42 16.72
26.42 16.78
25.28 16.48
26.42 16.77
26.42 16.69
27.56 16.83
25.28 16.63
26.42 16.65
25.28 16.86
25.28 16.76
26.42 16.62
25.28 16.92
25.28 16.62
26.42 16.54
26.42 16.65
25.28 16.65
25.28 16.6
27.56 16.7
27.56 16.74
26.42 16.64
25.28 16.86
26.42 16.57
26.42 16.58
26.42 16.68
25.28 16.74
26.42 16.8
27.56 16.59
25.28 16.93
26.42 16.48
25.28 16.89
25.28 16.5
26.42 16.64
25.28 16.57
26.42 16.49
27.56 16.61
26.42 16.74
25.28 16.88
25.28 16.77
26.42 16.67
26.42 16.7
25.28 16.49
25.28 16.72
27.56 16.63
27.56 16.62
27.56 16.71
25.28 16.82
26.42 16.51
25.28 16.54
26.42 16.59
26.42 16.48
26.42 16.56
26.42 16.56
25.28 16.61
26.42 16.82
25.28 16.66
26.42 16.62
26.42 16.67
26.42 16.68
25.28 16.72
27.56 16.74
26.42 16.65
25.28 16.67
26.42 16.59
27.56 16.73
26.42 16.72
26.42 16.76
25.28 16.54
26.42 16.82
27.56 16.56
25.28 16.34
26.42 16.61
27.56 16.39
26.42 16.75
27.56 16.61
27.56 16.59
25.28 16.67
26.42 16.72
26.42 16.5
26.42 16.72
26.42 16.58
27.56 16.72
26.42 16.51
26.42 16.48
26.42 16.21
25.28 16.77
26.42 16.56
26.42 16.77
26.42 16.99
25.28 16.67
26.42 16.72
27.56 16.85
27.56 16.62
25.28 16.69
25.28 16.5
25.28 16.76
25.28 16.58
27.56 16.51
27.56 16.62
27.56 16.62
27.56 16.45
26.42 16.64
26.42 16.52
26.42 16.86
27.56 16.62
25.28 16.64
27.56 16.48
25.28 16.78
26.42 16.38
26.42 16.4
25.28 16.39
26.42 16.42
26.42 16.75
27.56 16.66
26.42 16.69
25.28 16.64
25.28 16.54
27.56 16.72
25.28 16.51
27.56 16.54
27.56 16.67
27.56 16.65
26.42 16.41
27.56 16.82
26.42 16.81
26.42 16.5
26.42 16.54
27.56 16.8
26.42 16.66
27.56 16.51
27.56 16.45
25.28 16.56
26.42 16.57
27.56 16.57
25.28 16.63
27.56 16.76
27.56 16.43
27.56 16.59
27.56 16.59
27.56 16.84
27.56 16.63
27.56 16.66
27.56 16.47
27.56 16.67
27.56 16.42
25.28 16.43
26.42 16.66
27.56 16.46
27.56 16.61
25.28 16.51
26.42 16.53
25.28 16.44
26.42 16.44
26.42 16.22
27.56 16.38
27.56 16.5
27.56 16.4
27.56 16.46
27.56 16.73
27.56 16.75
27.56 16.82
26.42 16.47
27.56 16.42
27.56 16.4
27.56 16.28
27.56 16.31
27.56 16.63
26.42 16.51
27.56 16.64
27.56 16.56
26.42 16.21
27.56 16.77
27.56 16.48
26.42 16.67
27.56 16.46
27.56 16.6
27.56 16.22
27.56 16.5
27.56 16.54
27.56 16.53
27.56 16.33
26.42 16.54
26.42 16.67
27.56 16.52
27.56 16.38
26.42 16.4
26.42 16.55
27.56 16.4
27.56 16.37
27.56 16.62
26.42 16.57
27.56 16.56
27.56 16.43
27.56 16.59
27.56 16.42
27.56 16.36
26.42 16.54
27.56 16.57
27.56 16.39
27.56 16.39
27.56 16.34
26.42 16.37
26.42 16.54
27.56 16.32
27.56 16.79
27.56 16.66
27.56 16.34
26.42 16.35
27.56 16.46
27.56 16.53
26.42 16.58
27.56 16.33
27.56 16.46
27.56 16.54
26.42 16.35
25.28 16.62
27.56 16.29
27.56 16.5
27.56 16.53
27.56 16.49
27.56 16.42
27.56 16.48
27.56 16.46
27.56 16.26
27.56 16.58
27.56 16.59
27.56 16.53
27.56 16.43
26.42 16.34
27.56 16.29
27.56 16.33
27.56 16.4
27.56 16.48
27.56 16.58
27.56 16.53
27.56 16.5
27.56 16.38
27.56 16.46
27.56 16.29
27.56 16.4
27.56 16.52
27.56 16.56
26.42 16.5
27.56 16.31
27.56 16.27
27.56 16.6
28.7 16.6
27.56 16.51
27.56 16.38
27.56 16.45
27.56 16.29
27.56 16.43
27.56 16.56
27.56 16.22
27.56 16.48
27.56 16.61
27.56 16.72
27.56 16.45
26.42 16.33
27.56 16.39
26.42 16.53
27.56 16.62
27.56 16.33
27.56 16.4
27.56 16.56
27.56 16.4
27.56 16.45
27.56 16.66
27.56 16.43
27.56 16.37
27.56 16.46
27.56 16.59
27.56 16.43
27.56 16.28
27.56 16.5
27.56 16.51
27.56 16.6
27.56 16.53
27.56 16.43
27.56 16.54
27.56 16.52
27.56 16.75
27.56 16.34
27.56 16.59
27.56 16.51
27.56 16.53
27.56 16.37
27.56 16.5
27.56 16.47
27.56 16.56
27.56 16.29
27.56 16.42
27.56 16.59
27.56 16.48
27.56 16.38
27.56 16.26
27.56 16.4
27.56 16.72
27.56 16.27
27.56 16.54
27.56 16.21
27.56 16.4
27.56 16.58
27.56 16.3
27.56 16.42
27.56 16.42
27.56 16.32
28.7 16.3
27.56 16.54
27.56 16.73
27.56 16.24
27.56 16.46
27.56 16.41
27.56 16.34
27.56 16.52
27.56 16.37
27.56 16.66
27.56 16.56
27.56 16.46
27.56 16.49
28.7 16.43
27.56 16.51
27.56 16.27
27.56 16.26
27.56 16.37
27.56 16.32
27.56 16.53
27.56 16.57
27.56 16.48
27.56 16.45
28.7 16.46
27.56 16.53
27.56 16.51
28.7 16.34
27.56 16.53
27.56 16.35
28.7 16.42
27.56 16.42
28.7 16.34
27.56 16.42
27.56 16.56
27.56 16.53
28.7 16.42
27.56 16.49
27.56 16.48
27.56 16.6
28.7 16.46
27.56 16.25
27.56 16.35
27.56 16.37
27.56 16.36
28.7 16.18
27.56 16.7
27.56 16.4
27.56 16.56
28.7 16.38
28.7 16.4
27.56 16.52
27.56 16.45
27.56 16.38
27.56 16.57
27.56 16.34
28.7 16.45
27.56 16.45
27.56 16.59
27.56 16.34
27.56 16.44
27.56 16.59
27.56 16.63
27.56 16.6
27.56 16.37
27.56 16.46
28.7 16.7
27.56 16.5
27.56 16.5
27.56 16.19
27.56 16.59
27.56 16.47
27.56 16.25
28.7 16.4
28.7 16.36
27.56 16.43
27.56 16.45
28.7 16.43
27.56 16.47
27.56 16.38
27.56 16.56
28.7 16.26
28.7 16.64
27.56 16.27
27.56 16.42
27.56 16.1
27.56 16.65
27.56 16.43
27.56 16.38
28.7 16.18
27.56 16.55
27.56 16.58
27.56 16.51
27.56 16.47
28.7 16.16
28.7 16.42
28.7 16.37
27.56 16.53
27.56 16.35
27.56 16.42
27.56 16.44
27.56 16.34
28.7 16.4
28.7 16.19
27.56 16.11
27.56 16.38
27.56 16.3
28.7 16.38
27.56 16.45
28.7 16.43
28.7 16.3
28.7 16.38
27.56 16.5
27.56 16.34
28.7 16.51
28.7 16.69
27.56 16.62
27.56 16.48
27.56 16.42
28.7 16.49
27.56 16.39
27.56 16.5
27.56 16.27
27.56 16.38
28.7 16.45
27.56 16.53
28.7 16.37
27.56 16.42
28.7 16.41
27.56 16.46
28.7 16.51
28.7 16.46
28.7 16.5
27.56 16.06
28.7 16.47
27.56 16.32
28.7 16.37
27.56 16.34
28.7 16.44
27.56 16.65
27.56 16.25
27.56 16.34
28.7 16.3
28.7 16.3
28.7 16.53
28.7 16.36
27.56 16.51
27.56 16.16
28.7 16.55
28.7 16.51
28.7 16.25
27.56 16.19
28.7 16.5
28.7 16.39
28.7 16.46
27.56 16.48
28.7 16.5
27.56 16.25
28.7 16.38
28.7 16.33
27.56 16.64
27.56 16.22
28.7 16.09
27.56 16.58
27.56 16.25
27.56 16.31
28.7 16.28
28.7 16.24
28.7 16.23
27.56 16.43
28.7 16.21
27.56 16.27
28.7 16.32
28.7 16.3
27.56 16.6
27.56 16.4
27.56 16.26
28.7 16.56
28.7 16.27
28.7 16.42
28.7 16.2
28.7 16.11
27.56 16.2
28.7 16.3
27.56 16.4
28.7 16.18
28.7 16.25
27.56 16.52
28.7 16.35
28.7 16.57
28.7 16.23
28.7 16.34
28.7 16.5
28.7 16.42
28.7 16.38
27.56 16.54
27.56 16.36
28.7 16.08
28.7 16.33
28.7 16.36
28.7 16.35
28.7 16.45
28.7 16.41
28.7 16.32
28.7 16.27
27.56 16.22
28.7 16.34
28.7 16.29
28.7 16.1
28.7 16.22
27.56 16.5
28.7 16.42
28.7 16.51
28.7 16.24
28.7 16.17
28.7 16.4
28.7 16.38
28.7 16.38
28.7 16.35
28.7 16.22
28.7 16.21
27.56 16.09
28.7 16.26
28.7 16.37
28.7 16.24
28.7 16.37
28.7 16.32
28.7 16.07
28.7 16.18
27.56 16.11
28.7 16.37
28.7 16.46
28.7 15.94
28.7 16.22
28.7 16.37
28.7 16.31
28.7 16.42
28.7 16.16
28.7 16.34
28.7 16.17
28.7 16.1
27.56 16.33
27.56 16.34
28.7 16.54
28.7 16.42
28.7 16.22
28.7 16.34
28.7 16.27
28.7 16.21
28.7 16.1
28.7 16.24
28.7 16.28
28.7 16.15
28.7 16.54
28.7 16.27
28.7 16.27
27.56 16.19
27.56 16.13
28.7 16.08
27.56 16.11
28.7 16.36
28.7 16.16
28.7 16.21
27.56 16.16
28.7 16.09
28.7 16.16
28.7 16.24
28.7 16.14
28.7 16.08
28.7 16.21
28.7 16.37
28.7 16.37
28.7 16.42
29.84 16.45
28.7 16.29
28.7 16.19
28.7 16.23
28.7 16.22
28.7 16.34
28.7 16.1
27.56 16.27
28.7 15.96
28.7 16.41
28.7 16.11
28.7 16.27
28.7 16.21
28.7 16.19
28.7 16.21
28.7 16.29
28.7 16.09
28.7 16.26
28.7 16.33
28.7 16.14
28.7 16.24
28.7 16.41
28.7 16.19
28.7 16.22
28.7 16.02
27.56 16.27
28.7 16.12
28.7 16.06
28.7 16.0
28.7 16.06
27.56 16.2
28.7 16.32
28.7 16.17
27.56 16.25
28.7 16.18
28.7 16.1
28.7 15.87
28.7 16.09
28.7 16.28
28.7 16.2
28.7 16.3
27.56 16.27
28.7 16.06
27.56 16.13
28.7 16.21
28.7 16.19
28.7 16.35
28.7 16.26
28.7 16.09
28.7 16.18
28.7 16.18
28.7 16.19
28.7 16.04
28.7 16.2
28.7 16.23
28.7 16.14
28.7 16.1
28.7 16.13
28.7 16.29
28.7 16.33
28.7 16.21
28.7 16.25
28.7 16.37
28.7 16.22
28.7 15.92
28.7 16.2
28.7 16.11
28.7 16.08
29.84 16.21
28.7 16.23
28.7 16.18
28.7 16.27
28.7 16.31
28.7 16.18
28.7 16.03
28.7 16.09
28.7 16.06
29.84 16.1
28.7 16.11
28.7 16.0
28.7 16.14
28.7 16.24
28.7 16.08
29.84 16.16
28.7 16.13
28.7 16.17
28.7 16.06
28.7 16.21
28.7 16.11
28.7 16.29
28.7 16.06
28.7 16.31
28.7 16.16
28.7 16.13
28.7 16.27
28.7 16.2
28.7 16.06
29.84 16.27
28.7 16.52
28.7 16.05
28.7 16.27
28.7 16.5
27.56 16.06
27.56 16.16
28.7 16.14
29.84 16.25
27.56 16.44
28.7 16.24
28.7 16.4
29.84 15.97
29.84 16.16
28.7 16.14
28.7 16.28
28.7 16.3
28.7 16.34
28.7 16.16
28.7 16.12
28.7 16.01
28.7 16.19
28.7 16.12
29.84 16.18
28.7 16.08
29.84 15.92
28.7 16.26
28.7 16.23
28.7 16.21
28.7 16.29
28.7 16.35
28.7 16.21
28.7 16.4
28.7 16.46
28.7 16.43
29.84 16.21
28.7 16.11
28.7 16.08
28.7 16.25
28.7 16.08
27.56 16.33
28.7 16.05
28.7 16.03
29.84 16.12
28.7 16.27
28.7 16.32
28.7 16.3
28.7 16.21
28.7 16.07
28.7 16.02
28.7 15.97
28.7 16.06
28.7 16.12
28.7 16.01
28.7 16.32
28.7 16.13
28.7 16.08
28.7 16.27
28.7 16.28
28.7 16.18
28.7 16.14
28.7 16.54
28.7 16.24
28.7 16.13
28.7 16.23
28.7 16.11
28.7 16.24
29.84 15.97
29.84 16.16
29.84 16.27
28.7 16.32
29.84 16.03
29.84 16.37
28.7 16.29
28.7 16.1
28.7 16.3
28.7 16.05
28.7 15.97
28.7 16.29
28.7 16.13
28.7 16.0
29.84 16.13
28.7 16.21
28.7 15.97
29.84 15.88
28.7 16.11
28.7 16.13
28.7 16.02
28.7 16.04
28.7 16.3
28.7 16.03
28.7 16.11
28.7 16.21
28.7 15.97
29.84 15.98
28.7 16.29
28.7 16.02
28.7 16.14
28.7 16.23
29.84 16.22
28.7 16.18
28.7 16.11
28.7 16.07
29.84 16.12
28.7 16.32
28.7 16.17
28.7 16.23
28.7 15.98
28.7 16.2
29.84 16.04
28.7 16.05
28.7 16.16
28.7 16.27
28.7 16.5
29.84 16.27
28.7 16.13
28.7 16.02
28.7 16.24
28.7 16.09
28.7 16.26
28.7 16.31
29.84 16.25
28.7 16.26
29.84 16.05
28.7 16.11
28.7 16.13
28.7 16.36
28.7 16.1
29.84 16.16
28.7 16.17
29.84 16.34
29.84 16.35
28.7 16.24
28.7 16.24
28.7 16.39
28.7 16.24
29.84 16.06
29.84 16.14
29.84 16.22
28.7 16.22
28.7 16.24
29.84 16.1
28.7 16.21
29.84 16.24
29.84 16.26
28.7 16.24
28.7 16.24
28.7 16.34
28.7 16.22
28.7 16.11
29.84 16.22
28.7 16.19
28.7 16.34
28.7 16.13
28.7 16.36
29.84 16.14
29.84 16.4
28.7 16.08
29.84 16.23
28.7 16.22
28.7 16.2
29.84 16.03
28.7 15.92
28.7 16.05
28.7 16.33
29.84 16.27
28.7 15.88
28.7 16.01
29.84 16.23
29.84 16.45
28.7 16.15
28.7 16.12
29.84 16.2
29.84 16.23
29.84 16.08
28.7 16.14
29.84 16.21
28.7 16.17
29.84 16.32
29.84 16.13
28.7 16.17
28.7 16.45
28.7 16.07
29.84 16.31
28.7 16.13
29.84 16.34
28.7 16.26
28.7 16.22
28.7 16.11
28.7 16.16
28.7 16.15
28.7 16.28
29.84 16.21
29.84 16.3
28.7 16.24
28.7 16.16
29.84 16.21
29.84 16.32
29.84 16.05
29.84 16.19
28.7 16.33
28.7 16.14
29.84 16.02
28.7 16.1
29.84 16.25
29.84 16.19
28.7 16.1
28.7 16.18
28.7 16.18
28.7 16.31
29.84 15.92
28.7 15.99
28.7 16.37
28.7 16.42
29.84 16.2
28.7 16.07
29.84 16.11
28.7 16.26
29.84 16.4
29.84 16.27
28.7 16.11
29.84 16.16
28.7 16.06
29.84 16.29
28.7 15.99
29.84 16.19
28.7 16.5
29.84 15.96
29.84 16.13
28.7 16.17
29.84 16.38
28.7 16.08
29.84 16.2
29.84 16.19
29.84 16.12
29.84 16.32
29.84 16.29
29.84 16.14
29.84 16.22
28.7 16.11
28.7 16.18
29.84 16.28
29.84 16.05
29.84 16.08
29.84 16.08
29.84 16.24
28.7 16.18
29.84 16.22
28.7 16.3
29.84 16.13
29.84 16.31
28.7 16.2
28.7 16.21
29.84 16.47
29.84 16.16
28.7 16.17
29.84 16.1
29.84 16.23
29.84 16.08
28.7 16.25
29.84 16.3
29.84 16.14
29.84 16.29
29.84 16.03
28.7 16.29
28.7 16.05
29.84 16.43
29.84 16.08
29.84 16.24
29.84 16.19
29.84 15.9
28.7 16.32
28.7 16.19
29.84 16.08
28.7 16.08
29.84 16.18
28.7 16.06
29.84 16.1
29.84 16.12
29.84 16.35
29.84 16.14
28.7 16.06
28.7 16.18
29.84 16.07
29.84 16.34
29.84 16.17
28.7 16.5
29.84 16.3
29.84 16.18
28.7 16.15
29.84 16.21
29.84 15.97
28.7 16.11
29.84 16.26
29.84 16.14
29.84 16.0
29.84 16.11
29.84 16.05
29.84 16.11
29.84 15.95
29.84 16.14
29.84 16.4
29.84 16.21
29.84 16.26
29.84 16.19
29.84 16.02
29.84 15.84
28.7 16.18
29.84 16.29
29.84 16.13
28.7 15.96
28.7 16.18
29.84 16.14
29.84 16.41
29.84 16.23
28.7 15.97
29.84 16.27
29.84 15.86
28.7 16.26
29.84 16.21
29.84 16.17
29.84 16.07
29.84 16.4
29.84 16.14
28.7 15.95
29.84 16.02
29.84 16.16
29.84 16.08
28.7 16.12
29.84 16.09
29.84 16.05
29.84 15.68
28.7 16.41
29.84 16.21
29.84 16.31
29.84 16.33
29.84 16.29
28.7 16.27
29.84 16.14
29.84 16.38
28.7 16.16
28.7 16.16
29.84 16.07
28.7 16.24
29.84 16.34
29.84 16.09
29.84 16.08
29.84 16.0
29.84 16.27
29.84 16.29
28.7 16.33
29.84 15.87
29.84 16.1
29.84 15.9
29.84 16.0
29.84 16.25
29.84 16.03
29.84 16.42
29.84 16.03
29.84 16.16
29.84 16.07
29.84 16.2
28.7 16.03
28.7 16.04
29.84 16.3
29.84 16.05
29.84 15.81
29.84 16.07
29.84 15.86
28.7 16.28
28.7 16.18
29.84 16.3
29.84 16.37
29.84 16.29
29.84 16.29
28.7 16.38
29.84 15.94
29.84 16.1
29.84 16.26
29.84 16.03
29.84 16.07
29.84 16.02
29.84 16.13
29.84 16.21
29.84 16.11
29.84 16.18
29.84 15.87
29.84 15.74
29.84 16.03
29.84 16.03
28.7 15.86
28.7 16.13
29.84 16.18
28.7 15.62
29.84 15.94
29.84 16.05
29.84 16.18
29.84 16.27
29.84 16.16
29.84 15.96
28.7 16.06
29.84 15.97
29.84 16.14
29.84 16.08
29.84 16.06
29.84 16.06
29.84 16.13
29.84 15.98
29.84 15.99
28.7 16.08
30.98 16.03
29.84 16.18
29.84 16.18
29.84 16.26
29.84 16.11
29.84 16.12
30.98 15.98
29.84 16.05
29.84 16.01
29.84 16.25
29.84 16.14
29.84 15.99
29.84 16.18
29.84 15.85
29.84 16.05
29.84 16.39
30.98 16.08
29.84 15.95
29.84 16.19
29.84 15.82
28.7 16.13
29.84 16.17
29.84 16.11
29.84 15.97
29.84 16.0
29.84 16.29
29.84 16.19
29.84 15.99
29.84 16.18
29.84 15.82
28.7 16.21
29.84 16.03
29.84 15.98
29.84 15.94
29.84 16.1
29.84 16.08
29.84 16.33
29.84 16.0
29.84 16.14
29.84 16.08
29.84 16.03
28.7 15.94
29.84 16.05
29.84 15.9
29.84 16.42
29.84 16.08
29.84 15.98
29.84 15.87
29.84 16.05
29.84 16.08
29.84 15.96
29.84 15.96
29.84 15.98
29.84 15.94
29.84 16.08
29.84 16.34
29.84 16.2
29.84 16.02
29.84 16.02
29.84 15.95
29.84 15.95
29.84 15.82
29.84 15.82
29.84 16.16
29.84 16.19
29.84 16.02
29.84 16.18
29.84 16.16
29.84 16.04
29.84 16.22
29.84 16.2
29.84 16.0
29.84 15.92
29.84 16.0
29.84 15.97
29.84 15.89
29.84 15.95
29.84 15.79
29.84 16.16
29.84 16.16
29.84 16.06
29.84 15.99
29.84 16.11
29.84 16.04
29.84 16.14
29.84 16.05
29.84 16.18
29.84 16.03
29.84 16.03
29.84 16.18
29.84 15.98
29.84 16.25
29.84 15.95
29.84 16.16
29.84 15.88
29.84 16.16
29.84 15.95
29.84 15.95
29.84 15.89
29.84 16.02
29.84 15.86
29.84 16.02
29.84 15.98
29.84 15.91
29.84 16.09
29.84 16.18
29.84 16.02
29.84 15.7
29.84 15.92
30.98 15.9
29.84 16.16
29.84 16.37
29.84 15.83
29.84 15.98
29.84 15.79
29.84 16.08
29.84 16.19
29.84 15.81
29.84 16.03
29.84 15.86
29.84 16.19
29.84 16.09
29.84 15.93
29.84 16.09
29.84 16.06
29.84 16.1
29.84 15.86
29.84 15.94
29.84 15.86
29.84 16.14
29.84 15.88
28.7 16.14
29.84 15.95
29.84 16.05
29.84 15.98
29.84 16.0
29.84 16.0
29.84 16.21
29.84 15.91
29.84 15.79
29.84 15.95
29.84 16.22
29.84 15.81
29.84 16.07
29.84 16.04
29.84 15.98
29.84 16.06
29.84 15.89
29.84 16.1
29.84 16.04
29.84 15.99
29.84 15.93
29.84 16.05
29.84 15.98
29.84 15.89
29.84 15.83
29.84 16.12
29.84 15.88
29.84 15.77
29.84 15.79
29.84 15.91
29.84 16.13
29.84 16.08
28.7 15.74
30.98 16.01
29.84 15.94
29.84 16.02
29.84 16.13
29.84 16.0
29.84 16.14
29.84 15.94
29.84 16.04
29.84 16.03
29.84 15.98
29.84 16.18
29.84 15.98
29.84 16.21
29.84 15.82
29.84 16.21
30.98 15.79
29.84 15.89
29.84 16.02
29.84 16.02
29.84 15.92
28.7 15.99
29.84 15.95
29.84 16.03
29.84 15.85
29.84 15.8
29.84 16.09
29.84 16.11
29.84 15.95
29.84 15.71
29.84 15.94
29.84 16.08
29.84 15.85
29.84 16.1
29.84 16.03
29.84 16.02
29.84 15.94
29.84 15.99
29.84 15.89
29.84 16.13
29.84 16.01
29.84 16.26
29.84 16.03
29.84 16.29
29.84 15.95
29.84 15.83
29.84 15.9
29.84 15.92
29.84 15.92
29.84 16.05
29.84 15.65
29.84 15.82
29.84 15.9
29.84 15.95
29.84 16.03
29.84 16.17
29.84 16.32
29.84 15.97
29.84 15.81
29.84 15.82
29.84 16.0
29.84 15.73
29.84 15.98
29.84 16.06
30.98 15.88
29.84 15.9
29.84 15.88
29.84 15.96
29.84 15.95
29.84 15.9
29.84 16.11
30.98 16.14
29.84 15.9
29.84 16.0
30.98 15.99
29.84 15.98
29.84 15.9
29.84 16.19
29.84 15.9
29.84 15.83
29.84 16.27
29.84 15.86
29.84 15.76
29.84 15.94
29.84 15.93
29.84 15.97
29.84 16.06
29.84 16.17
29.84 15.99
29.84 15.92
29.84 15.92
29.84 16.08
29.84 15.95
29.84 15.77
29.84 15.93
29.84 15.94
30.98 15.99
29.84 15.9
30.98 15.8
29.84 16.03
29.84 16.04
29.84 15.96
29.84 15.89
29.84 16.01
29.84 15.97
29.84 15.76
30.98 15.84
29.84 16.12
29.84 16.11
29.84 15.94
30.98 16.11
29.84 15.9
29.84 15.7
29.84 15.99
29.84 15.9
29.84 16.0
29.84 16.03
29.84 15.94
29.84 15.86
30.98 15.79
30.98 16.05
29.84 15.65
30.98 15.99
29.84 15.7
29.84 15.96
30.98 16.07
29.84 15.97
29.84 15.75
29.84 15.62
30.98 16.14
29.84 15.83
29.84 15.82
30.98 15.86
29.84 15.76
29.84 15.79
29.84 16.16
29.84 15.97
29.84 16.34
29.84 15.86
29.84 16.02
29.84 15.83
30.98 15.94
29.84 16.02
29.84 15.84
29.84 15.92
29.84 15.73
29.84 15.84
29.84 16.13
29.84 15.92
29.84 15.98
29.84 16.12
29.84 16.19
29.84 15.79
29.84 15.97
29.84 16.03
29.84 16.12
30.98 15.95
28.7 15.86
29.84 16.05
29.84 16.19
29.84 16.07
29.84 16.24
29.84 15.99
29.84 16.02
30.98 16.08
29.84 15.71
29.84 15.76
29.84 15.9
30.98 16.11
29.84 15.89
29.84 15.93
29.84 16.15
29.84 15.94
29.84 16.02
29.84 16.04
29.84 15.84
29.84 15.97
30.98 15.86
29.84 15.99
29.84 16.02
30.98 15.99
29.84 16.05
29.84 16.1
29.84 15.78
29.84 16.18
29.84 15.81
29.84 15.93
29.84 15.78
29.84 15.87
29.84 15.84
29.84 15.82
28.7 15.92
30.98 15.93
29.84 15.81
30.98 15.79
30.98 15.98
30.98 15.81
29.84 16.0
29.84 16.09
29.84 15.82
29.84 16.11
29.84 15.86
30.98 15.97
29.84 15.97
29.84 16.12
30.98 16.16
29.84 16.12
30.98 15.94
30.98 15.76
29.84 16.08
29.84 15.93
30.98 15.98
29.84 15.95
29.84 16.11
29.84 16.27
29.84 16.05
29.84 15.83
29.84 15.79
29.84 15.98
29.84 16.02
29.84 15.9
29.84 15.84
29.84 15.97
29.84 15.97
29.84 15.97
29.84 15.95
29.84 15.92
29.84 15.95
29.84 16.06
29.84 15.93
30.98 15.81
29.84 16.04
29.84 15.98
29.84 15.86
29.84 16.06
30.98 16.11
29.84 16.03
29.84 15.94
29.84 15.94
29.84 16.05
29.84 15.86
29.84 16.02
29.84 15.92
29.84 15.86
30.98 15.89
29.84 16.15
29.84 16.01
29.84 15.91
29.84 15.96
29.84 15.79
29.84 16.02
29.84 15.97
29.84 15.74
30.98 16.13
29.84 15.9
29.84 15.88
29.84 15.99
30.98 16.06
29.84 15.86
29.84 15.89
30.98 15.94
30.98 15.86
29.84 16.07
30.98 16.06
29.84 15.86
29.84 16.11
30.98 16.02
29.84 15.98
29.84 15.93
30.98 15.86
30.98 15.92
29.84 16.16
29.84 15.94
29.84 15.85
30.98 15.86
30.98 15.82
30.98 16.06
29.84 16.02
29.84 15.9
30.98 15.82
30.98 15.95
30.98 15.89
29.84 16.29
30.98 16.11
29.84 16.05
29.84 15.97
30.98 15.97
30.98 15.99
30.98 15.76
30.98 16.08
29.84 15.98
29.84 15.95
30.98 16.08
30.98 16.17
29.84 15.76
29.84 16.23
29.84 16.08
30.98 16.06
30.98 15.79
30.98 15.86
30.98 15.88
29.84 16.16
29.84 15.76
29.84 16.05
29.84 15.93
30.98 15.89
29.84 16.14
29.84 15.69
29.84 15.89
30.98 15.82
30.98 15.66
29.84 15.95
30.98 15.92
29.84 16.02
29.84 15.73
29.84 15.65
30.98 16.14
29.84 16.02
29.84 16.06
30.98 16.15
29.84 15.76
29.84 16.02
29.84 15.8
30.98 15.71
29.84 16.08
30.98 15.94
29.84 15.89
30.98 16.09
30.98 15.73
29.84 15.66
30.98 15.78
29.84 16.08
29.84 15.88
29.84 15.76
29.84 16.07
30.98 16.15
29.84 15.97
29.84 15.83
29.84 15.86
30.98 16.3
29.84 15.99
29.84 15.87
29.84 16.05
29.84 15.87
29.84 16.03
29.84 15.97
29.84 16.01
30.98 16.01
29.84 16.05
30.98 16.02
29.84 15.89
30.98 16.1
29.84 15.82
30.98 16.11
30.98 15.86
30.98 15.98
29.84 15.82
29.84 15.7
30.98 16.11
29.84 16.03
29.84 15.83
29.84 16.15
29.84 16.05
29.84 15.83
30.98 15.94
29.84 15.71
30.98 15.85
30.98 15.97
30.98 15.94
30.98 15.96
30.98 15.92
30.98 15.97
29.84 15.78
30.98 15.95
30.98 15.84
30.98 15.89
29.84 16.1
29.84 16.03
30.98 15.61
29.84 15.94
30.98 16.05
30.98 16.11
30.98 15.82
30.98 15.97
29.84 15.9
29.84 15.98
30.98 15.81
30.98 15.89
29.84 15.9
30.98 16.02
30.98 15.81
30.98 15.87
29.84 15.95
29.84 15.99
30.98 15.91
29.84 15.85
29.84 15.99
29.84 15.89
29.84 15.72
29.84 16.14
29.84 16.19
29.84 16.11
30.98 15.89
29.84 15.92
29.84 16.08
30.98 16.02
30.98 15.93
30.98 15.84
30.98 16.09
30.98 15.89
30.98 15.9
29.84 15.89
30.98 15.82
29.84 16.16
29.84 16.11
29.84 15.98
29.84 15.98
30.98 15.94
30.98 15.91
29.84 15.9
30.98 15.81
30.98 15.81
30.98 16.13
29.84 15.98
30.98 15.89
29.84 16.01
29.84 16.14
29.84 15.74
29.84 15.79
29.84 15.86
29.84 16.15
29.84 15.9
29.84 15.89
29.84 16.2
30.98 16.04
30.98 15.98
29.84 15.89
30.98 15.66
30.98 15.97
29.84 15.89
30.98 15.98
30.98 15.68
29.84 16.0
29.84 15.95
29.84 15.97
29.84 15.96
30.98 16.05
30.98 16.09
30.98 15.83
29.84 15.92
30.98 15.99
29.84 15.98
29.84 16.07
30.98 16.06
29.84 16.03
30.98 15.89
29.84 15.73
30.98 16.02
30.98 15.93
30.98 15.96
30.98 15.92
30.98 15.82
30.98 15.86
30.98 15.75
30.98 15.98
30.98 16.0
29.84 15.95
30.98 15.69
30.98 15.94
30.98 16.21
29.84 15.86
30.98 16.0
29.84 15.62
30.98 16.0
30.98 15.89
30.98 15.97
29.84 16.07
29.84 15.96
29.84 15.94
30.98 16.21
29.84 16.13
30.98 15.89
30.98 16.0
30.98 15.87
29.84 15.94
29.84 16.02
30.98 15.82
30.98 15.88
30.98 15.96
29.84 15.87
30.98 15.87
29.84 15.76
30.98 15.82
30.98 15.9
29.84 15.73
29.84 15.99
29.84 15.9
30.98 15.81
30.98 16.06
29.84 15.65
30.98 15.97
29.84 16.21
30.98 15.74
29.84 15.73
29.84 15.89
30.98 15.68
30.98 15.8
30.98 15.9
29.84 15.9
29.84 15.97
29.84 15.95
29.84 15.89
30.98 16.1
29.84 15.86
30.98 16.03
