12.74 23.02
12.74 23.09
12.74 22.88
12.74 22.91
12.74 22.73
12.74 22.93
12.74 22.9
12.74 23.01
12.74 22.93
12.74 23.02
12.74 22.78
12.74 23.03
12.74 22.92
12.74 22.83
12.74 23.01
12.74 22.91
12.74 22.75
12.74 22.79
12.74 22.8
13.88 22.62
12.74 22.96
12.74 23.01
12.74 23.02
12.74 22.97
12.74 22.97
12.74 23.04
12.74 22.99
12.74 22.7
13.88 22.65
12.74 22.91
12.74 22.87
12.74 22.85
12.74 22.91
12.74 22.77
12.74 22.84
13.88 22.62
12.74 22.84
12.74 22.67
12.74 22.81
13.88 22.83
12.74 22.91
13.88 22.82
12.74 22.84
13.88 22.92
12.74 22.93
12.74 22.77
13.88 22.97
13.88 22.96
12.74 22.58
12.74 22.93
13.88 22.89
12.74 22.73
13.88 22.76
12.74 22.95
12.74 22.85
12.74 22.75
13.88 22.67
13.88 22.68
13.88 22.73
13.88 22.85
12.74 22.86
13.88 22.97
12.74 22.91
13.88 22.78
13.88 22.7
13.88 22.57
13.88 22.67
12.74 22.93
12.74 22.53
13.88 22.78
13.88 22.8
13.88 22.72
12.74 22.75
13.88 22.97
13.88 22.57
13.88 22.75
13.88 22.93
13.88 22.81
13.88 22.85
12.74 22.89
13.88 22.93
13.88 22.62
13.88 23.01
13.88 22.86
13.88 22.91
13.88 22.69
13.88 22.68
13.88 22.7
13.88 22.73
13.88 22.67
12.74 22.66
13.88 22.65
13.88 22.59
13.88 22.46
13.88 22.81
13.88 22.8
13.88 22.88
13.88 22.58
13.88 22.91
13.88 22.74
13.88 22.68
13.88 22.58
13.88 22.75
13.88 22.77
13.88 22.43
13.88 22.81
13.88 22.53
13.88 22.65
13.88 22.6
13.88 22.77
13.88 22.67
13.88 22.56
13.88 22.64
13.88 22.74
13.88 22.72
13.88 22.81
13.88 22.81
13.88 22.82
13.88 22.86
13.88 22.58
13.88 22.8
15.02 22.89
13.88 22.79
13.88 22.6
13.88 22.57
15.02 22.45
13.88 22.82
13.88 22.86
13.88 22.85
13.88 22.52
13.88 22.72
13.88 22.66
15.02 22.68
15.02 22.86
13.88 22.85
13.88 22.55
13.88 22.78
13.88 22.57
13.88 22.67
13.88 22.6
13.88 22.77
13.88 22.65
13.88 22.46
13.88 22.65
13.88 22.8
13.88 22.58
15.02 22.78
13.88 22.43
13.88 22.87
13.88 22.73
13.88 22.72
13.88 22.59
13.88 22.72
13.88 22.65
13.88 22.61
13.88 22.78
13.88 22.52
13.88 22.65
13.88 22.72
13.88 22.72
13.88 22.65
13.88 22.77
13.88 22.61
13.88 22.7
13.88 22.75
15.02 22.63
15.02 23.04
15.02 22.67
13.88 22.49
13.88 22.77
13.88 22.62
13.88 22.61
13.88 22.68
13.88 22.74
13.88 22.62
15.02 22.83
13.88 22.69
15.02 22.95
15.02 22.52
13.88 22.62
13.88 22.55
13.88 22.43
13.88 22.77
15.02 22.55
13.88 22.72
13.88 22.73
13.88 22.51
13.88 22.63
15.02 22.65
15.02 22.78
13.88 22.45
13.88 22.48
13.88 22.48
15.02 22.61
15.02 22.78
15.02 22.5
13.88 22.72
13.88 22.5
15.02 22.66
15.02 22.71
13.88 22.47
15.02 22.75
13.88 22.44
15.02 22.59
15.02 22.63
13.88 22.59
13.88 22.78
15.02 22.62
15.02 22.88
13.88 22.57
15.02 22.68
13.88 22.71
15.02 22.4
15.02 22.82
13.88 22.71
15.02 22.69
13.88 22.58
15.02 22.6
13.88 22.5
15.02 22.75
15.02 22.8
13.88 22.6
15.02 22.78
13.88 22.39
13.88 22.68
15.02 22.56
13.88 22.67
15.02 22.39
13.88 22.68
15.02 22.48
15.02 22.67
13.88 22.52
15.02 22.53
15.02 22.49
13.88 22.65
15.02 22.7
15.02 22.42
13.88 22.2
15.02 22.67
13.88 22.49
15.02 22.56
15.02 22.45
13.88 22.61
15.02 22.57
15.02 22.56
15.02 22.49
15.02 22.61
13.88 22.36
13.88 22.61
15.02 22.45
13.88 22.51
13.88 22.49
16.16 22.46
15.02 22.67
15.02 22.64
13.88 22.7
15.02 22.65
15.02 22.65
15.02 22.57
13.88 22.75
15.02 22.49
15.02 22.56
16.16 22.38
13.88 22.43
15.02 22.45
15.02 22.69
15.02 22.52
15.02 22.59
15.02 22.57
15.02 22.59
13.88 22.31
15.02 22.64
15.02 22.43
15.02 22.67
13.88 22.38
13.88 22.33
15.02 22.34
13.88 22.29
15.02 22.51
15.02 22.7
16.16 22.66
15.02 22.35
13.88 22.46
15.02 22.34
15.02 22.41
15.02 22.38
15.02 22.53
16.16 22.32
15.02 22.54
16.16 22.74
16.16 22.31
13.88 22.56
13.88 22.8
15.02 22.61
13.88 22.46
15.02 22.46
16.16 22.51
15.02 22.41
15.02 22.61
15.02 22.49
15.02 22.54
13.88 22.5
16.16 22.58
16.16 22.45
16.16 22.24
15.02 22.56
13.88 22.43
16.16 22.56
15.02 22.57
15.02 22.56
15.02 22.56
16.16 22.54
13.88 22.58
15.02 22.49
15.02 22.53
16.16 22.61
16.16 22.38
15.02 22.53
15.02 22.43
15.02 22.76
15.02 22.21
16.16 22.6
16.16 22.39
15.02 22.53
15.02 22.41
16.16 22.39
15.02 22.51
16.16 22.35
15.02 22.64
15.02 22.4
16.16 22.22
16.16 22.53
16.16 22.59
15.02 22.3
15.02 22.45
15.02 22.48
16.16 22.61
16.16 22.27
15.02 22.48
16.16 22.46
16.16 22.43
16.16 22.53
16.16 22.29
16.16 22.64
16.16 22.24
16.16 22.42
16.16 22.42
16.16 22.46
16.16 22.41
16.16 22.43
15.02 22.43
16.16 22.18
16.16 22.53
15.02 22.38
16.16 22.4
16.16 22.43
16.16 22.37
16.16 22.43
16.16 22.45
16.16 22.35
16.16 22.53
16.16 22.36
15.02 22.48
16.16 22.48
15.02 22.49
16.16 22.25
16.16 22.35
16.16 22.38
16.16 22.43
16.16 22.59
16.16 22.35
16.16 22.19
15.02 22.54
15.02 22.4
16.16 22.62
16.16 22.35
16.16 22.45
15.02 22.3
16.16 22.0
16.16 22.5
16.16 22.51
16.16 22.56
16.16 22.52
16.16 22.44
16.16 22.54
16.16 22.31
16.16 22.31
16.16 22.56
16.16 22.32
16.16 22.46
17.3 22.37
16.16 22.51
16.16 22.53
16.16 22.25
16.16 22.28
16.16 22.53
16.16 22.5
16.16 22.19
16.16 22.35
16.16 22.34
16.16 22.65
16.16 22.13
16.16 22.5
15.02 22.43
16.16 22.29
16.16 22.75
16.16 22.49
16.16 22.37
16.16 22.57
16.16 22.53
16.16 22.41
16.16 22.64
16.16 22.57
16.16 22.3
16.16 22.53
16.16 22.33
16.16 22.24
16.16 22.51
16.16 22.48
16.16 22.4
16.16 22.57
16.16 22.68
16.16 22.56
16.16 22.51
16.16 22.26
16.16 22.49
16.16 22.35
16.16 22.56
16.16 22.35
16.16 22.37
16.16 22.54
16.16 22.49
16.16 22.54
16.16 22.5
16.16 22.62
16.16 22.24
16.16 22.29
16.16 22.58
16.16 22.37
16.16 22.68
16.16 22.41
17.3 22.24
16.16 22.44
16.16 22.35
16.16 22.41
16.16 22.38
16.16 22.5
16.16 22.53
16.16 22.41
16.16 22.59
16.16 22.23
16.16 22.38
16.16 22.46
17.3 22.3
16.16 22.51
16.16 22.33
16.16 22.31
16.16 22.39
16.16 22.26
16.16 22.4
16.16 22.25
16.16 22.6
16.16 22.51
16.16 22.22
16.16 22.35
16.16 22.56
16.16 22.28
16.16 22.29
16.16 22.2
16.16 22.29
17.3 22.51
16.16 22.3
16.16 22.38
16.16 22.41
16.16 22.23
16.16 22.3
17.3 22.32
16.16 22.41
16.16 22.4
16.16 22.34
16.16 22.3
16.16 22.27
16.16 22.4
17.3 22.51
16.16 22.11
16.16 22.37
16.16 22.33
16.16 22.37
16.16 22.41
16.16 22.47
16.16 22.1
17.3 22.21
16.16 22.19
16.16 22.46
17.3 22.27
16.16 22.18
17.3 22.26
16.16 22.17
16.16 22.1
16.16 22.49
17.3 22.4
16.16 22.48
16.16 22.31
16.16 22.14
17.3 22.45
16.16 22.46
16.16 22.39
16.16 22.24
16.16 22.23
16.16 22.24
16.16 22.57
17.3 22.26
16.16 22.33
16.16 22.3
17.3 22.07
17.3 22.28
17.3 22.24
17.3 22.24
16.16 22.51
17.3 22.49
17.3 22.45
16.16 22.09
17.3 22.26
16.16 22.11
17.3 22.33
16.16 22.25
16.16 22.09
16.16 22.37
17.3 22.18
16.16 22.21
16.16 22.22
16.16 22.33
17.3 22.13
16.16 22.25
16.16 22.25
17.3 22.07
17.3 22.27
16.16 22.35
16.16 22.2
16.16 22.15
16.16 22.32
17.3 22.25
16.16 22.15
16.16 22.25
17.3 22.5
16.16 22.23
17.3 22.09
17.3 22.35
17.3 22.25
16.16 22.22
17.3 22.27
17.3 22.19
17.3 22.27
16.16 22.32
16.16 22.33
16.16 22.24
16.16 22.38
16.16 22.49
16.16 22.38
16.16 22.42
17.3 22.3
16.16 22.33
16.16 22.4
16.16 22.43
17.3 22.53
17.3 22.39
16.16 22.27
16.16 22.34
17.3 22.24
17.3 22.01
17.3 22.37
16.16 22.41
16.16 22.28
17.3 22.19
16.16 22.13
16.16 22.13
16.16 22.05
17.3 22.02
16.16 22.17
16.16 22.33
16.16 22.27
17.3 22.28
16.16 22.11
16.16 22.25
16.16 22.27
17.3 22.25
17.3 22.46
17.3 22.19
17.3 22.28
17.3 22.11
16.16 22.21
17.3 22.24
17.3 22.39
17.3 22.24
17.3 22.17
17.3 22.21
16.16 22.25
16.16 22.29
17.3 22.25
16.16 22.24
16.16 22.17
16.16 22.3
16.16 22.17
17.3 22.48
17.3 22.3
16.16 22.5
16.16 22.06
17.3 22.37
17.3 22.19
16.16 22.35
16.16 22.45
16.16 22.43
16.16 22.19
16.16 22.38
16.16 22.22
17.3 22.28
17.3 22.13
16.16 22.3
16.16 22.29
17.3 22.44
16.16 22.13
17.3 22.17
17.3 22.17
16.16 22.25
16.16 22.32
16.16 22.37
16.16 22.12
17.3 22.13
17.3 22.29
17.3 22.22
17.3 22.2
17.3 22.24
16.16 22.11
16.16 22.15
17.3 21.98
16.16 22.41
17.3 22.1
17.3 22.38
17.3 22.32
16.16 22.24
17.3 22.21
16.16 22.3
17.3 22.42
17.3 22.24
17.3 22.27
17.3 22.19
17.3 22.22
16.16 22.33
16.16 22.24
18.44 22.28
17.3 22.23
16.16 22.08
17.3 22.18
17.3 22.39
17.3 22.29
16.16 22.07
17.3 22.19
16.16 22.24
17.3 22.37
16.16 22.44
17.3 21.95
16.16 22.27
17.3 22.14
16.16 22.2
17.3 21.97
17.3 22.21
16.16 22.32
18.44 22.25
16.16 22.21
17.3 22.32
17.3 22.35
17.3 22.35
17.3 22.22
17.3 22.19
16.16 22.19
18.44 22.32
16.16 22.24
17.3 22.18
18.44 22.27
17.3 22.22
17.3 22.12
17.3 22.17
18.44 22.24
17.3 22.2
16.16 22.31
17.3 22.33
16.16 22.1
16.16 22.29
17.3 22.21
17.3 22.29
17.3 22.25
16.16 22.16
17.3 22.23
17.3 22.11
17.3 22.19
16.16 22.53
16.16 22.18
17.3 22.21
16.16 22.25
16.16 22.13
17.3 22.2
16.16 22.14
16.16 22.23
17.3 22.14
17.3 22.34
16.16 22.19
17.3 22.18
18.44 22.19
17.3 22.18
17.3 22.27
16.16 22.29
17.3 22.16
17.3 22.35
17.3 22.04
16.16 22.24
18.44 22.2
16.16 22.15
17.3 22.25
16.16 22.19
17.3 22.29
16.16 22.32
17.3 22.16
16.16 22.45
18.44 22.36
17.3 22.06
17.3 22.14
16.16 22.12
18.44 22.25
17.3 22.03
17.3 22.28
17.3 22.15
18.44 22.3
17.3 22.22
17.3 22.33
17.3 22.26
17.3 22.19
17.3 22.27
18.44 22.07
16.16 22.13
17.3 22.03
17.3 22.33
18.44 22.27
17.3 22.25
16.16 22.38
17.3 22.12
16.16 22.19
16.16 22.27
18.44 22.11
17.3 22.1
18.44 22.25
17.3 22.16
17.3 22.11
17.3 22.29
17.3 22.17
18.44 22.24
17.3 22.46
17.3 22.24
18.44 22.22
16.16 21.97
16.16 22.15
17.3 22.24
17.3 22.29
17.3 22.11
18.44 22.26
17.3 22.26
16.16 22.35
16.16 22.1
17.3 22.18
17.3 22.14
18.44 21.98
16.16 22.33
17.3 22.28
18.44 22.17
17.3 22.21
17.3 22.37
18.44 22.16
18.44 22.16
18.44 22.16
18.44 22.25
17.3 22.16
17.3 22.29
17.3 22.24
17.3 22.3
17.3 22.06
16.16 22.29
18.44 22.24
16.16 22.29
17.3 22.04
17.3 22.14
18.44 22.11
17.3 22.26
18.44 22.05
17.3 22.31
18.44 22.05
18.44 22.03
18.44 22.27
18.44 22.24
17.3 22.24
17.3 22.13
18.44 22.11
16.16 22.31
17.3 22.2
18.44 22.13
17.3 21.98
16.16 22.3
17.3 22.11
18.44 22.34
17.3 22.15
16.16 22.14
16.16 22.23
18.44 22.14
18.44 22.27
18.44 22.33
18.44 22.19
17.3 22.12
17.3 22.12
18.44 21.89
16.16 22.22
18.44 22.19
17.3 22.04
18.44 22.14
16.16 22.2
16.16 22.17
18.44 22.24
18.44 22.03
18.44 22.18
18.44 22.22
17.3 22.17
18.44 22.06
18.44 22.12
17.3 22.16
17.3 22.11
18.44 22.11
18.44 22.4
18.44 22.19
17.3 21.79
17.3 22.17
17.3 22.24
18.44 22.42
18.44 21.95
17.3 22.08
18.44 22.26
18.44 22.18
18.44 22.06
18.44 21.89
18.44 22.18
18.44 22.14
18.44 22.0
18.44 22.06
17.3 22.13
17.3 22.05
18.44 22.07
18.44 22.29
18.44 22.11
18.44 22.36
17.3 21.81
18.44 22.29
18.44 21.91
17.3 22.01
17.3 22.13
18.44 22.4
18.44 22.11
18.44 21.96
18.44 22.25
18.44 22.03
18.44 22.13
18.44 22.18
18.44 22.26
18.44 22.14
18.44 22.06
18.44 22.11
18.44 22.19
17.3 21.97
17.3 22.03
18.44 22.16
18.44 21.85
18.44 22.26
17.3 22.12
18.44 21.95
18.44 21.9
18.44 21.96
18.44 22.05
17.3 22.14
17.3 22.09
18.44 22.05
18.44 21.85
18.44 21.98
18.44 22.13
18.44 22.14
18.44 22.09
18.44 22.18
18.44 22.21
18.44 22.13
18.44 22.16
18.44 22.2
18.44 22.22
18.44 22.0
18.44 22.09
18.44 22.16
17.3 21.9
18.44 22.01
18.44 22.06
18.44 21.97
18.44 22.13
18.44 22.05
18.44 22.21
18.44 22.0
17.3 22.11
18.44 21.93
18.44 22.08
18.44 22.4
18.44 21.9
18.44 22.0
18.44 22.05
18.44 22.09
18.44 22.04
18.44 22.05
17.3 21.93
18.44 21.86
18.44 21.96
18.44 21.98
18.44 21.91
18.44 21.93
18.44 21.88
18.44 22.29
18.44 22.07
18.44 22.06
18.44 21.96
18.44 21.79
18.44 22.05
18.44 21.96
18.44 22.24
17.3 22.11
18.44 22.21
18.44 22.0
18.44 22.12
18.44 22.09
18.44 22.16
18.44 22.09
18.44 22.16
18.44 21.96
18.44 22.14
18.44 21.94
18.44 22.0
18.44 21.94
18.44 21.92
18.44 22.01
18.44 21.87
18.44 21.89
18.44 22.11
18.44 21.95
18.44 22.11
18.44 22.25
18.44 21.78
18.44 22.04
18.44 22.0
18.44 22.16
18.44 21.98
18.44 22.22
18.44 22.06
18.44 22.01
19.58 21.9
18.44 21.87
18.44 22.3
19.58 22.12
18.44 22.0
18.44 21.99
18.44 22.01
18.44 21.92
18.44 21.84
18.44 22.05
18.44 22.13
18.44 22.2
18.44 22.18
18.44 21.98
18.44 21.94
18.44 21.98
18.44 21.95
17.3 22.16
18.44 22.01
18.44 21.94
18.44 21.96
18.44 21.82
18.44 22.01
18.44 21.93
18.44 21.93
18.44 22.11
18.44 21.86
18.44 22.24
18.44 22.14
18.44 21.96
18.44 22.02
18.44 21.92
18.44 22.01
18.44 21.93
18.44 21.99
18.44 21.85
18.44 21.93
18.44 21.97
18.44 22.09
18.44 21.85
18.44 22.07
19.58 21.93
18.44 21.87
18.44 21.98
18.44 22.08
18.44 21.97
18.44 21.95
18.44 21.88
18.44 21.92
18.44 21.92
18.44 22.16
18.44 22.17
18.44 21.91
18.44 21.87
18.44 21.93
19.58 22.06
18.44 21.73
18.44 21.85
18.44 22.13
18.44 22.09
18.44 21.89
18.44 21.81
19.58 21.92
18.44 22.09
18.44 21.97
18.44 21.76
18.44 22.07
18.44 22.21
18.44 21.85
18.44 22.01
18.44 21.92
18.44 21.88
18.44 22.02
18.44 21.91
18.44 21.64
18.44 22.05
18.44 21.9
18.44 21.95
18.44 22.09
17.3 21.92
18.44 21.78
18.44 21.86
19.58 22.11
18.44 21.77
18.44 22.24
18.44 21.83
18.44 21.79
18.44 21.96
18.44 21.85
18.44 21.95
18.44 21.98
18.44 22.14
18.44 22.1
18.44 21.86
18.44 21.92
18.44 22.07
18.44 21.96
18.44 21.94
18.44 22.12
18.44 21.86
18.44 22.01
18.44 21.87
18.44 21.96
18.44 22.09
18.44 22.01
18.44 21.82
18.44 21.98
18.44 22.16
18.44 22.09
18.44 22.06
18.44 22.05
18.44 21.9
18.44 22.05
18.44 22.1
18.44 22.0
18.44 21.97
18.44 21.88
18.44 21.92
18.44 21.95
18.44 22.11
18.44 21.87
18.44 22.08
18.44 22.03
18.44 22.08
18.44 21.97
19.58 22.38
19.58 22.06
18.44 21.83
18.44 21.98
18.44 22.09
18.44 22.08
18.44 21.85
18.44 21.86
18.44 22.03
18.44 22.01
19.58 21.9
18.44 22.12
19.58 21.77
18.44 21.77
18.44 21.95
18.44 21.97
18.44 21.81
18.44 21.98
18.44 22.0
18.44 21.93
18.44 21.9
18.44 21.95
18.44 22.07
18.44 21.98
18.44 21.92
18.44 21.92
18.44 21.98
18.44 21.97
18.44 21.65
18.44 21.98
19.58 22.13
18.44 21.82
19.58 21.89
19.58 22.07
18.44 21.91
19.58 21.91
18.44 22.02
19.58 22.01
19.58 21.97
18.44 22.15
18.44 21.97
18.44 22.1
19.58 21.96
18.44 22.15
18.44 21.94
18.44 21.98
18.44 22.14
19.58 22.15
18.44 21.79
18.44 21.89
18.44 21.73
18.44 22.0
19.58 22.01
18.44 22.17
18.44 22.24
18.44 21.98
18.44 21.86
18.44 21.82
18.44 22.07
18.44 21.98
18.44 21.73
18.44 21.99
18.44 21.9
18.44 21.94
18.44 22.05
18.44 21.96
18.44 22.08
18.44 21.69
18.44 21.76
18.44 22.1
19.58 21.95
19.58 21.89
18.44 21.97
19.58 22.12
18.44 21.8
19.58 21.84
18.44 22.05
19.58 22.06
18.44 22.07
18.44 22.08
18.44 21.87
18.44 21.95
18.44 21.98
18.44 21.92
18.44 22.05
18.44 21.84
18.44 21.98
18.44 21.83
18.44 22.01
18.44 22.05
18.44 21.93
18.44 21.93
18.44 21.92
18.44 22.14
18.44 22.13
18.44 21.83
19.58 21.98
18.44 21.95
18.44 21.88
18.44 22.05
18.44 22.05
18.44 22.03
18.44 21.84
18.44 21.96
18.44 21.87
19.58 22.05
18.44 21.87
18.44 21.92
18.44 21.77
18.44 21.89
19.58 22.01
18.44 21.95
18.44 22.03
18.44 21.81
19.58 22.03
18.44 22.12
18.44 21.92
19.58 21.89
19.58 22.01
19.58 21.93
19.58 21.81
18.44 22.11
18.44 21.9
18.44 22.0
19.58 21.88
19.58 21.71
18.44 22.13
18.44 22.03
18.44 21.68
19.58 21.97
18.44 21.98
18.44 21.87
18.44 22.06
18.44 22.03
19.58 22.05
18.44 21.61
19.58 21.98
19.58 21.78
19.58 21.74
19.58 21.89
19.58 21.66
19.58 22.17
19.58 22.08
19.58 22.1
19.58 21.97
18.44 21.89
19.58 21.8
19.58 22.17
18.44 21.88
18.44 21.91
19.58 21.71
19.58 21.93
18.44 22.01
19.58 22.01
18.44 22.0
18.44 21.76
20.72 21.97
19.58 21.81
19.58 22.01
19.58 21.79
19.58 21.95
18.44 22.19
19.58 21.95
19.58 21.82
19.58 21.99
18.44 21.85
18.44 21.79
19.58 21.79
19.58 21.8
18.44 21.66
18.44 21.78
18.44 21.74
19.58 21.91
19.58 22.09
18.44 22.03
19.58 21.71
18.44 21.9
18.44 21.85
18.44 21.87
19.58 21.89
19.58 21.78
18.44 22.06
19.58 21.93
18.44 22.05
18.44 21.84
19.58 21.87
19.58 21.85
19.58 21.86
18.44 21.59
19.58 21.98
19.58 21.95
19.58 22.01
18.44 21.79
19.58 22.08
18.44 21.97
19.58 22.06
19.58 21.79
18.44 21.91
18.44 21.87
18.44 21.82
18.44 22.03
19.58 21.93
18.44 21.92
19.58 21.82
18.44 22.06
18.44 21.96
19.58 22.06
19.58 21.82
18.44 21.81
18.44 21.87
18.44 21.97
19.58 22.04
18.44 22.09
18.44 21.87
18.44 21.86
19.58 21.71
18.44 21.86
19.58 21.97
18.44 21.86
19.58 21.87
19.58 21.77
18.44 21.98
19.58 21.77
19.58 21.86
18.44 21.83
19.58 22.0
19.58 21.83
19.58 21.82
18.44 21.82
18.44 21.9
18.44 21.86
18.44 21.82
20.72 21.99
19.58 21.92
19.58 21.78
19.58 21.79
18.44 21.9
18.44 21.84
19.58 21.7
19.58 21.76
18.44 22.05
18.44 22.0
18.44 21.89
19.58 21.82
19.58 22.21
19.58 21.81
18.44 21.9
20.72 21.73
19.58 22.04
19.58 21.97
19.58 21.87
18.44 21.81
19.58 21.88
19.58 22.02
18.44 21.84
18.44 21.87
19.58 21.94
19.58 22.0
18.44 21.79
20.72 21.99
18.44 22.01
19.58 21.79
19.58 21.97
19.58 21.91
20.72 21.71
19.58 22.01
19.58 21.95
18.44 22.21
19.58 21.91
19.58 22.01
18.44 21.93
18.44 21.91
18.44 21.73
19.58 21.84
19.58 21.94
18.44 21.76
19.58 21.98
19.58 21.87
19.58 21.79
18.44 21.76
18.44 21.98
19.58 22.03
19.58 22.01
19.58 21.72
19.58 21.87
18.44 21.72
19.58 21.74
19.58 21.82
19.58 21.97
18.44 22.14
19.58 22.04
19.58 21.71
18.44 21.66
19.58 21.91
19.58 21.82
19.58 21.96
19.58 21.72
20.72 21.93
19.58 21.89
19.58 21.99
19.58 21.98
18.44 21.85
19.58 21.9
18.44 21.85
18.44 22.01
19.58 21.85
20.72 21.82
19.58 21.82
18.44 21.68
19.58 21.68
18.44 21.93
18.44 21.7
18.44 21.92
19.58 21.82
18.44 21.99
19.58 21.96
19.58 21.97
20.72 21.57
18.44 21.89
19.58 21.99
19.58 21.82
19.58 21.75
19.58 21.51
19.58 21.97
19.58 21.94
18.44 21.92
19.58 21.79
20.72 21.69
19.58 21.9
19.58 21.76
19.58 21.63
19.58 21.93
19.58 21.76
19.58 21.66
19.58 21.81
19.58 21.77
19.58 21.71
19.58 21.85
18.44 21.85
20.72 21.79
19.58 22.16
19.58 21.98
19.58 21.81
19.58 21.88
20.72 21.83
19.58 21.81
20.72 21.92
19.58 21.78
18.44 21.68
18.44 21.9
18.44 21.79
19.58 22.02
19.58 21.59
20.72 21.68
19.58 21.89
19.58 21.92
19.58 22.07
19.58 21.82
19.58 21.63
18.44 21.89
18.44 21.89
19.58 21.73
18.44 21.78
19.58 21.79
19.58 21.85
20.72 21.73
18.44 21.9
19.58 21.9
20.72 21.58
18.44 21.9
19.58 21.85
18.44 21.85
18.44 21.98
18.44 21.73
19.58 21.79
19.58 21.62
18.44 21.77
18.44 21.84
20.72 21.79
18.44 22.06
18.44 21.69
19.58 21.9
19.58 21.88
18.44 22.0
19.58 21.79
18.44 21.8
19.58 21.74
19.58 21.75
18.44 21.81
18.44 21.78
20.72 21.69
19.58 22.05
19.58 21.73
18.44 21.58
20.72 21.76
19.58 21.79
19.58 21.77
18.44 21.97
19.58 21.68
19.58 21.77
18.44 21.73
19.58 21.61
19.58 21.74
18.44 21.74
19.58 21.84
18.44 21.9
18.44 21.69
18.44 21.52
18.44 21.69
19.58 21.68
19.58 21.51
19.58 21.72
19.58 21.59
19.58 21.88
19.58 21.87
18.44 21.88
19.58 21.93
19.58 21.71
19.58 21.6
19.58 21.76
20.72 21.79
20.72 21.79
20.72 21.69
18.44 21.75
20.72 21.75
19.58 21.8
18.44 21.89
19.58 21.61
20.72 21.89
18.44 21.6
19.58 21.8
19.58 21.74
19.58 21.6
19.58 21.81
19.58 21.72
20.72 21.78
20.72 21.83
20.72 21.79
19.58 21.81
18.44 21.68
19.58 21.3
19.58 21.61
19.58 21.81
19.58 22.01
20.72 21.92
20.72 21.65
18.44 22.09
18.44 21.66
19.58 21.64
19.58 21.84
18.44 21.63
19.58 21.68
19.58 21.72
19.58 22.06
19.58 21.82
19.58 21.81
18.44 21.97
18.44 21.89
20.72 21.7
19.58 21.75
19.58 21.63
18.44 21.87
18.44 21.79
18.44 21.92
19.58 21.55
19.58 21.85
19.58 21.83
19.58 21.98
19.58 21.61
18.44 21.73
19.58 21.8
19.58 21.74
18.44 21.65
20.72 21.66
18.44 21.78
19.58 21.58
19.58 21.55
19.58 21.87
19.58 22.13
20.72 21.72
19.58 21.84
20.72 21.81
20.72 21.8
20.72 21.88
18.44 21.85
18.44 21.58
19.58 21.73
19.58 21.68
19.58 21.66
18.44 21.71
20.72 21.84
19.58 21.86
20.72 21.6
19.58 21.84
19.58 21.63
20.72 21.55
18.44 21.6
20.72 21.54
19.58 21.87
20.72 21.64
19.58 21.71
20.72 21.89
18.44 21.72
19.58 21.81
18.44 21.81
19.58 21.71
19.58 21.59
20.72 21.71
19.58 21.68
20.72 21.79
19.58 21.41
19.58 21.76
18.44 21.79
19.58 21.9
20.72 21.85
20.72 21.72
18.44 21.92
18.44 21.73
20.72 21.59
20.72 21.77
20.72 21.63
20.72 21.78
19.58 21.75
20.72 21.63
20.72 21.78
20.72 21.6
20.72 21.81
20.72 21.72
20.72 21.47
19.58 21.83
20.72 21.71
19.58 21.64
19.58 21.75
18.44 21.86
18.44 21.66
18.44 21.7
18.44 21.93
19.58 21.77
18.44 21.61
20.72 21.69
20.72 21.64
20.72 21.64
19.58 21.67
19.58 21.6
19.58 21.66
18.44 21.53
20.72 22.0
19.58 21.73
19.58 21.75
20.72 21.72
20.72 21.7
19.58 21.84
18.44 21.75
19.58 21.61
20.72 21.88
19.58 21.66
19.58 21.64
18.44 21.55
20.72 21.66
20.72 21.46
20.72 21.8
20.72 21.77
20.72 21.72
20.72 21.89
19.58 21.9
20.72 21.73
20.72 21.63
20.72 21.84
20.72 21.6
20.72 21.76
20.72 21.69
20.72 21.76
19.58 21.73
20.72 21.64
20.72 21.65
19.58 21.52
18.44 21.89
20.72 21.71
19.58 21.84
19.58 21.89
19.58 21.84
19.58 22.02
20.72 21.83
19.58 21.79
19.58 21.69
19.58 21.9
19.58 21.66
19.58 21.75
20.72 22.0
20.72 22.03
19.58 21.69
18.44 21.55
19.58 21.79
18.44 21.58
19.58 21.65
19.58 21.54
19.58 21.66
20.72 21.74
19.58 21.65
19.58 21.78
19.58 21.58
19.58 21.52
19.58 21.71
19.58 21.68
19.58 21.6
18.44 21.72
19.58 21.54
20.72 21.94
20.72 21.79
20.72 21.63
20.72 21.85
19.58 21.62
19.58 21.55
20.72 21.63
20.72 21.99
20.72 21.68
19.58 21.7
18.44 21.58
20.72 21.63
20.72 21.77
19.58 21.66
20.72 21.75
19.58 21.68
19.58 21.42
20.72 21.73
20.72 21.57
20.72 21.81
20.72 21.82
20.72 21.87
19.58 21.51
20.72 21.95
19.58 21.95
18.44 21.79
20.72 21.88
19.58 21.53
19.58 21.73
20.72 21.76
19.58 21.82
20.72 21.91
20.72 21.71
20.72 21.74
19.58 21.47
20.72 21.65
19.58 21.6
20.72 21.58
18.44 21.54
19.58 21.82
20.72 21.91
20.72 21.69
20.72 21.74
18.44 21.77
18.44 21.79
20.72 21.68
18.44 21.54
19.58 21.69
19.58 21.64
20.72 21.9
18.44 21.5
20.72 21.79
19.58 21.73
19.58 21.66
18.44 21.72
20.72 21.68
19.58 21.81
20.72 21.69
20.72 21.61
19.58 21.71
20.72 21.5
18.44 21.64
19.58 21.66
20.72 21.98
19.58 21.9
19.58 21.86
20.72 21.66
19.58 21.63
19.58 21.76
20.72 21.7
19.58 21.77
19.58 21.87
19.58 21.66
19.58 21.55
20.72 21.6
20.72 21.76
19.58 21.78
20.72 21.63
18.44 21.49
19.58 21.89
18.44 21.86
19.58 21.66
20.72 21.69
19.58 21.63
20.72 21.76
20.72 21.78
20.72 21.68
19.58 21.81
20.72 21.68
20.72 21.74
19.58 21.87
19.58 21.98
19.58 21.71
19.58 21.65
20.72 22.1
19.58 21.74
20.72 21.52
18.44 21.84
20.72 21.78
20.72 21.85
20.72 21.89
20.72 21.62
19.58 21.63
20.72 21.54
19.58 21.79
19.58 21.63
20.72 21.55
20.72 21.73
20.72 21.74
20.72 21.72
19.58 21.66
19.58 21.85
20.72 21.92
20.72 21.77
19.58 21.77
20.72 21.74
20.72 21.53
20.72 21.7
20.72 21.53
19.58 22.04
20.72 21.66
20.72 21.6
19.58 21.69
20.72 21.83
19.58 22.0
20.72 21.63
20.72 21.78
20.72 21.79
19.58 21.69
20.72 21.58
20.72 21.74
20.72 21.76
19.58 21.55
20.72 21.53
19.58 21.85
20.72 21.6
20.72 21.65
20.72 21.78
20.72 21.69
20.72 21.74
19.58 21.76
19.58 21.61
20.72 21.5
19.58 21.68
20.72 21.72
19.58 21.89
20.72 21.83
20.72 21.73
19.58 21.51
20.72 21.67
20.72 21.65
20.72 21.9
20.72 21.59
18.44 21.68
20.72 21.92
20.72 21.66
20.72 21.71
20.72 21.5
19.58 21.68
20.72 21.72
20.72 21.57
20.72 21.69
20.72 21.74
19.58 21.72
19.58 21.49
20.72 21.76
20.72 21.69
19.58 21.57
19.58 21.69
18.44 21.6
19.58 22.19
20.72 21.65
20.72 21.74
19.58 21.93
20.72 21.58
20.72 21.7
20.72 21.57
20.72 21.52
20.72 21.44
20.72 21.6
20.72 21.61
20.72 21.69
20.72 21.76
20.72 21.69
20.72 21.84
20.72 21.95
20.72 21.76
19.58 21.74
20.72 21.79
20.72 21.59
20.72 21.68
20.72 21.58
20.72 21.55
20.72 21.66
19.58 21.7
20.72 21.74
20.72 21.71
20.72 21.44
20.72 21.76
20.72 21.6
20.72 21.91
20.72 21.58
20.72 21.56
20.72 21.49
20.72 21.79
20.72 21.75
20.72 21.69
20.72 21.47
20.72 21.67
20.72 21.73
20.72 21.69
20.72 21.8
20.72 21.56
20.72 21.74
20.72 21.56
20.72 21.63
20.72 21.77
20.72 21.51
20.72 21.78
20.72 21.49
20.72 21.52
20.72 21.89
20.72 21.8
20.72 21.9
20.72 21.81
20.72 21.65
20.72 21.66
20.72 21.47
20.72 21.66
18.44 21.47
20.72 21.6
19.58 21.76
20.72 21.89
19.58 21.81
20.72 21.8
20.72 21.82
20.72 21.73
20.72 21.97
20.72 21.61
20.72 21.66
20.72 21.6
20.72 21.66
20.72 21.44
20.72 21.67
20.72 21.5
20.72 21.73
20.72 21.59
20.72 21.57
20.72 21.55
20.72 21.7
20.72 21.36
20.72 21.76
20.72 21.69
20.72 21.84
20.72 21.49
20.72 21.77
20.72 21.76
19.58 21.41
20.72 21.75
20.72 21.76
20.72 21.63
20.72 21.53
20.72 21.57
20.72 21.79
20.72 21.79
20.72 21.63
20.72 21.65
20.72 21.76
20.72 21.68
20.72 21.5
20.72 21.47
20.72 21.66
20.72 21.44
20.72 21.49
20.72 21.5
19.58 21.62
20.72 21.73
20.72 21.83
20.72 21.34
20.72 21.87
20.72 21.86
20.72 21.75
20.72 21.52
20.72 21.79
20.72 21.73
20.72 21.68
20.72 21.62
20.72 21.68
20.72 21.7
21.86 21.6
20.72 21.67
20.72 21.88
20.72 21.6
20.72 21.5
20.72 22.07
20.72 21.45
20.72 21.36
20.72 21.69
20.72 21.46
20.72 21.85
20.72 21.57
20.72 21.81
20.72 21.57
20.72 21.55
20.72 21.65
20.72 21.49
19.58 21.47
20.72 21.63
20.72 21.65
20.72 21.74
20.72 21.72
20.72 21.53
20.72 21.77
20.72 21.73
20.72 21.52
20.72 21.4
20.72 21.61
20.72 21.53
20.72 21.74
20.72 21.47
21.86 21.65
20.72 21.69
20.72 21.55
20.72 21.58
20.72 21.37
20.72 21.66
20.72 21.49
20.72 21.52
20.72 21.63
20.72 21.69
20.72 21.31
20.72 21.62
20.72 21.47
20.72 21.47
20.72 21.56
20.72 21.46
20.72 21.58
20.72 21.73
20.72 21.59
20.72 21.55
20.72 21.69
20.72 21.76
20.72 21.57
21.86 21.45
20.72 21.45
20.72 21.54
20.72 21.84
20.72 21.61
20.72 21.49
20.72 21.41
20.72 21.77
20.72 21.49
20.72 21.41
21.86 21.71
20.72 21.66
20.72 21.48
20.72 21.18
21.86 21.55
20.72 21.6
20.72 21.36
20.72 21.58
20.72 21.67
20.72 21.5
20.72 21.69
20.72 21.64
20.72 21.61
20.72 21.48
20.72 21.52
20.72 21.47
20.72 21.47
20.72 21.59
20.72 21.28
19.58 21.47
20.72 21.57
20.72 21.63
20.72 21.63
20.72 21.61
20.72 21.73
20.72 21.57
20.72 21.62
20.72 21.33
20.72 21.56
20.72 21.71
20.72 21.53
20.72 21.48
20.72 21.62
20.72 21.76
20.72 21.47
21.86 21.5
20.72 21.6
20.72 21.34
20.72 21.61
20.72 21.79
20.72 21.42
20.72 21.61
20.72 21.38
20.72 21.63
21.86 21.67
20.72 21.65
21.86 21.6
20.72 21.5
20.72 21.61
20.72 21.59
20.72 21.71
20.72 21.69
20.72 21.6
20.72 21.31
20.72 21.54
20.72 21.55
20.72 21.39
20.72 21.5
20.72 21.37
20.72 21.53
20.72 21.5
20.72 21.44
20.72 21.73
20.72 21.41
20.72 21.58
21.86 21.37
20.72 21.93
20.72 21.42
20.72 21.7
20.72 21.58
20.72 21.62
20.72 21.51
20.72 21.58
20.72 21.58
20.72 21.48
20.72 21.17
20.72 21.44
20.72 21.61
20.72 21.58
20.72 21.66
20.72 21.37
20.72 21.61
20.72 21.57
20.72 21.39
20.72 21.25
20.72 21.48
20.72 21.61
20.72 21.66
20.72 21.37
20.72 21.69
20.72 21.53
20.72 21.6
20.72 21.51
20.72 21.67
20.72 21.52
20.72 21.42
20.72 21.55
20.72 21.57
20.72 21.42
20.72 21.44
20.72 21.56
19.58 21.42
20.72 21.6
20.72 21.48
20.72 21.52
20.72 21.89
20.72 21.52
20.72 21.51
20.72 21.49
20.72 21.61
20.72 21.58
20.72 21.58
20.72 21.55
20.72 21.52
20.72 21.6
20.72 21.48
20.72 21.53
20.72 21.68
20.72 21.5
20.72 21.4
20.72 21.5
20.72 21.39
20.72 21.53
20.72 21.69
20.72 21.39
20.72 21.43
20.72 21.34
20.72 21.39
20.72 21.59
20.72 21.4
20.72 21.74
20.72 21.45
21.86 21.61
20.72 21.41
21.86 21.33
20.72 21.45
21.86 21.63
20.72 21.72
20.72 21.64
20.72 21.47
20.72 21.59
20.72 21.34
20.72 21.39
20.72 21.44
20.72 21.4
20.72 21.57
20.72 21.66
19.58 21.58
21.86 21.45
21.86 21.84
20.72 21.65
20.72 21.4
20.72 21.45
21.86 21.57
20.72 21.59
20.72 21.45
20.72 21.42
20.72 21.36
20.72 21.47
20.72 21.58
20.72 21.71
20.72 21.56
20.72 21.69
19.58 21.41
20.72 21.43
20.72 21.31
20.72 21.44
20.72 21.56
20.72 21.5
20.72 21.24
20.72 21.52
20.72 21.56
20.72 21.37
20.72 21.32
20.72 21.46
20.72 21.5
20.72 21.45
20.72 21.43
21.86 21.61
20.72 21.52
20.72 21.45
20.72 21.52
20.72 21.55
20.72 21.58
21.86 21.49
20.72 21.58
20.72 21.41
20.72 21.49
20.72 21.26
20.72 21.38
20.72 21.5
20.72 21.36
20.72 21.32
20.72 21.62
20.72 21.52
20.72 21.57
20.72 21.33
20.72 21.48
20.72 21.49
20.72 21.48
20.72 21.71
20.72 21.47
21.86 21.42
21.86 21.54
20.72 21.6
20.72 21.45
20.72 21.44
20.72 21.45
20.72 21.44
20.72 21.79
21.86 21.5
20.72 21.44
21.86 21.21
20.72 21.35
20.72 21.66
20.72 21.4
20.72 21.42
20.72 21.47
20.72 21.29
20.72 21.55
20.72 21.39
20.72 21.54
20.72 21.52
20.72 21.42
20.72 21.56
20.72 21.19
20.72 21.36
20.72 21.58
20.72 21.47
20.72 21.5
20.72 21.64
20.72 21.49
21.86 21.29
20.72 21.65
21.86 21.48
20.72 21.23
20.72 21.52
20.72 21.28
20.72 21.51
21.86 21.55
20.72 21.45
20.72 21.57
20.72 21.41
20.72 21.67
20.72 21.72
20.72 21.68
20.72 21.49
20.72 21.59
20.72 21.45
20.72 21.45
20.72 21.89
20.72 21.34
20.72 21.52
20.72 21.6
20.72 21.59
20.72 21.5
20.72 21.42
20.72 21.53
20.72 21.48
21.86 21.45
20.72 21.78
20.72 21.46
20.72 21.33
20.72 21.57
20.72 21.52
20.72 21.49
20.72 21.56
20.72 21.57
20.72 21.34
20.72 21.6
20.72 21.59
21.86 21.34
20.72 21.54
21.86 21.79
20.72 21.39
20.72 21.5
20.72 21.55
20.72 21.5
20.72 21.35
20.72 21.61
20.72 21.4
20.72 21.5
20.72 21.28
21.86 21.38
20.72 21.43
20.72 21.65
21.86 21.69
20.72 21.49
20.72 21.43
20.72 21.28
20.72 21.42
20.72 21.45
20.72 21.58
21.86 21.39
20.72 21.36
20.72 21.61
20.72 21.41
20.72 21.52
20.72 21.33
20.72 21.37
20.72 21.33
20.72 21.29
20.72 21.85
20.72 21.52
20.72 21.52
20.72 21.55
20.72 21.44
20.72 21.36
20.72 21.37
21.86 21.41
20.72 21.39
20.72 21.63
20.72 21.49
20.72 21.64
20.72 21.46
20.72 21.65
20.72 21.29
20.72 21.34
20.72 21.31
20.72 21.29
20.72 21.26
20.72 21.33
21.86 21.66
20.72 21.7
20.72 21.6
20.72 21.47
20.72 21.38
20.72 21.55
20.72 21.45
20.72 21.57
20.72 21.58
20.72 21.45
20.72 21.59
20.72 21.32
21.86 21.41
20.72 21.39
21.86 21.26
20.72 21.28
20.72 21.49
20.72 21.56
21.86 21.39
21.86 21.4
20.72 21.42
20.72 21.61
20.72 21.52
20.72 21.43
20.72 21.41
21.86 21.26
20.72 21.39
20.72 21.41
20.72 21.59
21.86 21.5
20.72 21.56
20.72 21.43
20.72 21.61
20.72 21.54
20.72 21.55
21.86 21.57
21.86 21.36
20.72 21.5
20.72 21.72
20.72 21.25
20.72 21.64
20.72 21.6
20.72 21.42
20.72 21.49
20.72 21.31
20.72 21.52
21.86 21.47
20.72 21.63
20.72 21.53
20.72 21.52
20.72 21.25
20.72 21.76
20.72 21.48
20.72 21.37
20.72 21.47
20.72 21.39
20.72 21.45
20.72 21.45
20.72 21.47
21.86 21.37
20.72 21.42
20.72 21.56
20.72 21.4
21.86 21.36
20.72 21.68
20.72 21.43
20.72 21.32
20.72 21.46
20.72 21.36
20.72 21.8
20.72 21.6
20.72 21.45
20.72 21.58
20.72 21.52
20.72 21.53
20.72 21.21
21.86 21.47
20.72 21.58
20.72 21.82
20.72 21.3
20.72 21.46
20.72 21.37
20.72 21.41
20.72 21.57
20.72 21.53
20.72 21.37
20.72 21.33
20.72 21.47
20.72 21.55
20.72 21.32
20.72 21.71
21.86 21.55
21.86 21.6
20.72 21.28
20.72 21.53
20.72 21.36
21.86 21.6
21.86 21.64
20.72 21.51
20.72 21.39
20.72 21.33
20.72 21.62
20.72 21.75
21.86 21.48
20.72 21.64
21.86 21.43
21.86 21.55
20.72 21.42
20.72 21.44
20.72 21.4
20.72 21.31
21.86 21.57
20.72 21.6
20.72 21.57
20.72 21.58
20.72 21.47
21.86 21.12
20.72 21.37
20.72 21.49
20.72 21.59
21.86 21.55
20.72 21.56
20.72 21.69
20.72 21.47
20.72 21.74
21.86 21.6
20.72 21.49
20.72 21.4
21.86 21.37
20.72 21.47
20.72 21.41
20.72 21.57
20.72 21.42
20.72 21.32
20.72 21.7
20.72 21.43
20.72 21.27
20.72 21.29
20.72 21.28
20.72 21.39
20.72 21.49
20.72 21.47
21.86 21.44
20.72 21.49
20.72 21.55
21.86 21.59
20.72 21.58
20.72 21.44
20.72 21.41
20.72 21.52
20.72 21.56
20.72 21.52
20.72 21.52
20.72 21.52
20.72 21.32
20.72 21.41
20.72 21.25
20.72 21.67
20.72 21.28
20.72 21.62
20.72 21.33
20.72 21.51
20.72 21.51
20.72 21.32
20.72 21.51
20.72 21.37
20.72 21.67
20.72 21.6
20.72 21.46
20.72 21.22
21.86 21.51
20.72 21.42
20.72 21.37
20.72 21.31
20.72 21.49
20.72 21.31
20.72 21.41
21.86 21.52
20.72 21.54
20.72 21.42
20.72 21.52
21.86 21.4
20.72 21.19
20.72 21.41
20.72 21.45
20.72 21.71
20.72 21.45
20.72 21.55
20.72 21.58
20.72 21.46
20.72 21.58
21.86 21.36
20.72 21.57
21.86 21.43
20.72 21.36
21.86 21.46
20.72 21.41
21.86 21.29
20.72 21.44
21.86 21.26
20.72 21.49
20.72 21.47
20.72 21.51
20.72 21.44
20.72 21.26
20.72 21.57
20.72 21.54
20.72 21.39
20.72 21.53
20.72 21.74
20.72 21.69
20.72 21.48
20.72 21.36
20.72 21.6
21.86 21.52
20.72 21.38
20.72 21.43
20.72 21.34
21.86 21.42
21.86 21.37
20.72 21.51
20.72 21.35
20.72 21.41
20.72 21.58
20.72 21.52
20.72 21.38
20.72 21.36
20.72 21.48
20.72 21.47
21.86 21.71
20.72 21.49
21.86 21.45
21.86 21.36
20.72 21.6
21.86 21.66
20.72 21.55
21.86 21.63
21.86 21.61
20.72 21.41
21.86 21.28
20.72 21.31
21.86 21.24
21.86 21.55
21.86 21.58
20.72 21.33
20.72 21.33
20.72 21.78
20.72 21.47
21.86 21.61
20.72 21.47
20.72 21.39
20.72 21.47
21.86 21.45
20.72 21.17
20.72 21.34
20.72 21.62
21.86 21.21
20.72 21.31
20.72 21.48
20.72 21.47
20.72 21.34
23.0 21.42
20.72 21.36
20.72 21.52
21.86 21.36
20.72 21.25
21.86 21.61
20.72 21.47
20.72 21.49
20.72 21.35
20.72 21.43
20.72 21.57
20.72 21.36
21.86 21.39
21.86 21.44
20.72 21.28
21.86 21.46
20.72 21.37
20.72 21.65
20.72 21.34
20.72 21.66
21.86 21.63
20.72 21.49
20.72 21.13
20.72 21.52
20.72 21.37
20.72 21.57
20.72 21.49
20.72 21.47
20.72 21.47
20.72 21.38
20.72 21.43
20.72 21.43
20.72 21.41
20.72 21.5
21.86 21.09
20.72 21.52
21.86 21.28
20.72 21.41
20.72 21.29
20.72 21.39
20.72 21.45
21.86 21.57
21.86 21.54
21.86 21.47
21.86 21.34
21.86 21.45
21.86 21.35
20.72 21.73
20.72 21.52
20.72 21.57
20.72 21.34
20.72 21.74
20.72 21.36
20.72 21.61
20.72 21.25
21.86 21.38
20.72 21.45
21.86 21.66
20.72 21.31
20.72 21.3
20.72 21.25
20.72 21.35
20.72 21.37
20.72 21.53
20.72 21.33
21.86 21.35
20.72 21.39
21.86 21.52
20.72 21.45
20.72 21.63
20.72 21.31
20.72 21.71
20.72 21.53
20.72 21.52
21.86 21.25
20.72 21.47
20.72 21.3
21.86 21.41
20.72 21.31
20.72 21.55
20.72 21.33
20.72 21.58
20.72 21.47
20.72 21.64
20.72 21.65
21.86 21.48
20.72 21.41
21.86 21.45
21.86 21.34
23.0 21.41
20.72 21.45
20.72 21.07
21.86 21.25
20.72 21.37
21.86 21.36
20.72 21.55
21.86 21.15
20.72 21.41
21.86 21.45
21.86 21.47
20.72 21.54
21.86 21.55
20.72 21.35
20.72 21.33
21.86 21.31
20.72 21.32
21.86 21.44
20.72 21.58
20.72 21.42
20.72 21.37
20.72 21.36
20.72 21.5
20.72 21.49
20.72 21.36
20.72 21.37
21.86 21.37
21.86 21.44
21.86 21.5
20.72 21.23
20.72 21.45
20.72 21.56
20.72 21.48
21.86 21.26
20.72 21.29
20.72 21.46
20.72 21.58
20.72 21.39
20.72 21.63
20.72 21.5
20.72 21.45
20.72 21.43
21.86 21.34
21.86 21.33
20.72 21.25
20.72 21.38
20.72 21.25
20.72 21.35
20.72 21.36
23.0 21.46
20.72 21.31
20.72 21.44
21.86 21.55
21.86 21.2
21.86 21.29
20.72 21.24
21.86 21.34
20.72 21.2
21.86 21.41
20.72 21.34
20.72 21.38
21.86 21.42
21.86 21.58
20.72 21.48
21.86 21.41
21.86 21.61
21.86 21.54
20.72 21.45
21.86 21.34
20.72 21.58
21.86 21.5
20.72 21.39
21.86 21.47
20.72 21.33
20.72 21.46
21.86 21.17
21.86 21.13
20.72 21.37
21.86 21.34
20.72 21.13
23.0 21.42
21.86 21.21
20.72 21.32
21.86 21.34
20.72 21.11
21.86 21.58
20.72 21.29
21.86 21.28
20.72 21.43
20.72 21.47
20.72 21.42
20.72 21.41
23.0 21.34
20.72 21.31
20.72 21.21
20.72 21.58
20.72 21.41
21.86 21.4
21.86 21.24
20.72 21.41
20.72 21.37
20.72 21.28
21.86 21.36
20.72 21.36
21.86 21.52
20.72 21.44
20.72 21.1
20.72 21.53
21.86 21.41
20.72 21.4
20.72 21.28
20.72 21.27
21.86 21.23
20.72 21.07
20.72 21.55
20.72 21.39
20.72 21.39
21.86 21.42
20.72 21.33
21.86 21.32
21.86 21.41
20.72 21.67
20.72 21.49
21.86 21.57
20.72 21.66
21.86 21.44
21.86 21.39
20.72 21.44
21.86 21.57
20.72 21.57
20.72 21.29
21.86 21.5
21.86 21.35
20.72 21.37
20.72 21.33
20.72 21.22
21.86 21.34
21.86 21.29
20.72 21.42
21.86 21.49
21.86 21.32
20.72 21.43
23.0 21.44
20.72 21.43
20.72 21.44
23.0 21.49
20.72 21.55
20.72 21.06
21.86 21.18
20.72 21.32
20.72 21.49
21.86 21.36
20.72 21.28
21.86 21.46
20.72 21.34
20.72 21.49
21.86 21.66
21.86 21.28
20.72 21.39
21.86 21.34
21.86 21.33
20.72 21.65
20.72 21.49
20.72 21.31
20.72 21.4
20.72 21.54
21.86 21.16
21.86 21.2
20.72 21.33
21.86 21.31
21.86 21.26
20.72 21.5
21.86 21.07
21.86 21.19
20.72 21.48
21.86 21.39
20.72 21.26
21.86 21.56
21.86 21.24
21.86 21.34
20.72 21.63
20.72 21.65
20.72 21.4
20.72 21.05
21.86 21.23
21.86 21.24
20.72 21.57
20.72 21.19
21.86 21.33
20.72 21.52
20.72 21.6
20.72 21.42
21.86 21.42
20.72 21.42
21.86 21.25
21.86 21.48
20.72 21.32
23.0 21.19
21.86 21.31
21.86 21.4
23.0 21.29
21.86 21.29
21.86 21.17
21.86 21.28
20.72 21.29
21.86 21.45
20.72 21.41
20.72 21.35
20.72 21.69
21.86 21.52
21.86 21.26
20.72 21.24
20.72 21.37
23.0 21.34
21.86 21.26
20.72 21.5
20.72 21.25
20.72 20.99
21.86 21.71
21.86 21.26
21.86 21.37
23.0 21.42
21.86 21.33
20.72 21.44
20.72 21.44
20.72 21.12
20.72 21.41
21.86 21.37
21.86 21.46
20.72 21.23
21.86 21.09
23.0 21.39
23.0 21.49
20.72 21.1
20.72 21.36
20.72 21.2
21.86 21.32
21.86 21.49
20.72 21.42
20.72 21.11
21.86 21.3
21.86 21.34
21.86 21.28
21.86 21.33
23.0 21.29
20.72 21.28
23.0 21.5
20.72 21.27
20.72 21.3
21.86 21.23
20.72 21.57
20.72 21.34
21.86 21.18
20.72 21.52
20.72 21.5
20.72 21.44
21.86 21.35
21.86 21.23
20.72 21.27
21.86 21.37
20.72 21.42
21.86 21.43
21.86 21.17
20.72 21.24
20.72 21.27
21.86 21.02
20.72 21.37
23.0 21.58
20.72 21.4
20.72 21.28
21.86 21.49
20.72 21.41
21.86 21.45
20.72 21.34
20.72 21.39
21.86 21.28
20.72 21.45
20.72 21.28
20.72 21.3
21.86 21.15
23.0 21.32
20.72 21.33
20.72 21.3
21.86 21.36
21.86 21.03
20.72 21.14
20.72 21.33
20.72 21.18
20.72 21.36
20.72 21.15
20.72 21.42
20.72 21.48
21.86 21.33
21.86 21.4
21.86 21.51
23.0 21.33
21.86 21.42
21.86 21.28
21.86 21.5
21.86 21.44
21.86 21.23
20.72 21.02
21.86 21.02
20.72 21.36
23.0 21.44
21.86 21.42
21.86 21.39
20.72 21.08
21.86 21.23
23.0 21.43
21.86 21.24
21.86 21.14
21.86 21.51
23.0 21.33
21.86 21.17
20.72 21.45
21.86 21.53
23.0 21.18
20.72 21.3
21.86 21.34
21.86 21.18
21.86 21.26
23.0 21.42
21.86 21.41
21.86 21.36
23.0 21.24
20.72 21.29
21.86 21.3
20.72 21.31
21.86 21.32
20.72 21.22
23.0 21.22
21.86 21.46
21.86 21.5
21.86 21.29
20.72 21.4
21.86 21.52
21.86 21.39
21.86 21.15
20.72 21.07
20.72 21.35
21.86 21.2
20.72 21.41
21.86 21.25
20.72 21.46
20.72 21.52
20.72 21.33
20.72 21.13
21.86 21.4
20.72 21.28
21.86 21.23
21.86 21.44
20.72 21.28
20.72 21.34
20.72 21.34
20.72 21.31
21.86 21.23
20.72 21.32
21.86 21.3
21.86 21.35
20.72 21.37
20.72 21.37
23.0 21.42
20.72 21.18
21.86 21.53
20.72 21.21
21.86 21.38
21.86 21.31
21.86 21.39
21.86 21.25
21.86 21.02
20.72 21.32
23.0 21.16
21.86 21.3
20.72 21.15
20.72 21.39
23.0 21.22
20.72 21.13
21.86 21.2
21.86 21.38
21.86 21.26
21.86 21.41
21.86 21.35
21.86 21.29
20.72 21.33
21.86 21.18
21.86 21.12
23.0 21.46
21.86 21.1
21.86 21.23
21.86 21.13
20.72 21.31
21.86 21.36
23.0 21.35
20.72 21.2
20.72 21.37
21.86 21.27
20.72 21.25
21.86 21.39
21.86 21.28
20.72 21.28
21.86 21.41
21.86 21.42
21.86 21.19
20.72 21.41
23.0 21.41
21.86 21.28
23.0 21.36
21.86 21.55
20.72 21.25
21.86 21.26
21.86 21.41
21.86 21.38
21.86 21.21
20.72 21.15
20.72 21.2
21.86 21.27
23.0 21.36
21.86 21.34
21.86 21.36
21.86 21.37
21.86 21.28
21.86 21.35
23.0 21.57
23.0 21.1
23.0 21.1
21.86 21.39
23.0 21.35
20.72 21.5
21.86 21.38
21.86 21.45
20.72 21.5
21.86 21.34
21.86 21.22
21.86 21.24
20.72 21.47
21.86 21.24
23.0 21.12
21.86 21.23
21.86 21.36
21.86 21.41
21.86 21.37
21.86 21.39
23.0 21.09
23.0 21.18
21.86 21.28
23.0 21.25
20.72 21.53
21.86 21.44
21.86 21.17
20.72 21.47
21.86 21.42
21.86 21.15
21.86 21.18
23.0 21.59
21.86 21.23
20.72 21.23
21.86 21.4
23.0 21.15
21.86 21.39
20.72 21.4
21.86 21.23
21.86 21.39
21.86 21.39
21.86 21.24
21.86 21.16
20.72 21.17
21.86 21.35
21.86 21.24
20.72 21.34
21.86 21.21
20.72 21.38
20.72 21.13
23.0 21.09
21.86 21.16
20.72 21.1
23.0 21.32
21.86 21.24
21.86 21.21
21.86 21.28
21.86 21.31
20.72 21.07
21.86 21.28
21.86 21.42
21.86 21.26
21.86 21.31
21.86 21.31
21.86 21.26
21.86 21.33
21.86 21.49
21.86 21.34
21.86 21.26
21.86 21.09
21.86 21.4
20.72 21.12
21.86 21.28
21.86 21.33
21.86 21.16
23.0 21.21
20.72 21.18
21.86 21.33
21.86 21.21
21.86 21.36
23.0 21.37
21.86 21.15
21.86 21.27
20.72 21.17
21.86 21.4
20.72 21.5
21.86 21.42
21.86 21.2
21.86 21.3
21.86 21.58
20.72 21.33
21.86 21.41
21.86 21.31
21.86 21.23
21.86 21.39
20.72 21.22
23.0 21.44
23.0 21.41
21.86 21.27
21.86 21.26
20.72 21.3
20.72 21.12
20.72 21.42
20.72 21.36
21.86 21.44
20.72 21.38
20.72 21.11
20.72 21.21
21.86 21.35
21.86 21.23
23.0 21.35
21.86 21.15
23.0 21.29
23.0 21.29
21.86 21.23
21.86 21.31
21.86 21.12
20.72 21.28
21.86 21.2
21.86 21.23
21.86 21.12
23.0 21.26
23.0 21.25
21.86 21.2
20.72 21.49
23.0 21.32
21.86 21.05
21.86 21.37
21.86 21.21
21.86 21.26
23.0 21.5
20.72 21.34
23.0 21.39
21.86 21.22
21.86 21.18
20.72 21.12
21.86 21.3
20.72 21.28
20.72 21.13
21.86 21.36
23.0 21.29
20.72 21.41
21.86 21.12
21.86 21.34
21.86 21.25
21.86 21.28
21.86 21.6
21.86 21.13
21.86 21.3
23.0 21.13
21.86 21.39
21.86 21.12
21.86 21.22
20.72 21.37
23.0 21.18
21.86 21.38
23.0 21.17
20.72 21.34
21.86 21.18
23.0 21.39
21.86 21.13
21.86 21.37
23.0 21.2
23.0 21.09
23.0 21.24
21.86 21.37
23.0 21.34
23.0 21.07
21.86 21.44
23.0 21.25
23.0 21.23
20.72 21.37
23.0 21.29
20.72 21.33
23.0 21.12
21.86 20.99
23.0 21.23
20.72 21.39
20.72 21.2
20.72 21.32
23.0 21.37
21.86 21.49
20.72 21.31
21.86 21.21
23.0 21.47
20.72 21.28
20.72 21.42
20.72 21.53
21.86 21.26
21.86 21.22
21.86 21.1
21.86 21.36
21.86 21.5
23.0 21.15
21.86 21.18
21.86 21.43
21.86 21.23
23.0 21.17
21.86 21.26
23.0 21.16
20.72 21.33
21.86 21.22
20.72 21.1
21.86 21.22
23.0 21.12
21.86 21.25
23.0 21.26
21.86 21.01
21.86 21.47
21.86 21.22
23.0 21.21
23.0 21.42
20.72 21.42
23.0 21.18
23.0 21.21
20.72 21.23
21.86 21.21
23.0 21.53
23.0 21.29
21.86 21.37
23.0 21.25
23.0 21.31
21.86 21.28
21.86 21.37
23.0 21.29
21.86 21.17
21.86 21.21
21.86 21.21
23.0 21.13
21.86 21.45
21.86 21.4
23.0 21.35
23.0 21.31
23.0 21.12
21.86 21.24
20.72 21.12
23.0 21.1
21.86 21.39
21.86 21.18
20.72 21.12
20.72 21.19
23.0 21.21
20.72 21.02
23.0 21.33
23.0 21.16
21.86 21.39
23.0 21.37
21.86 21.28
23.0 21.15
20.72 21.22
20.72 21.22
21.86 21.19
23.0 21.22
21.86 21.31
21.86 21.46
23.0 21.45
23.0 21.29
21.86 21.29
21.86 21.22
20.72 21.33
23.0 21.21
21.86 21.14
21.86 21.21
21.86 21.29
21.86 21.25
23.0 21.4
23.0 21.14
23.0 21.23
21.86 21.27
23.0 21.17
21.86 21.18
23.0 21.23
21.86 21.17
23.0 21.09
23.0 21.32
23.0 21.04
21.86 21.05
20.72 21.15
23.0 21.23
21.86 20.99
21.86 21.13
20.72 21.27
23.0 21.35
23.0 21.29
23.0 21.36
21.86 21.21
23.0 21.18
21.86 21.02
20.72 21.28
23.0 21.47
21.86 21.26
23.0 21.42
20.72 21.34
23.0 21.18
21.86 21.26
20.72 21.09
23.0 21.28
20.72 21.25
23.0 21.24
23.0 21.3
21.86 21.21
23.0 21.3
21.86 21.49
20.72 21.28
21.86 21.28
23.0 21.1
21.86 21.02
21.86 21.32
20.72 21.27
20.72 21.31
23.0 21.26
23.0 21.24
21.86 21.0
21.86 21.14
23.0 21.29
21.86 21.12
21.86 21.23
23.0 21.39
21.86 21.26
21.86 21.36
23.0 21.14
21.86 21.28
21.86 21.08
23.0 21.15
23.0 21.33
23.0 21.31
21.86 21.13
21.86 21.01
23.0 21.1
20.72 21.26
23.0 21.21
21.86 21.22
23.0 21.56
23.0 21.28
20.72 21.39
23.0 21.44
21.86 21.25
21.86 21.35
23.0 21.39
20.72 21.31
21.86 21.3
23.0 21.45
23.0 21.16
23.0 21.22
23.0 21.24
21.86 21.17
23.0 21.19
23.0 21.16
23.0 21.42
21.86 21.41
23.0 21.47
23.0 21.16
23.0 21.24
23.0 21.22
23.0 21.36
21.86 21.18
21.86 21.19
21.86 21.42
23.0 21.29
23.0 21.11
20.72 21.03
23.0 21.28
23.0 21.36
20.72 21.33
23.0 21.31
23.0 21.25
23.0 21.31
23.0 21.29
23.0 21.25
23.0 21.16
21.86 21.23
21.86 21.25
21.86 21.3
21.86 21.39
23.0 21.17
23.0 20.96
23.0 21.16
23.0 21.31
21.86 21.2
23.0 21.29
23.0 21.3
23.0 21.44
20.72 21.36
23.0 21.23
21.86 21.32
23.0 21.34
21.86 21.2
21.86 21.18
23.0 21.13
21.86 21.4
21.86 21.18
23.0 21.39
21.86 21.07
21.86 21.42
21.86 21.53
20.72 21.31
21.86 21.31
23.0 20.87
23.0 21.44
23.0 21.33
21.86 21.28
21.86 21.31
23.0 21.16
23.0 21.35
23.0 21.22
23.0 21.34
23.0 21.47
20.72 21.23
23.0 21.34
21.86 20.94
21.86 21.12
21.86 21.24
23.0 21.48
23.0 21.13
23.0 21.23
23.0 21.05
21.86 21.34
23.0 21.08
20.72 21.24
23.0 21.33
23.0 21.18
21.86 21.19
21.86 21.22
20.72 21.29
23.0 21.12
21.86 21.21
21.86 21.18
23.0 21.07
23.0 21.28
21.86 21.25
23.0 21.37
21.86 21.25
23.0 21.27
23.0 21.12
20.72 21.28
20.72 21.25
21.86 21.44
21.86 21.19
23.0 21.17
21.86 21.23
21.86 21.11
23.0 21.33
23.0 21.3
23.0 21.2
23.0 21.29
23.0 21.31
23.0 21.42
20.72 21.31
23.0 21.48
23.0 21.35
21.86 21.22
21.86 21.29
23.0 21.29
23.0 21.33
23.0 21.12
23.0 21.24
23.0 21.03
23.0 21.02
20.72 21.28
21.86 21.18
23.0 21.21
21.86 21.25
23.0 21.36
21.86 21.44
23.0 21.17
23.0 20.96
23.0 21.29
23.0 21.28
23.0 21.45
23.0 21.16
21.86 21.36
23.0 21.01
23.0 21.09
23.0 21.23
23.0 21.16
23.0 21.42
23.0 21.36
23.0 21.2
21.86 21.19
23.0 21.35
23.0 21.42
23.0 21.34
23.0 21.25
21.86 21.34
23.0 21.07
23.0 21.13
23.0 21.31
21.86 21.1
21.86 21.37
21.86 21.14
23.0 21.1
23.0 21.5
23.0 21.22
23.0 21.21
20.72 21.2
23.0 21.19
23.0 21.19
20.72 21.23
23.0 21.44
23.0 21.24
20.72 21.12
21.86 21.04
23.0 20.99
23.0 21.34
23.0 21.31
23.0 21.19
21.86 21.17
21.86 21.47
21.86 21.19
20.72 21.4
21.86 21.17
23.0 21.18
23.0 21.12
21.86 21.13
23.0 21.21
23.0 21.04
21.86 21.19
23.0 21.31
21.86 21.21
21.86 21.46
23.0 21.36
23.0 21.23
21.86 21.07
23.0 21.07
23.0 21.4
21.86 21.38
21.86 21.07
21.86 21.37
21.86 21.19
23.0 21.2
23.0 21.2
23.0 21.23
23.0 21.17
20.72 21.21
23.0 21.42
21.86 21.28
23.0 21.29
23.0 21.07
20.72 21.13
23.0 21.17
23.0 21.26
23.0 21.09
23.0 21.01
23.0 21.23
23.0 21.39
23.0 21.15
21.86 21.41
21.86 21.09
21.86 21.07
23.0 21.39
23.0 21.15
23.0 21.31
23.0 21.15
23.0 21.26
23.0 21.24
23.0 21.3
20.72 21.09
23.0 21.2
23.0 21.26
21.86 21.53
23.0 21.26
23.0 21.05
21.86 21.15
21.86 21.14
23.0 21.18
23.0 21.14
23.0 21.17
21.86 20.99
23.0 21.23
21.86 21.19
23.0 21.12
21.86 21.26
23.0 21.22
23.0 21.23
23.0 21.45
23.0 21.19
23.0 21.2
23.0 21.09
21.86 21.37
23.0 21.3
21.86 21.18
23.0 21.09
23.0 21.37
23.0 21.22
20.72 21.29
23.0 21.27
23.0 21.29
23.0 21.1
23.0 21.27
21.86 21.2
23.0 21.21
23.0 21.36
21.86 20.96
21.86 21.26
23.0 21.05
21.86 21.39
23.0 21.19
23.0 21.48
23.0 21.42
20.72 20.9
21.86 21.5
23.0 21.34
23.0 21.13
23.0 21.32
20.72 21.23
23.0 21.36
21.86 21.2
23.0 21.12
23.0 21.41
23.0 21.32
21.86 21.04
21.86 21.27
20.72 21.28
23.0 21.5
23.0 21.17
20.72 21.26
23.0 21.25
21.86 21.23
23.0 21.37
23.0 21.15
23.0 21.32
21.86 21.28
23.0 21.18
23.0 21.31
21.86 21.31
21.86 21.44
20.72 21.32
23.0 21.2
21.86 21.43
21.86 21.16
23.0 21.1
21.86 21.0
23.0 21.21
23.0 21.18
23.0 21.24
23.0 21.05
23.0 21.18
23.0 21.07
21.86 21.18
23.0 21.34
21.86 21.12
23.0 21.14
23.0 21.25
23.0 20.98
21.86 21.16
20.72 21.08
21.86 21.18
23.0 21.18
23.0 21.04
23.0 21.22
23.0 21.09
21.86 21.3
21.86 21.22
23.0 21.15
23.0 21.32
23.0 21.39
23.0 21.34
23.0 21.33
23.0 21.42
23.0 21.21
21.86 21.25
21.86 21.13
23.0 21.12
23.0 21.2
23.0 21.36
23.0 21.2
23.0 21.23
21.86 21.17
21.86 21.29
21.86 21.15
23.0 21.23
21.86 21.22
23.0 21.12
23.0 21.1
23.0 21.29
20.72 21.21
21.86 21.3
23.0 21.18
23.0 21.26
23.0 21.2
23.0 21.15
23.0 21.02
23.0 21.17
21.86 21.36
23.0 21.25
21.86 21.28
23.0 21.18
23.0 21.37
20.72 21.18
23.0 21.53
23.0 21.49
21.86 21.21
23.0 21.12
21.86 21.07
23.0 21.33
20.72 21.23
23.0 21.15
23.0 21.43
21.86 21.36
23.0 21.07
21.86 21.06
21.86 21.29
21.86 21.14
23.0 21.21
21.86 21.18
23.0 20.99
21.86 21.18
23.0 21.29
21.86 21.38
21.86 20.99
23.0 21.23
21.86 21.29
21.86 21.32
21.86 21.33
20.72 20.98
23.0 21.34
23.0 21.25
23.0 21.15
21.86 21.25
23.0 21.18
21.86 21.39
23.0 21.2
23.0 21.32
20.72 21.1
23.0 21.2
23.0 21.26
21.86 21.24
23.0 21.33
23.0 21.21
23.0 21.24
23.0 21.11
23.0 20.98
23.0 21.37
21.86 21.33
23.0 21.18
23.0 21.1
23.0 21.28
21.86 21.43
23.0 21.14
23.0 21.36
21.86 21.19
23.0 21.34
23.0 21.26
20.72 21.37
20.72 21.37
23.0 21.29
23.0 21.21
21.86 21.45
20.72 21.1
23.0 21.12
23.0 21.02
23.0 21.31
23.0 21.19
21.86 21.14
23.0 21.25
21.86 21.09
23.0 21.28
23.0 21.21
23.0 21.27
21.86 21.25
23.0 21.34
23.0 21.23
23.0 21.21
21.86 21.15
23.0 21.19
23.0 20.97
23.0 21.33
23.0 21.23
23.0 21.07
20.72 21.33
21.86 21.12
23.0 21.2
23.0 21.07
23.0 21.16
21.86 21.41
23.0 20.93
23.0 21.17
21.86 21.18
23.0 21.36
21.86 21.1
21.86 21.33
23.0 21.44
23.0 21.2
23.0 21.26
21.86 21.2
23.0 21.43
21.86 21.43
23.0 21.26
23.0 21.12
20.72 21.16
21.86 21.39
21.86 21.13
23.0 21.28
23.0 21.21
23.0 21.26
23.0 21.05
23.0 21.11
23.0 21.31
23.0 21.18
23.0 21.23
23.0 21.29
21.86 21.39
21.86 21.24
23.0 21.27
23.0 21.31
23.0 21.3
23.0 21.41
23.0 21.17
23.0 21.31
23.0 21.12
21.86 21.07
21.86 21.4
23.0 21.1
21.86 21.24
23.0 21.09
23.0 21.18
23.0 21.17
21.86 21.27
23.0 21.35
23.0 21.38
23.0 21.29
23.0 21.29
23.0 21.41
23.0 21.24
23.0 21.12
23.0 21.32
23.0 21.32
23.0 21.19
23.0 21.22
23.0 21.26
23.0 21.32
23.0 21.13
23.0 21.17
23.0 21.2
23.0 21.15
23.0 21.17
23.0 21.32
21.86 21.26
23.0 21.21
21.86 21.05
23.0 21.32
20.72 21.04
23.0 21.12
23.0 21.16
23.0 21.19
23.0 21.05
23.0 21.37
23.0 21.34
21.86 21.2
20.72 21.15
23.0 21.21
23.0 21.07
23.0 21.23
20.72 21.27
23.0 21.27
23.0 21.44
23.0 21.24
23.0 21.2
21.86 21.35
23.0 21.36
23.0 21.12
23.0 21.18
23.0 21.15
23.0 21.15
23.0 21.19
20.72 21.26
23.0 21.31
23.0 21.13
23.0 21.14
21.86 21.25
23.0 21.33
23.0 21.29
21.86 21.28
23.0 21.18
23.0 21.09
23.0 21.23
23.0 21.24
23.0 21.2
23.0 21.27
23.0 21.15
23.0 21.18
23.0 21.22
23.0 21.15
23.0 21.34
23.0 21.25
23.0 21.12
23.0 21.16
23.0 21.33
21.86 21.37
20.72 20.91
23.0 21.22
21.86 21.26
23.0 21.26
23.0 21.27
23.0 21.13
23.0 21.52
23.0 21.24
21.86 21.3
21.86 21.02
23.0 21.33
23.0 21.01
23.0 21.15
21.86 21.33
23.0 21.21
23.0 21.42
23.0 21.09
23.0 21.02
23.0 21.45
23.0 21.5
23.0 21.09
21.86 21.11
23.0 21.34
21.86 21.4
23.0 21.26
23.0 21.29
23.0 21.34
21.86 21.22
20.72 21.18
23.0 21.35
23.0 21.42
23.0 21.11
21.86 21.03
20.72 21.02
20.72 21.48
23.0 21.33
23.0 21.42
23.0 21.34
23.0 21.43
21.86 21.19
23.0 21.46
23.0 21.21
23.0 21.32
21.86 21.18
23.0 21.1
20.72 21.2
21.86 21.37
23.0 21.07
23.0 21.28
23.0 20.97
23.0 21.45
21.86 21.16
23.0 21.27
23.0 20.97
23.0 21.33
23.0 21.14
23.0 21.17
21.86 21.16
23.0 21.06
21.86 21.04
23.0 21.32
23.0 21.22
23.0 21.17
23.0 21.27
23.0 21.19
23.0 21.21
23.0 21.21
23.0 21.14
23.0 21.41
23.0 21.26
21.86 21.17
20.72 21.32
21.86 21.04
23.0 21.23
23.0 21.35
23.0 21.21
21.86 21.22
23.0 21.25
23.0 21.37
21.86 21.46
21.86 20.94
23.0 21.21
21.86 21.26
23.0 21.15
23.0 21.31
23.0 21.21
23.0 21.09
23.0 21.08
23.0 21.15
