36.68 116860.0
37.82 116880.0
36.68 116900.0
36.68 116920.0
36.68 116940.0
36.68 116960.0
37.82 116980.0
36.68 117000.0
36.68 117020.0
36.68 117040.0
36.68 117060.0
36.68 117080.0
36.68 117100.0
36.68 117120.0
36.68 117140.0
36.68 117160.0
36.68 117180.0
36.68 117200.0
35.54 117220.0
36.68 117240.0
36.68 117260.0
36.68 117280.0
36.68 117300.0
36.68 117320.0
36.68 117340.0
36.68 117360.0
36.68 117380.0
36.68 117400.0
36.68 117420.0
36.68 117440.0
36.68 117460.0
36.68 117480.0
36.68 117500.0
36.68 117520.0
36.68 117540.0
36.68 117560.0
36.68 117580.0
36.68 117600.0
36.68 117620.0
36.68 117640.0
36.68 117660.0
36.68 117680.0
36.68 117700.0
36.68 117720.0
36.68 117740.0
36.68 117760.0
36.68 117780.0
36.68 117800.0
36.68 117820.0
36.68 117840.0
36.68 117860.0
36.68 117880.0
36.68 117900.0
36.68 117920.0
35.54 117940.0
36.68 117960.0
36.68 117980.0
35.54 118000.0
36.68 118020.0
36.68 118040.0
36.68 118060.0
36.68 118080.0
36.68 118100.0
36.68 118120.0
35.54 118140.0
36.68 118160.0
36.68 118180.0
36.68 118200.0
36.68 118220.0
36.68 118240.0
36.68 118260.0
36.68 118280.0
36.68 118300.0
36.68 118320.0
36.68 118340.0
36.68 118360.0
36.68 118380.0
36.68 118400.0
36.68 118420.0
36.68 118440.0
35.54 118460.0
36.68 118480.0
37.82 118500.0
36.68 118520.0
36.68 118540.0
36.68 118560.0
36.68 118580.0
36.68 118600.0
36.68 118620.0
36.68 118640.0
36.68 118660.0
36.68 118680.0
36.68 118700.0
36.68 118720.0
35.54 118740.0
35.54 118760.0
36.68 118780.0
36.68 118800.0
36.68 118820.0
35.54 118840.0
36.68 118860.0
36.68 118880.0
36.68 118900.0
36.68 118920.0
35.54 118940.0
36.68 118960.0
36.68 118980.0
36.68 119000.0
36.68 119020.0
36.68 119040.0
36.68 119060.0
36.68 119080.0
36.68 119100.0
36.68 119120.0
36.68 119140.0
36.68 119160.0
36.68 119180.0
36.68 119200.0
36.68 119220.0
36.68 119240.0
36.68 119260.0
36.68 119280.0
35.54 119300.0
36.68 119320.0
36.68 119340.0
35.54 119360.0
36.68 119380.0
36.68 119400.0
37.82 119420.0
36.68 119440.0
36.68 119460.0
36.68 119480.0
36.68 119500.0
36.68 119520.0
36.68 119540.0
36.68 119560.0
36.68 119580.0
36.68 119600.0
36.68 119620.0
36.68 119640.0
36.68 119660.0
36.68 119680.0
36.68 119700.0
36.68 119720.0
36.68 119740.0
36.68 119760.0
36.68 119780.0
36.68 119800.0
36.68 119820.0
36.68 119840.0
36.68 119860.0
36.68 119880.0
36.68 119900.0
36.68 119920.0
36.68 119940.0
36.68 119960.0
36.68 119980.0
36.68 120000.0
36.68 120020.0
36.68 120040.0
36.68 120060.0
36.68 120080.0
37.82 120100.0
36.68 120120.0
36.68 120140.0
36.68 120160.0
36.68 120180.0
36.68 120200.0
36.68 120220.0
36.68 120240.0
36.68 120260.0
36.68 120280.0
36.68 120300.0
36.68 120320.0
36.68 120340.0
36.68 120360.0
36.68 120380.0
36.68 120400.0
36.68 120420.0
36.68 120440.0
36.68 120460.0
36.68 120480.0
36.68 120500.0
36.68 120520.0
36.68 120540.0
36.68 120560.0
36.68 120580.0
36.68 120600.0
36.68 120620.0
36.68 120640.0
36.68 120660.0
36.68 120680.0
36.68 120700.0
36.68 120720.0
36.68 120740.0
35.54 120760.0
36.68 120780.0
36.68 120800.0
36.68 120820.0
36.68 120840.0
36.68 120860.0
36.68 120880.0
36.68 120900.0
36.68 120920.0
36.68 120940.0
36.68 120960.0
36.68 120980.0
36.68 121000.0
36.68 121020.0
37.82 121040.0
36.68 121060.0
36.68 121080.0
36.68 121100.0
36.68 121120.0
36.68 121140.0
36.68 121160.0
36.68 121180.0
36.68 121200.0
36.68 121220.0
36.68 121240.0
36.68 121260.0
36.68 121280.0
35.54 121300.0
36.68 121320.0
36.68 121340.0
36.68 121360.0
36.68 121380.0
36.68 121400.0
36.68 121420.0
36.68 121440.0
36.68 121460.0
35.54 121480.0
36.68 121500.0
36.68 121520.0
36.68 121540.0
36.68 121560.0
36.68 121580.0
36.68 121600.0
36.68 121620.0
36.68 121640.0
36.68 121660.0
36.68 121680.0
35.54 121700.0
36.68 121720.0
36.68 121740.0
36.68 121760.0
36.68 121780.0
36.68 121800.0
36.68 121820.0
36.68 121840.0
36.68 121860.0
36.68 121880.0
37.82 121900.0
36.68 121920.0
36.68 121940.0
36.68 121960.0
36.68 121980.0
36.68 122000.0
36.68 122020.0
36.68 122040.0
36.68 122060.0
36.68 122080.0
36.68 122100.0
36.68 122120.0
36.68 122140.0
36.68 122160.0
36.68 122180.0
36.68 122200.0
36.68 122220.0
36.68 122240.0
36.68 122260.0
36.68 122280.0
36.68 122300.0
36.68 122320.0
36.68 122340.0
36.68 122360.0
35.54 122380.0
36.68 122400.0
36.68 122420.0
36.68 122440.0
36.68 122460.0
36.68 122480.0
36.68 122500.0
36.68 122520.0
36.68 122540.0
36.68 122560.0
36.68 122580.0
36.68 122600.0
36.68 122620.0
36.68 122640.0
36.68 122660.0
36.68 122680.0
36.68 122700.0
36.68 122720.0
36.68 122740.0
36.68 122760.0
36.68 122780.0
36.68 122800.0
36.68 122820.0
36.68 122840.0
36.68 122860.0
36.68 122880.0
36.68 122900.0
36.68 122920.0
36.68 122940.0
36.68 122960.0
36.68 122980.0
36.68 123000.0
36.68 123020.0
36.68 123040.0
36.68 123060.0
36.68 123080.0
36.68 123100.0
36.68 123120.0
36.68 123140.0
36.68 123160.0
36.68 123180.0
36.68 123200.0
36.68 123220.0
36.68 123240.0
36.68 123260.0
36.68 123280.0
36.68 123300.0
36.68 123320.0
36.68 123340.0
36.68 123360.0
36.68 123380.0
36.68 123400.0
35.54 123420.0
36.68 123440.0
35.54 123460.0
37.82 123480.0
36.68 123500.0
36.68 123520.0
36.68 123540.0
36.68 123560.0
36.68 123580.0
36.68 123600.0
36.68 123620.0
36.68 123640.0
36.68 123660.0
36.68 123680.0
36.68 123700.0
36.68 123720.0
36.68 123740.0
36.68 123760.0
36.68 123780.0
36.68 123800.0
36.68 123820.0
36.68 123840.0
36.68 123860.0
36.68 123880.0
36.68 123900.0
36.68 123920.0
36.68 123940.0
36.68 123960.0
36.68 123980.0
36.68 124000.0
36.68 124020.0
36.68 124040.0
36.68 124060.0
36.68 124080.0
36.68 124100.0
36.68 124120.0
36.68 124140.0
36.68 124160.0
36.68 124180.0
36.68 124200.0
36.68 124220.0
36.68 124240.0
36.68 124260.0
36.68 124280.0
36.68 124300.0
36.68 124320.0
36.68 124340.0
36.68 124360.0
36.68 124380.0
36.68 124400.0
36.68 124420.0
36.68 124440.0
36.68 124460.0
36.68 124480.0
36.68 124500.0
36.68 124520.0
36.68 124540.0
36.68 124560.0
36.68 124580.0
36.68 124600.0
36.68 124620.0
36.68 124640.0
36.68 124660.0
36.68 124680.0
36.68 124700.0
36.68 124720.0
36.68 124740.0
36.68 124760.0
36.68 124780.0
36.68 124800.0
36.68 124820.0
36.68 124840.0
36.68 124860.0
36.68 124880.0
36.68 124900.0
36.68 124920.0
36.68 124940.0
36.68 124960.0
36.68 124980.0
36.68 125000.0
36.68 125020.0
36.68 125040.0
36.68 125060.0
36.68 125080.0
36.68 125100.0
36.68 125120.0
36.68 125140.0
36.68 125160.0
36.68 125180.0
36.68 125200.0
36.68 125220.0
36.68 125240.0
36.68 125260.0
36.68 125280.0
36.68 125300.0
36.68 125320.0
36.68 125340.0
36.68 125360.0
36.68 125380.0
36.68 125400.0
36.68 125420.0
36.68 125440.0
36.68 125460.0
36.68 125480.0
36.68 125500.0
36.68 125520.0
36.68 125540.0
36.68 125560.0
36.68 125580.0
36.68 125600.0
36.68 125620.0
36.68 125640.0
36.68 125660.0
36.68 125680.0
36.68 125700.0
36.68 125720.0
36.68 125740.0
36.68 125760.0
36.68 125780.0
36.68 125800.0
36.68 125820.0
36.68 125840.0
36.68 125860.0
37.82 125880.0
36.68 125900.0
36.68 125920.0
36.68 125940.0
36.68 125960.0
36.68 125980.0
36.68 126000.0
36.68 126020.0
36.68 126040.0
36.68 126060.0
36.68 126080.0
36.68 126100.0
36.68 126120.0
36.68 126140.0
36.68 126160.0
36.68 126180.0
36.68 126200.0
36.68 126220.0
36.68 126240.0
36.68 126260.0
36.68 126280.0
36.68 126300.0
36.68 126320.0
36.68 126340.0
36.68 126360.0
36.68 126380.0
36.68 126400.0
36.68 126420.0
36.68 126440.0
37.82 126460.0
36.68 126480.0
36.68 126500.0
36.68 126520.0
36.68 126540.0
36.68 126560.0
36.68 126580.0
36.68 126600.0
36.68 126620.0
36.68 126640.0
36.68 126660.0
36.68 126680.0
37.82 126700.0
36.68 126720.0
36.68 126740.0
36.68 126760.0
36.68 126780.0
36.68 126800.0
36.68 126820.0
36.68 126840.0
37.82 126860.0
36.68 126880.0
36.68 126900.0
35.54 126920.0
36.68 126940.0
36.68 126960.0
36.68 126980.0
36.68 127000.0
36.68 127020.0
36.68 127040.0
36.68 127060.0
36.68 127080.0
36.68 127100.0
36.68 127120.0
36.68 127140.0
36.68 127160.0
36.68 127180.0
36.68 127200.0
36.68 127220.0
36.68 127240.0
36.68 127260.0
36.68 127280.0
36.68 127300.0
36.68 127320.0
36.68 127340.0
36.68 127360.0
36.68 127380.0
36.68 127400.0
36.68 127420.0
36.68 127440.0
36.68 127460.0
36.68 127480.0
36.68 127500.0
36.68 127520.0
36.68 127540.0
36.68 127560.0
36.68 127580.0
36.68 127600.0
36.68 127620.0
36.68 127640.0
36.68 127660.0
36.68 127680.0
36.68 127700.0
36.68 127720.0
36.68 127740.0
36.68 127760.0
36.68 127780.0
36.68 127800.0
36.68 127820.0
36.68 127840.0
36.68 127860.0
36.68 127880.0
36.68 127900.0
36.68 127920.0
36.68 127940.0
36.68 127960.0
36.68 127980.0
36.68 128000.0
36.68 128020.0
36.68 128040.0
36.68 128060.0
36.68 128080.0
36.68 128100.0
36.68 128120.0
36.68 128140.0
35.54 128160.0
36.68 128180.0
36.68 128200.0
36.68 128220.0
36.68 128240.0
36.68 128260.0
36.68 128280.0
36.68 128300.0
37.82 128320.0
36.68 128340.0
36.68 128360.0
36.68 128380.0
36.68 128400.0
36.68 128420.0
36.68 128440.0
36.68 128460.0
36.68 128480.0
36.68 128500.0
36.68 128520.0
36.68 128540.0
36.68 128560.0
36.68 128580.0
36.68 128600.0
36.68 128620.0
36.68 128640.0
36.68 128660.0
35.54 128680.0
36.68 128700.0
36.68 128720.0
36.68 128740.0
36.68 128760.0
36.68 128780.0
36.68 128800.0
36.68 128820.0
36.68 128840.0
36.68 128860.0
36.68 128880.0
35.54 128900.0
36.68 128920.0
36.68 128940.0
36.68 128960.0
36.68 128980.0
36.68 129000.0
36.68 129020.0
36.68 129040.0
36.68 129060.0
36.68 129080.0
36.68 129100.0
36.68 129120.0
36.68 129140.0
36.68 129160.0
36.68 129180.0
36.68 129200.0
36.68 129220.0
36.68 129240.0
36.68 129260.0
36.68 129280.0
36.68 129300.0
36.68 129320.0
36.68 129340.0
36.68 129360.0
36.68 129380.0
36.68 129400.0
37.82 129420.0
36.68 129440.0
36.68 129460.0
36.68 129480.0
36.68 129500.0
36.68 129520.0
36.68 129540.0
36.68 129560.0
36.68 129580.0
36.68 129600.0
36.68 129620.0
36.68 129640.0
36.68 129660.0
36.68 129680.0
36.68 129700.0
36.68 129720.0
36.68 129740.0
36.68 129760.0
36.68 129780.0
36.68 129800.0
36.68 129820.0
36.68 129840.0
36.68 129860.0
36.68 129880.0
36.68 129900.0
36.68 129920.0
36.68 129940.0
36.68 129960.0
36.68 129980.0
36.68 130000.0
36.68 130020.0
36.68 130040.0
36.68 130060.0
36.68 130080.0
36.68 130100.0
36.68 130120.0
36.68 130140.0
36.68 130160.0
36.68 130180.0
36.68 130200.0
36.68 130220.0
36.68 130240.0
36.68 130260.0
36.68 130280.0
36.68 130300.0
37.82 130320.0
36.68 130340.0
36.68 130360.0
36.68 130380.0
36.68 130400.0
36.68 130420.0
36.68 130440.0
36.68 130460.0
36.68 130480.0
36.68 130500.0
36.68 130520.0
36.68 130540.0
36.68 130560.0
36.68 130580.0
36.68 130600.0
36.68 130620.0
36.68 130640.0
36.68 130660.0
36.68 130680.0
36.68 130700.0
35.54 130720.0
36.68 130740.0
36.68 130760.0
36.68 130780.0
36.68 130800.0
36.68 130820.0
36.68 130840.0
36.68 130860.0
36.68 130880.0
36.68 130900.0
35.54 130920.0
36.68 130940.0
36.68 130960.0
36.68 130980.0
36.68 131000.0
35.54 131020.0
36.68 131040.0
36.68 131060.0
36.68 131080.0
36.68 131100.0
36.68 131120.0
36.68 131140.0
36.68 131160.0
36.68 131180.0
36.68 131200.0
36.68 131220.0
36.68 131240.0
36.68 131260.0
35.54 131280.0
36.68 131300.0
36.68 131320.0
36.68 131340.0
36.68 131360.0
36.68 131380.0
36.68 131400.0
37.82 131420.0
36.68 131440.0
35.54 131460.0
36.68 131480.0
36.68 131500.0
36.68 131520.0
36.68 131540.0
36.68 131560.0
36.68 131580.0
36.68 131600.0
36.68 131620.0
36.68 131640.0
36.68 131660.0
36.68 131680.0
36.68 131700.0
36.68 131720.0
36.68 131740.0
36.68 131760.0
36.68 131780.0
36.68 131800.0
36.68 131820.0
36.68 131840.0
36.68 131860.0
36.68 131880.0
36.68 131900.0
36.68 131920.0
36.68 131940.0
36.68 131960.0
36.68 131980.0
36.68 132000.0
36.68 132020.0
36.68 132040.0
36.68 132060.0
36.68 132080.0
36.68 132100.0
36.68 132120.0
36.68 132140.0
36.68 132160.0
36.68 132180.0
36.68 132200.0
36.68 132220.0
36.68 132240.0
36.68 132260.0
36.68 132280.0
36.68 132300.0
36.68 132320.0
36.68 132340.0
36.68 132360.0
36.68 132380.0
36.68 132400.0
36.68 132420.0
36.68 132440.0
36.68 132460.0
36.68 132480.0
36.68 132500.0
36.68 132520.0
36.68 132540.0
36.68 132560.0
36.68 132580.0
36.68 132600.0
36.68 132620.0
36.68 132640.0
36.68 132660.0
36.68 132680.0
36.68 132700.0
36.68 132720.0
36.68 132740.0
36.68 132760.0
36.68 132780.0
36.68 132800.0
37.82 132820.0
36.68 132840.0
36.68 132860.0
36.68 132880.0
36.68 132900.0
36.68 132920.0
36.68 132940.0
36.68 132960.0
36.68 132980.0
36.68 133000.0
36.68 133020.0
36.68 133040.0
36.68 133060.0
36.68 133080.0
36.68 133100.0
36.68 133120.0
36.68 133140.0
36.68 133160.0
36.68 133180.0
36.68 133200.0
36.68 133220.0
36.68 133240.0
36.68 133260.0
36.68 133280.0
36.68 133300.0
36.68 133320.0
36.68 133340.0
36.68 133360.0
36.68 133380.0
36.68 133400.0
36.68 133420.0
36.68 133440.0
36.68 133460.0
37.82 133480.0
36.68 133500.0
36.68 133520.0
36.68 133540.0
36.68 133560.0
36.68 133580.0
36.68 133600.0
36.68 133620.0
36.68 133640.0
36.68 133660.0
36.68 133680.0
36.68 133700.0
36.68 133720.0
36.68 133740.0
36.68 133760.0
36.68 133780.0
36.68 133800.0
36.68 133820.0
36.68 133840.0
36.68 133860.0
36.68 133880.0
36.68 133900.0
36.68 133920.0
36.68 133940.0
36.68 133960.0
36.68 133980.0
36.68 134000.0
36.68 134020.0
36.68 134040.0
36.68 134060.0
36.68 134080.0
36.68 134100.0
36.68 134120.0
36.68 134140.0
36.68 134160.0
36.68 134180.0
36.68 134200.0
36.68 134220.0
36.68 134240.0
36.68 134260.0
36.68 134280.0
36.68 134300.0
36.68 134320.0
36.68 134340.0
36.68 134360.0
36.68 134380.0
36.68 134400.0
36.68 134420.0
36.68 134440.0
36.68 134460.0
36.68 134480.0
36.68 134500.0
36.68 134520.0
36.68 134540.0
36.68 134560.0
36.68 134580.0
36.68 134600.0
36.68 134620.0
35.54 134640.0
36.68 134660.0
36.68 134680.0
36.68 134700.0
36.68 134720.0
36.68 134740.0
36.68 134760.0
36.68 134780.0
36.68 134800.0
36.68 134820.0
36.68 134840.0
35.54 134860.0
36.68 134880.0
37.82 134900.0
36.68 134920.0
36.68 134940.0
36.68 134960.0
36.68 134980.0
36.68 135000.0
36.68 135020.0
36.68 135040.0
36.68 135060.0
36.68 135080.0
36.68 135100.0
36.68 135120.0
36.68 135140.0
36.68 135160.0
36.68 135180.0
36.68 135200.0
36.68 135220.0
36.68 135240.0
36.68 135260.0
36.68 135280.0
36.68 135300.0
36.68 135320.0
36.68 135340.0
36.68 135360.0
36.68 135380.0
36.68 135400.0
36.68 135420.0
36.68 135440.0
36.68 135460.0
36.68 135480.0
36.68 135500.0
36.68 135520.0
36.68 135540.0
36.68 135560.0
36.68 135580.0
36.68 135600.0
36.68 135620.0
36.68 135640.0
36.68 135660.0
36.68 135680.0
36.68 135700.0
36.68 135720.0
36.68 135740.0
36.68 135760.0
36.68 135780.0
36.68 135800.0
36.68 135820.0
36.68 135840.0
36.68 135860.0
36.68 135880.0
36.68 135900.0
36.68 135920.0
36.68 135940.0
36.68 135960.0
36.68 135980.0
36.68 136000.0
36.68 136020.0
36.68 136040.0
36.68 136060.0
36.68 136080.0
36.68 136100.0
36.68 136120.0
36.68 136140.0
36.68 136160.0
36.68 136180.0
36.68 136200.0
36.68 136220.0
36.68 136240.0
36.68 136260.0
36.68 136280.0
36.68 136300.0
36.68 136320.0
36.68 136340.0
36.68 136360.0
36.68 136380.0
36.68 136400.0
36.68 136420.0
36.68 136440.0
36.68 136460.0
36.68 136480.0
36.68 136500.0
36.68 136520.0
36.68 136540.0
36.68 136560.0
36.68 136580.0
36.68 136600.0
36.68 136620.0
36.68 136640.0
36.68 136660.0
36.68 136680.0
36.68 136700.0
36.68 136720.0
36.68 136740.0
36.68 136760.0
36.68 136780.0
36.68 136800.0
36.68 136820.0
36.68 136840.0
36.68 136860.0
36.68 136880.0
36.68 136900.0
37.82 136920.0
36.68 136940.0
36.68 136960.0
36.68 136980.0
36.68 137000.0
36.68 137020.0
36.68 137040.0
36.68 137060.0
36.68 137080.0
36.68 137100.0
36.68 137120.0
36.68 137140.0
36.68 137160.0
36.68 137180.0
36.68 137200.0
36.68 137220.0
36.68 137240.0
36.68 137260.0
36.68 137280.0
35.54 137300.0
36.68 137320.0
36.68 137340.0
36.68 137360.0
36.68 137380.0
36.68 137400.0
36.68 137420.0
36.68 137440.0
36.68 137460.0
36.68 137480.0
36.68 137500.0
36.68 137520.0
36.68 137540.0
36.68 137560.0
36.68 137580.0
36.68 137600.0
36.68 137620.0
35.54 137640.0
36.68 137660.0
36.68 137680.0
35.54 137700.0
35.54 137720.0
36.68 137740.0
36.68 137760.0
36.68 137780.0
36.68 137800.0
36.68 137820.0
36.68 137840.0
37.82 137860.0
36.68 137880.0
36.68 137900.0
36.68 137920.0
36.68 137940.0
36.68 137960.0
36.68 137980.0
36.68 138000.0
36.68 138020.0
36.68 138040.0
36.68 138060.0
36.68 138080.0
36.68 138100.0
36.68 138120.0
36.68 138140.0
36.68 138160.0
36.68 138180.0
36.68 138200.0
36.68 138220.0
36.68 138240.0
36.68 138260.0
36.68 138280.0
36.68 138300.0
36.68 138320.0
36.68 138340.0
36.68 138360.0
36.68 138380.0
36.68 138400.0
36.68 138420.0
36.68 138440.0
36.68 138460.0
36.68 138480.0
36.68 138500.0
36.68 138520.0
36.68 138540.0
36.68 138560.0
36.68 138580.0
36.68 138600.0
36.68 138620.0
36.68 138640.0
36.68 138660.0
36.68 138680.0
36.68 138700.0
36.68 138720.0
36.68 138740.0
36.68 138760.0
36.68 138780.0
36.68 138800.0
36.68 138820.0
36.68 138840.0
36.68 138860.0
36.68 138880.0
36.68 138900.0
37.82 138920.0
36.68 138940.0
36.68 138960.0
36.68 138980.0
36.68 139000.0
36.68 139020.0
36.68 139040.0
36.68 139060.0
36.68 139080.0
36.68 139100.0
36.68 139120.0
36.68 139140.0
36.68 139160.0
36.68 139180.0
36.68 139200.0
36.68 139220.0
36.68 139240.0
36.68 139260.0
36.68 139280.0
36.68 139300.0
36.68 139320.0
36.68 139340.0
36.68 139360.0
36.68 139380.0
36.68 139400.0
36.68 139420.0
36.68 139440.0
36.68 139460.0
36.68 139480.0
36.68 139500.0
36.68 139520.0
36.68 139540.0
36.68 139560.0
36.68 139580.0
36.68 139600.0
36.68 139620.0
36.68 139640.0
36.68 139660.0
36.68 139680.0
36.68 139700.0
36.68 139720.0
36.68 139740.0
36.68 139760.0
36.68 139780.0
36.68 139800.0
36.68 139820.0
36.68 139840.0
36.68 139860.0
36.68 139880.0
36.68 139900.0
36.68 139920.0
36.68 139940.0
36.68 139960.0
36.68 139980.0
36.68 140000.0
36.68 140020.0
36.68 140040.0
36.68 140060.0
36.68 140080.0
36.68 140100.0
36.68 140120.0
36.68 140140.0
36.68 140160.0
36.68 140180.0
36.68 140200.0
36.68 140220.0
36.68 140240.0
36.68 140260.0
36.68 140280.0
36.68 140300.0
36.68 140320.0
36.68 140340.0
36.68 140360.0
36.68 140380.0
36.68 140400.0
36.68 140420.0
36.68 140440.0
36.68 140460.0
36.68 140480.0
36.68 140500.0
36.68 140520.0
36.68 140540.0
36.68 140560.0
36.68 140580.0
37.82 140600.0
36.68 140620.0
36.68 140640.0
36.68 140660.0
36.68 140680.0
36.68 140700.0
36.68 140720.0
36.68 140740.0
36.68 140760.0
36.68 140780.0
36.68 140800.0
36.68 140820.0
36.68 140840.0
36.68 140860.0
36.68 140880.0
36.68 140900.0
37.82 140920.0
36.68 140940.0
36.68 140960.0
36.68 140980.0
36.68 141000.0
36.68 141020.0
36.68 141040.0
36.68 141060.0
36.68 141080.0
36.68 141100.0
36.68 141120.0
36.68 141140.0
36.68 141160.0
36.68 141180.0
36.68 141200.0
36.68 141220.0
36.68 141240.0
36.68 141260.0
36.68 141280.0
36.68 141300.0
36.68 141320.0
36.68 141340.0
36.68 141360.0
36.68 141380.0
36.68 141400.0
36.68 141420.0
37.82 141440.0
36.68 141460.0
36.68 141480.0
36.68 141500.0
36.68 141520.0
36.68 141540.0
36.68 141560.0
36.68 141580.0
36.68 141600.0
36.68 141620.0
36.68 141640.0
36.68 141660.0
37.82 141680.0
36.68 141700.0
36.68 141720.0
37.82 141740.0
37.82 141760.0
36.68 141780.0
36.68 141800.0
36.68 141820.0
36.68 141840.0
36.68 141860.0
37.82 141880.0
36.68 141900.0
36.68 141920.0
36.68 141940.0
36.68 141960.0
36.68 141980.0
36.68 142000.0
36.68 142020.0
36.68 142040.0
36.68 142060.0
36.68 142080.0
36.68 142100.0
36.68 142120.0
36.68 142140.0
36.68 142160.0
36.68 142180.0
36.68 142200.0
36.68 142220.0
36.68 142240.0
36.68 142260.0
36.68 142280.0
36.68 142300.0
36.68 142320.0
36.68 142340.0
36.68 142360.0
36.68 142380.0
36.68 142400.0
36.68 142420.0
36.68 142440.0
36.68 142460.0
36.68 142480.0
37.82 142500.0
36.68 142520.0
36.68 142540.0
36.68 142560.0
36.68 142580.0
36.68 142600.0
36.68 142620.0
36.68 142640.0
36.68 142660.0
36.68 142680.0
36.68 142700.0
36.68 142720.0
36.68 142740.0
36.68 142760.0
36.68 142780.0
36.68 142800.0
36.68 142820.0
36.68 142840.0
36.68 142860.0
36.68 142880.0
36.68 142900.0
36.68 142920.0
36.68 142940.0
37.82 142960.0
36.68 142980.0
36.68 143000.0
36.68 143020.0
36.68 143040.0
36.68 143060.0
36.68 143080.0
36.68 143100.0
36.68 143120.0
36.68 143140.0
37.82 143160.0
37.82 143180.0
36.68 143200.0
36.68 143220.0
36.68 143240.0
36.68 143260.0
36.68 143280.0
36.68 143300.0
36.68 143320.0
36.68 143340.0
36.68 143360.0
37.82 143380.0
36.68 143400.0
36.68 143420.0
36.68 143440.0
36.68 143460.0
36.68 143480.0
36.68 143500.0
36.68 143520.0
36.68 143540.0
36.68 143560.0
36.68 143580.0
36.68 143600.0
36.68 143620.0
36.68 143640.0
36.68 143660.0
36.68 143680.0
36.68 143700.0
37.82 143720.0
37.82 143740.0
36.68 143760.0
36.68 143780.0
37.82 143800.0
36.68 143820.0
36.68 143840.0
36.68 143860.0
36.68 143880.0
36.68 143900.0
37.82 143920.0
36.68 143940.0
36.68 143960.0
36.68 143980.0
36.68 144000.0
36.68 144020.0
36.68 144040.0
36.68 144060.0
36.68 144080.0
36.68 144100.0
36.68 144120.0
36.68 144140.0
36.68 144160.0
36.68 144180.0
36.68 144200.0
36.68 144220.0
36.68 144240.0
36.68 144260.0
36.68 144280.0
36.68 144300.0
36.68 144320.0
36.68 144340.0
36.68 144360.0
36.68 144380.0
36.68 144400.0
36.68 144420.0
36.68 144440.0
36.68 144460.0
37.82 144480.0
36.68 144500.0
36.68 144520.0
36.68 144540.0
36.68 144560.0
36.68 144580.0
36.68 144600.0
36.68 144620.0
36.68 144640.0
36.68 144660.0
36.68 144680.0
36.68 144700.0
36.68 144720.0
36.68 144740.0
36.68 144760.0
36.68 144780.0
36.68 144800.0
36.68 144820.0
36.68 144840.0
36.68 144860.0
37.82 144880.0
36.68 144900.0
36.68 144920.0
36.68 144940.0
36.68 144960.0
36.68 144980.0
36.68 145000.0
37.82 145020.0
36.68 145040.0
36.68 145060.0
36.68 145080.0
36.68 145100.0
36.68 145120.0
36.68 145140.0
36.68 145160.0
