46.94 15.69
46.94 15.91
48.08 15.7
46.94 15.54
48.08 15.9
48.08 15.55
46.94 15.52
48.08 15.82
46.94 15.58
46.94 15.66
48.08 15.86
48.08 15.58
48.08 15.52
48.08 15.7
48.08 15.5
49.22 15.7
48.08 15.72
48.08 15.75
48.08 15.62
48.08 15.76
48.08 15.75
49.22 15.85
48.08 15.74
49.22 15.89
48.08 15.65
49.22 15.66
48.08 15.54
49.22 15.59
48.08 15.53
48.08 15.81
49.22 15.64
49.22 15.76
48.08 15.81
49.22 15.57
48.08 15.44
48.08 15.58
49.22 15.78
49.22 15.63
49.22 15.52
49.22 15.61
48.08 15.6
49.22 15.48
49.22 15.71
49.22 15.7
49.22 15.46
49.22 15.85
50.36 15.7
48.08 15.62
49.22 15.46
49.22 15.49
50.36 15.39
49.22 15.58
49.22 15.63
49.22 15.44
50.36 15.45
49.22 15.57
50.36 15.5
50.36 15.51
49.22 15.46
50.36 15.47
50.36 15.33
50.36 15.44
49.22 15.67
49.22 15.51
49.22 15.58
49.22 15.56
49.22 15.51
50.36 15.46
50.36 15.42
50.36 15.6
50.36 15.76
50.36 15.69
50.36 15.39
50.36 15.29
50.36 15.3
50.36 15.46
51.5 15.22
50.36 15.92
50.36 15.62
50.36 15.55
50.36 15.64
50.36 15.39
50.36 15.74
50.36 15.39
50.36 15.57
50.36 15.54
50.36 15.3
50.36 15.31
50.36 15.33
50.36 15.44
50.36 15.33
50.36 15.42
50.36 15.48
50.36 15.58
50.36 15.65
50.36 15.49
50.36 15.46
50.36 15.68
50.36 15.57
51.5 15.77
50.36 15.54
50.36 15.47
51.5 15.46
50.36 15.43
51.5 15.58
50.36 15.46
50.36 15.39
50.36 15.58
50.36 15.56
50.36 15.55
51.5 15.39
50.36 15.58
51.5 15.58
51.5 15.46
51.5 15.62
51.5 15.41
50.36 15.42
50.36 15.37
51.5 15.44
51.5 15.5
50.36 15.31
51.5 15.63
50.36 15.46
51.5 15.46
51.5 15.34
50.36 15.47
50.36 15.45
51.5 15.29
51.5 15.54
51.5 15.28
51.5 15.5
51.5 15.55
51.5 15.55
51.5 15.45
50.36 15.31
51.5 15.44
50.36 15.6
51.5 15.54
51.5 15.37
51.5 15.52
51.5 15.27
51.5 15.52
51.5 15.53
51.5 15.5
51.5 15.47
51.5 15.51
51.5 15.33
51.5 15.46
51.5 15.38
50.36 15.66
51.5 15.52
51.5 15.2
51.5 15.62
51.5 15.57
50.36 15.54
51.5 15.49
51.5 15.44
51.5 15.41
51.5 15.65
51.5 15.3
50.36 15.57
51.5 15.68
51.5 15.6
51.5 15.34
52.64 15.46
51.5 15.52
51.5 15.5
51.5 15.39
51.5 15.26
52.64 15.44
51.5 15.43
51.5 15.45
51.5 15.53
51.5 15.42
52.64 15.42
51.5 15.46
52.64 15.42
51.5 15.52
52.64 15.49
51.5 15.57
51.5 15.55
51.5 15.12
51.5 15.31
51.5 15.44
52.64 15.35
51.5 15.26
51.5 15.33
51.5 15.58
52.64 15.36
51.5 15.54
52.64 15.46
51.5 15.44
51.5 15.44
51.5 15.39
52.64 15.68
52.64 15.41
52.64 15.49
51.5 15.45
51.5 15.42
52.64 15.42
51.5 15.55
51.5 15.44
52.64 15.4
52.64 15.28
52.64 15.31
52.64 15.51
51.5 15.52
52.64 15.47
52.64 15.39
52.64 15.46
52.64 15.36
51.5 15.42
51.5 15.33
52.64 15.52
52.64 15.37
52.64 15.39
52.64 15.35
51.5 15.39
52.64 15.27
52.64 15.44
52.64 15.23
52.64 15.35
51.5 15.55
52.64 15.44
52.64 15.49
52.64 15.36
52.64 15.41
51.5 15.55
51.5 15.31
52.64 15.45
51.5 15.27
52.64 15.32
52.64 15.32
52.64 15.49
52.64 15.25
52.64 15.26
52.64 15.36
52.64 15.41
51.5 15.5
52.64 15.52
52.64 15.28
52.64 15.47
52.64 15.22
52.64 15.41
52.64 15.36
52.64 15.25
51.5 15.24
52.64 15.44
52.64 15.17
51.5 15.36
51.5 15.24
52.64 15.31
52.64 15.46
52.64 15.31
52.64 15.52
52.64 15.38
52.64 15.4
51.5 15.41
52.64 15.19
52.64 15.31
52.64 15.3
52.64 15.29
52.64 15.48
52.64 15.23
52.64 15.22
52.64 15.46
52.64 15.22
52.64 15.36
52.64 15.32
52.64 15.2
52.64 15.32
52.64 15.39
52.64 15.23
52.64 15.07
53.78 15.09
52.64 15.26
52.64 15.6
52.64 15.28
52.64 15.39
53.78 15.49
52.64 15.25
52.64 15.44
52.64 15.39
52.64 15.2
52.64 15.17
52.64 15.4
52.64 15.62
52.64 15.21
53.78 15.17
52.64 15.3
52.64 15.47
52.64 15.23
52.64 15.36
52.64 15.17
52.64 15.29
53.78 15.41
52.64 15.23
52.64 15.19
53.78 15.36
52.64 15.36
52.64 15.12
52.64 15.17
52.64 15.23
52.64 15.29
52.64 15.43
53.78 15.24
52.64 15.32
52.64 15.2
53.78 15.3
52.64 15.07
52.64 14.89
52.64 15.06
52.64 15.44
53.78 15.09
52.64 15.21
52.64 15.15
53.78 15.22
52.64 15.34
53.78 15.26
52.64 15.15
52.64 15.26
53.78 15.24
52.64 15.17
53.78 15.04
52.64 15.23
53.78 15.47
53.78 15.23
52.64 15.45
52.64 15.18
53.78 15.3
53.78 15.26
53.78 15.28
52.64 15.49
53.78 15.3
53.78 15.49
53.78 15.33
53.78 15.23
53.78 15.32
53.78 15.23
53.78 15.21
53.78 15.09
53.78 15.03
52.64 15.18
52.64 15.14
53.78 15.31
53.78 15.28
54.92 15.09
53.78 15.47
53.78 15.41
53.78 15.13
53.78 15.37
52.64 15.1
52.64 15.29
52.64 15.37
53.78 15.44
53.78 15.14
53.78 15.22
53.78 15.12
53.78 15.02
52.64 15.13
53.78 15.26
52.64 15.17
53.78 15.19
53.78 15.32
52.64 15.24
53.78 15.28
53.78 15.31
52.64 15.25
52.64 15.48
53.78 15.02
53.78 15.3
53.78 15.46
52.64 15.03
52.64 15.3
53.78 15.35
52.64 15.17
52.64 15.38
53.78 15.26
52.64 15.01
53.78 15.36
52.64 15.19
53.78 15.01
53.78 15.28
53.78 15.31
53.78 15.16
53.78 15.14
53.78 15.28
53.78 15.27
53.78 15.22
53.78 15.23
53.78 15.25
53.78 15.31
53.78 15.22
53.78 15.13
52.64 15.33
53.78 15.28
53.78 15.55
53.78 15.14
53.78 15.23
53.78 15.16
53.78 15.14
53.78 15.28
53.78 15.12
53.78 15.15
53.78 15.25
53.78 14.96
53.78 15.45
53.78 15.28
53.78 15.17
53.78 15.07
53.78 15.1
53.78 15.41
53.78 14.93
53.78 15.04
53.78 15.26
53.78 15.25
53.78 15.28
53.78 15.31
53.78 15.39
53.78 15.3
53.78 15.25
53.78 15.25
53.78 14.95
53.78 15.17
53.78 15.33
53.78 15.18
53.78 15.28
54.92 15.22
53.78 14.99
53.78 15.18
53.78 15.17
53.78 15.03
53.78 15.2
53.78 15.3
53.78 15.32
53.78 15.22
53.78 15.26
53.78 15.07
53.78 15.23
53.78 14.95
53.78 15.01
54.92 15.49
53.78 15.2
53.78 15.1
53.78 14.91
54.92 15.3
53.78 15.26
53.78 15.18
53.78 15.23
53.78 15.42
53.78 15.25
53.78 14.98
53.78 15.25
54.92 15.37
53.78 15.15
53.78 15.17
53.78 15.19
53.78 15.13
54.92 15.31
53.78 15.41
53.78 15.02
54.92 15.18
54.92 15.05
54.92 15.02
53.78 15.39
53.78 15.32
54.92 15.15
53.78 15.22
53.78 15.24
53.78 15.23
53.78 14.94
53.78 15.47
53.78 15.6
53.78 15.39
53.78 15.23
54.92 15.38
54.92 15.32
53.78 15.41
53.78 15.39
53.78 15.09
53.78 15.14
53.78 14.97
53.78 15.33
53.78 15.12
53.78 15.22
53.78 15.18
53.78 15.26
53.78 15.13
53.78 15.07
53.78 15.26
53.78 15.22
53.78 15.41
54.92 15.21
53.78 14.93
54.92 15.08
54.92 15.36
54.92 15.01
54.92 15.27
53.78 15.2
54.92 15.12
54.92 15.06
53.78 15.1
54.92 15.13
54.92 15.23
54.92 15.28
54.92 15.35
53.78 14.98
54.92 15.25
54.92 15.31
53.78 15.13
54.92 15.22
53.78 15.3
53.78 15.2
54.92 15.25
53.78 15.34
54.92 15.18
53.78 15.44
53.78 15.12
54.92 15.03
54.92 15.05
53.78 15.18
54.92 15.08
54.92 14.98
54.92 15.31
53.78 15.34
53.78 15.22
54.92 15.23
54.92 15.01
53.78 15.44
54.92 15.14
53.78 15.22
54.92 15.03
54.92 15.09
53.78 15.02
54.92 15.07
53.78 15.25
54.92 15.33
54.92 15.13
53.78 15.14
54.92 15.11
53.78 15.09
53.78 15.34
54.92 15.21
53.78 15.12
54.92 15.24
54.92 15.26
54.92 15.32
54.92 14.93
54.92 15.07
53.78 15.18
53.78 15.1
54.92 15.19
53.78 15.04
53.78 15.29
54.92 14.99
54.92 15.23
54.92 14.99
54.92 15.07
54.92 15.18
54.92 15.39
54.92 15.22
54.92 15.54
54.92 15.31
54.92 15.1
53.78 14.93
54.92 15.09
54.92 15.15
54.92 15.46
53.78 14.93
54.92 15.24
54.92 15.06
54.92 15.03
54.92 15.18
54.92 15.16
54.92 15.13
54.92 15.32
54.92 15.11
54.92 15.3
54.92 15.36
53.78 15.25
53.78 15.1
54.92 14.98
54.92 15.28
53.78 15.15
54.92 15.03
54.92 15.2
54.92 15.18
53.78 15.42
54.92 15.04
54.92 15.28
54.92 15.33
53.78 15.22
54.92 15.37
54.92 15.0
54.92 15.09
54.92 14.91
54.92 15.26
54.92 15.04
54.92 15.09
54.92 15.33
54.92 15.06
53.78 15.12
54.92 15.3
54.92 14.98
54.92 15.05
54.92 15.01
54.92 15.2
54.92 15.1
54.92 15.12
54.92 15.21
56.06 15.1
54.92 15.15
53.78 15.01
54.92 14.93
54.92 15.17
54.92 15.34
54.92 15.19
54.92 14.93
54.92 14.98
54.92 15.04
53.78 15.31
54.92 15.13
54.92 15.04
54.92 15.02
54.92 15.08
54.92 15.26
54.92 15.15
54.92 15.14
54.92 15.2
54.92 15.06
54.92 15.22
54.92 14.98
53.78 14.89
54.92 15.04
54.92 15.39
54.92 15.28
54.92 15.22
54.92 14.83
54.92 15.01
54.92 15.15
54.92 14.99
54.92 15.08
54.92 15.02
54.92 15.09
54.92 15.23
54.92 15.2
53.78 15.37
54.92 15.0
54.92 15.17
54.92 15.2
54.92 15.22
54.92 15.02
54.92 15.18
56.06 15.32
54.92 15.11
54.92 15.01
54.92 14.85
56.06 15.13
54.92 15.06
56.06 15.15
54.92 15.1
54.92 15.04
56.06 15.12
54.92 15.3
56.06 15.32
54.92 15.3
53.78 14.98
54.92 15.24
54.92 15.26
54.92 15.18
54.92 15.21
54.92 15.02
54.92 15.12
54.92 15.27
54.92 15.02
56.06 15.33
54.92 14.97
54.92 15.09
54.92 15.26
54.92 14.9
54.92 15.28
56.06 14.8
54.92 15.11
54.92 15.04
54.92 15.19
54.92 14.89
54.92 15.14
54.92 14.97
56.06 15.01
54.92 15.04
54.92 15.09
54.92 15.19
54.92 15.06
54.92 15.01
54.92 15.09
54.92 14.96
54.92 15.01
54.92 15.2
54.92 15.01
56.06 15.1
54.92 15.14
56.06 15.06
56.06 15.12
54.92 15.22
54.92 15.17
54.92 14.83
56.06 15.09
54.92 15.25
54.92 15.24
56.06 15.06
54.92 15.18
54.92 15.07
54.92 15.02
54.92 15.15
56.06 15.15
56.06 14.81
56.06 14.85
54.92 15.13
54.92 15.07
54.92 14.89
56.06 15.02
54.92 15.04
54.92 15.33
54.92 15.04
54.92 14.99
54.92 14.87
54.92 14.96
56.06 14.98
54.92 14.66
54.92 15.28
54.92 15.14
54.92 14.86
56.06 14.97
56.06 15.3
56.06 15.13
56.06 14.91
54.92 15.02
54.92 14.98
56.06 14.79
54.92 14.93
56.06 14.98
54.92 15.03
54.92 14.77
56.06 15.15
54.92 15.02
56.06 15.13
56.06 15.09
56.06 15.13
54.92 15.01
56.06 15.22
54.92 14.69
54.92 15.05
56.06 14.95
56.06 14.91
56.06 14.91
56.06 14.78
56.06 15.22
56.06 14.8
56.06 14.88
56.06 15.11
54.92 14.93
56.06 15.01
54.92 14.99
54.92 15.26
56.06 14.98
54.92 14.74
54.92 15.02
56.06 14.9
54.92 15.04
54.92 15.04
56.06 15.23
54.92 14.73
54.92 14.93
54.92 15.04
56.06 14.97
54.92 14.89
56.06 15.06
56.06 15.09
54.92 15.04
54.92 14.93
54.92 15.06
56.06 15.04
56.06 15.21
54.92 15.05
56.06 14.99
56.06 15.02
56.06 14.64
56.06 15.14
54.92 15.17
54.92 15.11
56.06 15.3
54.92 15.03
56.06 15.05
56.06 14.93
54.92 14.71
56.06 14.85
54.92 15.12
56.06 15.05
54.92 14.99
54.92 14.77
54.92 15.08
56.06 15.07
56.06 15.11
54.92 15.19
54.92 15.03
54.92 14.73
56.06 14.93
56.06 14.88
56.06 15.1
56.06 15.12
54.92 14.96
56.06 14.72
56.06 14.91
54.92 15.17
54.92 15.29
56.06 15.16
56.06 15.06
56.06 14.97
56.06 15.17
56.06 14.95
56.06 14.8
56.06 15.04
56.06 14.93
54.92 15.13
56.06 15.17
56.06 14.98
56.06 15.16
56.06 14.88
54.92 15.25
54.92 14.96
56.06 15.02
56.06 14.72
54.92 15.11
56.06 14.9
56.06 14.8
54.92 14.84
56.06 15.03
56.06 14.89
57.2 14.87
56.06 14.94
56.06 14.93
56.06 15.34
56.06 15.06
56.06 14.94
56.06 14.98
56.06 14.72
56.06 15.19
54.92 14.96
56.06 15.02
56.06 15.09
56.06 14.98
56.06 14.85
56.06 15.05
56.06 15.06
56.06 15.08
56.06 15.18
56.06 15.1
56.06 14.79
56.06 15.03
56.06 15.12
56.06 15.15
56.06 15.14
56.06 15.04
56.06 14.94
54.92 15.01
56.06 14.83
56.06 14.92
56.06 15.01
56.06 15.3
56.06 15.14
56.06 14.87
56.06 14.97
56.06 14.98
56.06 15.08
56.06 15.0
54.92 14.84
56.06 15.05
56.06 15.04
56.06 15.06
56.06 15.12
56.06 15.04
56.06 14.77
56.06 15.01
56.06 15.32
56.06 15.07
56.06 15.06
54.92 14.96
56.06 15.14
56.06 15.12
57.2 14.9
56.06 15.3
56.06 14.82
56.06 15.11
56.06 14.75
56.06 14.84
56.06 14.95
56.06 14.87
56.06 14.94
56.06 15.02
56.06 14.97
56.06 14.94
56.06 15.04
56.06 14.87
56.06 15.03
56.06 14.82
56.06 15.01
56.06 15.09
56.06 15.11
56.06 14.85
56.06 14.8
56.06 14.63
56.06 15.07
56.06 14.91
56.06 14.91
56.06 14.81
56.06 14.87
56.06 14.96
56.06 15.09
56.06 14.69
56.06 14.94
56.06 14.91
56.06 15.1
56.06 14.7
57.2 15.29
56.06 15.04
54.92 14.94
56.06 14.97
56.06 14.86
56.06 14.97
56.06 14.74
56.06 15.07
56.06 14.92
57.2 14.97
56.06 14.86
56.06 14.99
56.06 15.0
57.2 14.91
56.06 14.96
56.06 14.99
56.06 14.66
56.06 15.14
56.06 14.85
56.06 14.93
56.06 14.79
56.06 15.2
56.06 15.07
56.06 15.11
56.06 14.85
56.06 14.87
56.06 15.15
56.06 15.09
56.06 14.93
56.06 14.86
56.06 15.22
56.06 14.89
56.06 15.04
56.06 15.04
56.06 14.98
56.06 14.91
57.2 15.1
56.06 15.09
56.06 15.07
56.06 14.94
57.2 14.92
57.2 14.93
56.06 15.09
56.06 14.91
57.2 14.96
57.2 15.14
57.2 14.87
57.2 14.63
56.06 14.95
56.06 14.96
56.06 14.95
56.06 14.99
56.06 14.79
56.06 14.93
56.06 15.06
57.2 14.79
56.06 14.91
56.06 14.83
56.06 14.8
56.06 14.74
57.2 15.0
57.2 14.88
56.06 15.14
56.06 15.04
56.06 14.91
56.06 14.99
56.06 15.06
57.2 15.06
56.06 15.01
56.06 14.88
56.06 14.72
56.06 14.97
56.06 15.23
56.06 14.9
57.2 15.15
56.06 14.96
56.06 15.1
56.06 14.96
56.06 15.09
56.06 15.11
56.06 14.87
56.06 15.13
56.06 14.98
57.2 15.04
56.06 14.93
56.06 14.87
56.06 15.18
56.06 14.98
57.2 15.01
56.06 15.04
57.2 15.18
57.2 15.07
56.06 14.89
56.06 14.88
56.06 14.81
56.06 14.97
56.06 14.93
57.2 15.12
57.2 15.07
57.2 14.94
56.06 15.1
56.06 14.82
56.06 14.78
56.06 14.93
56.06 15.1
56.06 14.98
57.2 15.03
56.06 14.84
57.2 15.05
56.06 15.06
56.06 15.17
56.06 14.97
57.2 14.9
56.06 15.17
57.2 15.1
56.06 15.01
57.2 14.88
56.06 14.8
56.06 14.96
57.2 14.98
56.06 14.78
57.2 15.05
56.06 14.87
57.2 15.15
57.2 15.08
57.2 15.1
57.2 15.06
56.06 14.94
56.06 15.23
56.06 14.81
56.06 14.79
56.06 14.98
56.06 15.05
56.06 14.91
56.06 14.88
57.2 15.3
57.2 14.94
57.2 14.74
56.06 14.91
56.06 15.02
57.2 14.81
56.06 14.73
56.06 15.15
57.2 15.3
56.06 14.8
57.2 14.88
56.06 14.93
57.2 14.88
56.06 14.95
57.2 15.17
56.06 15.19
56.06 14.68
56.06 14.97
56.06 14.75
57.2 14.95
56.06 15.14
56.06 14.77
57.2 15.0
57.2 15.23
56.06 15.04
56.06 14.98
57.2 15.07
57.2 14.9
56.06 14.87
56.06 15.19
56.06 14.83
56.06 14.79
57.2 15.0
57.2 15.2
57.2 14.94
56.06 15.06
56.06 15.0
57.2 15.11
57.2 14.74
57.2 15.03
57.2 14.93
57.2 14.87
57.2 14.77
56.06 14.91
57.2 15.01
57.2 14.93
56.06 14.93
57.2 14.87
56.06 15.09
57.2 14.75
57.2 14.95
57.2 15.04
57.2 14.87
57.2 15.29
56.06 14.88
57.2 14.87
56.06 14.87
56.06 14.9
57.2 14.59
56.06 15.03
57.2 15.17
57.2 14.9
56.06 15.17
57.2 14.93
57.2 15.19
57.2 15.02
57.2 15.1
57.2 15.16
56.06 14.82
57.2 14.7
56.06 15.08
57.2 14.88
56.06 15.13
57.2 15.04
57.2 14.88
57.2 15.17
57.2 15.04
56.06 14.93
56.06 14.89
56.06 14.96
57.2 14.72
57.2 14.89
56.06 14.92
57.2 14.93
56.06 14.99
57.2 14.99
57.2 14.97
57.2 15.01
57.2 14.86
57.2 15.23
57.2 14.92
57.2 15.17
57.2 14.82
57.2 14.9
57.2 15.15
56.06 15.02
57.2 14.83
57.2 14.87
57.2 14.87
57.2 14.96
57.2 14.98
57.2 14.97
56.06 14.91
57.2 15.06
57.2 14.9
57.2 15.09
57.2 15.05
57.2 14.8
57.2 15.07
57.2 14.77
56.06 15.07
57.2 14.75
57.2 15.07
57.2 15.08
57.2 15.11
57.2 15.01
57.2 14.93
57.2 14.95
57.2 14.87
57.2 14.8
57.2 15.16
57.2 14.71
56.06 15.18
57.2 14.88
57.2 14.95
57.2 15.06
57.2 14.74
57.2 14.8
57.2 14.92
57.2 15.01
56.06 15.07
57.2 14.97
57.2 15.07
57.2 15.23
57.2 14.87
57.2 14.94
56.06 15.01
57.2 14.76
57.2 15.08
57.2 14.94
57.2 14.74
57.2 14.8
57.2 15.15
57.2 15.07
57.2 15.13
57.2 14.61
57.2 15.16
57.2 15.06
57.2 14.99
56.06 15.05
57.2 14.66
56.06 15.2
57.2 14.99
57.2 15.05
57.2 15.09
57.2 15.1
57.2 15.1
57.2 14.91
57.2 15.22
57.2 14.85
57.2 14.76
57.2 14.85
57.2 14.91
57.2 15.06
57.2 15.01
57.2 15.11
57.2 14.71
57.2 14.59
57.2 14.75
57.2 14.87
57.2 15.21
57.2 14.82
57.2 14.85
57.2 15.01
58.34 14.87
57.2 14.97
56.06 14.75
57.2 15.16
56.06 14.77
57.2 14.89
57.2 15.04
56.06 15.3
57.2 14.93
57.2 14.94
57.2 14.87
57.2 14.92
57.2 15.04
57.2 14.93
57.2 14.73
57.2 14.97
57.2 14.87
57.2 14.91
57.2 15.16
57.2 14.99
57.2 15.17
57.2 14.83
57.2 15.02
57.2 14.98
57.2 14.74
56.06 14.88
57.2 15.03
57.2 15.05
57.2 15.11
58.34 14.94
57.2 15.17
57.2 15.09
57.2 15.11
57.2 15.15
57.2 14.96
57.2 14.93
57.2 14.99
57.2 14.9
57.2 14.66
57.2 15.13
57.2 15.19
58.34 15.05
58.34 15.15
57.2 15.01
57.2 15.14
57.2 15.12
57.2 15.28
58.34 15.02
57.2 14.9
57.2 15.0
57.2 15.01
58.34 14.91
57.2 14.82
57.2 15.12
57.2 14.91
58.34 14.98
57.2 15.11
57.2 15.03
57.2 14.88
57.2 14.84
57.2 15.02
57.2 14.8
58.34 14.9
57.2 14.87
57.2 14.91
57.2 14.96
57.2 14.93
57.2 15.06
56.06 15.09
58.34 14.96
58.34 15.02
57.2 15.06
57.2 14.93
57.2 14.98
57.2 14.75
58.34 14.96
57.2 14.94
57.2 14.73
57.2 15.02
57.2 15.15
57.2 15.29
57.2 14.94
57.2 15.02
58.34 14.99
58.34 14.98
57.2 14.87
58.34 14.8
58.34 15.23
57.2 14.99
57.2 15.07
58.34 14.89
57.2 15.02
57.2 14.81
57.2 14.96
57.2 15.09
58.34 15.12
57.2 15.02
57.2 15.11
57.2 15.01
57.2 14.79
57.2 14.9
57.2 14.94
57.2 14.88
57.2 14.9
57.2 14.87
57.2 15.06
57.2 15.12
57.2 14.93
57.2 14.93
58.34 15.01
57.2 14.68
58.34 14.99
57.2 14.99
57.2 15.02
57.2 14.88
57.2 15.01
57.2 14.78
57.2 15.12
57.2 15.01
57.2 14.84
57.2 14.94
57.2 14.91
57.2 15.02
57.2 14.84
57.2 15.07
57.2 14.95
57.2 14.96
57.2 15.06
57.2 14.8
58.34 14.86
57.2 14.89
57.2 14.94
57.2 15.11
57.2 14.83
57.2 15.02
57.2 14.99
57.2 14.82
57.2 15.05
57.2 15.05
57.2 14.64
57.2 15.01
57.2 15.17
57.2 14.96
57.2 15.09
57.2 14.77
57.2 15.05
58.34 14.88
58.34 15.14
58.34 14.95
57.2 15.09
57.2 14.82
58.34 14.83
57.2 14.64
57.2 14.85
57.2 14.94
57.2 14.94
57.2 14.94
57.2 15.24
57.2 15.15
57.2 15.15
57.2 14.83
58.34 14.98
57.2 14.76
57.2 14.9
57.2 15.05
57.2 14.86
57.2 14.91
57.2 14.87
57.2 14.81
57.2 14.81
58.34 15.01
57.2 14.88
57.2 14.77
57.2 14.83
58.34 15.28
57.2 14.86
58.34 14.96
57.2 15.04
57.2 14.98
57.2 14.83
57.2 14.75
57.2 14.96
57.2 15.04
57.2 15.01
57.2 14.81
58.34 14.93
58.34 14.88
57.2 14.92
58.34 14.88
58.34 15.01
57.2 14.9
58.34 14.96
57.2 14.99
57.2 14.88
57.2 14.88
58.34 14.85
57.2 14.93
58.34 14.99
57.2 14.92
58.34 14.94
57.2 15.1
58.34 14.74
58.34 14.87
58.34 14.83
58.34 15.1
57.2 15.02
58.34 14.73
58.34 15.07
58.34 14.82
58.34 14.86
57.2 15.05
58.34 14.8
58.34 14.85
57.2 14.87
58.34 15.01
57.2 14.7
57.2 14.8
58.34 14.96
57.2 14.5
58.34 15.1
58.34 15.19
58.34 14.91
58.34 14.82
58.34 14.69
58.34 14.88
57.2 14.89
58.34 14.93
58.34 14.82
58.34 14.94
57.2 14.97
58.34 14.93
58.34 15.08
57.2 14.79
58.34 14.93
57.2 14.9
57.2 14.77
58.34 14.91
57.2 14.94
57.2 14.85
58.34 14.94
57.2 14.98
58.34 14.71
58.34 14.94
57.2 14.77
58.34 15.17
58.34 15.06
58.34 14.84
57.2 14.86
57.2 14.74
57.2 15.02
57.2 15.03
58.34 14.9
58.34 14.73
58.34 15.01
58.34 14.75
58.34 15.02
58.34 14.8
58.34 14.99
57.2 15.07
58.34 15.01
58.34 14.85
57.2 15.3
58.34 14.97
58.34 14.72
58.34 14.67
58.34 15.01
58.34 14.93
58.34 14.84
58.34 15.01
58.34 15.17
58.34 15.09
57.2 14.63
58.34 14.72
58.34 14.97
58.34 14.77
58.34 14.76
57.2 15.23
58.34 14.59
57.2 15.03
58.34 14.93
58.34 14.88
57.2 14.87
58.34 14.55
57.2 14.9
58.34 14.89
58.34 14.82
58.34 14.84
57.2 15.02
57.2 14.94
58.34 14.63
57.2 14.96
58.34 14.84
58.34 14.98
58.34 14.73
58.34 15.01
58.34 15.09
57.2 14.9
58.34 14.88
57.2 14.79
57.2 14.84
57.2 14.99
58.34 14.9
57.2 14.85
58.34 14.82
58.34 15.12
57.2 15.03
58.34 14.93
58.34 14.98
57.2 14.92
58.34 14.92
58.34 14.87
58.34 14.77
57.2 14.93
58.34 15.06
58.34 14.97
57.2 14.77
57.2 14.84
58.34 14.85
58.34 14.66
58.34 14.55
58.34 14.98
58.34 14.6
58.34 14.91
58.34 14.78
58.34 14.71
58.34 14.82
58.34 15.18
58.34 14.87
58.34 14.85
58.34 14.93
58.34 14.79
58.34 15.01
58.34 14.82
58.34 14.65
58.34 14.67
58.34 14.95
58.34 14.72
58.34 15.03
58.34 15.01
57.2 14.91
58.34 14.85
58.34 14.83
57.2 14.72
58.34 14.83
58.34 14.9
57.2 14.91
58.34 15.22
58.34 14.9
58.34 14.93
58.34 14.9
58.34 14.75
57.2 14.74
57.2 14.87
58.34 14.99
58.34 14.76
57.2 14.97
57.2 15.17
58.34 14.74
58.34 14.82
58.34 14.98
58.34 14.86
58.34 14.87
58.34 14.83
58.34 14.96
58.34 14.93
58.34 14.76
58.34 14.97
58.34 14.82
58.34 14.93
57.2 14.72
58.34 14.87
58.34 14.89
58.34 15.02
58.34 14.88
57.2 15.05
58.34 14.74
58.34 14.84
58.34 15.04
58.34 14.83
58.34 14.68
58.34 14.93
58.34 14.8
58.34 15.14
58.34 14.78
58.34 14.64
58.34 14.75
58.34 14.79
58.34 14.79
58.34 15.0
58.34 14.9
58.34 14.95
58.34 14.85
58.34 14.94
58.34 14.87
58.34 14.68
57.2 14.86
57.2 14.82
58.34 14.75
58.34 14.85
58.34 14.83
58.34 14.71
57.2 14.88
58.34 14.91
58.34 14.78
58.34 14.62
58.34 14.93
58.34 14.87
58.34 15.04
58.34 14.6
58.34 14.79
58.34 15.03
58.34 14.77
58.34 14.88
58.34 15.02
58.34 14.93
58.34 14.96
58.34 14.75
58.34 14.84
58.34 14.9
58.34 14.68
58.34 14.88
58.34 15.06
58.34 14.89
58.34 14.78
59.48 14.96
58.34 14.93
58.34 14.59
58.34 14.84
58.34 14.87
59.48 14.95
58.34 14.45
58.34 14.7
57.2 14.9
58.34 14.85
58.34 14.66
58.34 14.88
59.48 14.94
59.48 14.94
58.34 14.8
58.34 14.69
58.34 14.96
58.34 14.96
58.34 14.92
58.34 14.72
58.34 14.92
58.34 14.94
58.34 14.94
58.34 14.71
58.34 14.78
58.34 14.71
58.34 14.75
58.34 14.88
58.34 14.73
58.34 14.66
58.34 14.64
59.48 14.8
59.48 14.85
58.34 14.96
58.34 14.87
58.34 14.99
58.34 14.87
58.34 14.71
58.34 14.94
58.34 14.6
58.34 14.72
58.34 14.58
58.34 14.77
58.34 14.73
57.2 14.94
58.34 14.88
58.34 14.9
58.34 14.81
59.48 14.9
58.34 14.72
59.48 14.82
58.34 14.85
58.34 14.71
59.48 14.81
58.34 14.83
58.34 14.89
58.34 14.81
58.34 15.17
58.34 14.73
58.34 14.8
58.34 14.77
58.34 14.87
58.34 15.04
58.34 14.78
58.34 15.0
58.34 14.95
58.34 14.86
58.34 14.72
58.34 14.69
58.34 14.8
58.34 14.66
58.34 14.85
58.34 14.81
58.34 14.87
58.34 14.8
58.34 14.77
58.34 14.9
58.34 14.93
58.34 14.88
58.34 14.66
58.34 14.65
58.34 14.71
58.34 14.82
58.34 14.83
58.34 14.66
59.48 14.96
58.34 14.99
58.34 14.82
58.34 14.95
58.34 14.84
58.34 14.79
58.34 14.93
59.48 15.04
58.34 14.67
58.34 14.85
58.34 14.77
59.48 14.97
58.34 14.81
58.34 14.88
58.34 14.82
58.34 14.98
59.48 14.85
58.34 14.76
59.48 14.94
58.34 14.98
59.48 14.68
58.34 14.8
58.34 14.58
59.48 14.79
58.34 14.75
58.34 14.82
58.34 14.73
58.34 14.8
58.34 14.77
58.34 14.83
58.34 14.74
59.48 14.81
59.48 14.66
58.34 14.77
58.34 14.8
58.34 14.99
58.34 14.77
58.34 14.82
58.34 14.98
59.48 14.95
58.34 14.69
58.34 14.99
58.34 14.8
58.34 15.03
58.34 14.88
58.34 14.76
58.34 14.93
59.48 15.06
58.34 15.14
58.34 14.6
58.34 14.95
58.34 14.77
58.34 14.89
58.34 15.07
58.34 14.98
59.48 14.94
59.48 15.03
58.34 14.75
59.48 14.75
58.34 14.99
58.34 14.6
58.34 14.82
58.34 14.95
58.34 14.85
58.34 14.82
58.34 14.99
58.34 14.83
58.34 14.85
58.34 14.69
58.34 14.72
58.34 14.75
58.34 14.72
58.34 14.85
59.48 15.06
58.34 14.71
58.34 14.94
58.34 14.91
58.34 14.44
58.34 14.75
59.48 14.99
58.34 14.85
58.34 14.93
58.34 14.94
58.34 14.92
59.48 15.09
58.34 14.82
59.48 14.67
58.34 14.69
59.48 14.93
59.48 14.96
58.34 14.79
58.34 14.96
58.34 14.89
59.48 15.03
59.48 14.99
58.34 14.96
58.34 15.27
59.48 14.74
58.34 14.83
58.34 14.75
58.34 14.83
59.48 14.75
58.34 14.78
58.34 14.67
58.34 14.87
59.48 14.98
59.48 14.75
59.48 14.71
59.48 15.02
58.34 14.75
58.34 14.72
58.34 14.92
59.48 14.77
59.48 14.82
58.34 14.72
58.34 14.88
59.48 14.8
59.48 14.65
58.34 14.79
58.34 14.66
59.48 14.93
59.48 14.94
58.34 14.74
58.34 14.8
59.48 14.77
58.34 14.93
59.48 14.63
58.34 14.8
58.34 14.55
58.34 14.72
58.34 14.75
58.34 14.91
58.34 14.64
58.34 14.72
59.48 14.96
58.34 14.59
59.48 14.92
58.34 14.81
59.48 14.79
59.48 14.9
59.48 14.75
58.34 14.82
58.34 14.93
59.48 14.59
58.34 14.86
58.34 14.96
58.34 14.67
59.48 14.85
59.48 14.95
59.48 14.79
59.48 14.8
59.48 14.66
59.48 14.64
59.48 14.85
59.48 14.57
58.34 14.4
58.34 15.01
58.34 14.76
59.48 14.77
58.34 15.0
58.34 14.82
59.48 14.67
59.48 14.91
59.48 14.53
58.34 14.96
58.34 14.73
59.48 14.83
58.34 14.54
59.48 14.63
59.48 14.82
59.48 14.89
58.34 14.67
59.48 14.88
59.48 14.79
59.48 14.93
59.48 14.8
59.48 14.68
58.34 14.56
59.48 14.67
59.48 14.73
59.48 14.83
59.48 14.94
59.48 14.8
58.34 14.72
58.34 14.63
59.48 14.68
59.48 14.9
59.48 15.01
58.34 14.64
58.34 14.75
59.48 14.84
59.48 14.94
59.48 14.66
58.34 14.79
58.34 14.86
58.34 14.86
59.48 14.69
59.48 14.82
59.48 14.69
59.48 14.74
59.48 14.88
58.34 14.94
58.34 14.68
59.48 14.46
59.48 14.77
59.48 14.73
59.48 14.69
59.48 14.96
59.48 14.69
58.34 14.55
59.48 14.94
58.34 14.81
58.34 14.88
58.34 14.59
59.48 14.57
59.48 14.48
59.48 14.75
59.48 14.58
58.34 14.77
58.34 14.99
59.48 14.93
58.34 14.69
58.34 14.83
58.34 14.82
58.34 14.66
59.48 14.85
59.48 14.99
59.48 14.77
59.48 14.85
59.48 14.61
59.48 14.83
59.48 14.74
58.34 14.87
58.34 14.63
58.34 14.7
59.48 14.48
59.48 14.99
59.48 14.86
59.48 14.64
59.48 14.9
59.48 14.88
59.48 14.62
59.48 15.06
59.48 14.69
59.48 14.76
59.48 14.8
58.34 14.9
59.48 14.85
59.48 15.02
59.48 14.98
58.34 14.86
59.48 14.82
59.48 14.77
59.48 14.75
59.48 14.76
59.48 14.93
58.34 14.66
59.48 14.85
59.48 14.79
58.34 14.64
58.34 14.71
58.34 14.96
59.48 14.93
59.48 14.79
59.48 14.75
58.34 14.73
59.48 14.78
59.48 14.9
59.48 14.77
59.48 14.96
59.48 14.78
60.62 15.01
59.48 14.47
59.48 14.53
59.48 14.55
59.48 14.79
59.48 14.99
59.48 14.79
58.34 14.85
59.48 14.95
59.48 14.93
59.48 14.73
59.48 14.61
59.48 14.63
59.48 14.54
59.48 14.8
59.48 14.83
59.48 15.01
58.34 14.8
59.48 14.73
59.48 14.91
59.48 14.79
58.34 14.72
59.48 14.72
59.48 14.9
59.48 14.79
59.48 14.68
59.48 14.72
59.48 14.69
58.34 14.85
59.48 14.82
58.34 14.82
59.48 14.5
59.48 14.7
59.48 14.97
59.48 14.89
59.48 14.42
58.34 14.85
59.48 14.88
59.48 14.82
58.34 14.95
59.48 15.05
58.34 14.69
59.48 14.82
59.48 14.63
58.34 14.91
59.48 14.65
59.48 14.7
59.48 14.61
59.48 15.02
58.34 14.58
58.34 14.72
59.48 14.65
58.34 14.8
59.48 14.96
59.48 14.59
59.48 15.04
58.34 14.76
59.48 14.72
59.48 14.74
58.34 14.76
59.48 14.71
59.48 14.9
58.34 14.87
60.62 14.82
60.62 14.82
59.48 14.72
59.48 14.84
58.34 14.68
59.48 14.59
59.48 14.89
59.48 14.96
59.48 14.78
59.48 14.99
59.48 14.47
59.48 14.71
59.48 14.9
59.48 14.75
59.48 14.63
59.48 14.58
59.48 14.7
59.48 14.61
60.62 14.98
58.34 14.88
58.34 14.72
59.48 14.82
59.48 14.79
59.48 14.61
59.48 14.88
59.48 14.78
59.48 14.76
59.48 14.77
59.48 14.52
59.48 14.82
58.34 14.79
59.48 15.06
59.48 14.69
59.48 14.87
59.48 14.74
59.48 14.77
59.48 14.77
59.48 14.74
59.48 14.99
59.48 14.63
59.48 14.58
59.48 14.65
59.48 14.74
59.48 14.84
59.48 14.72
59.48 14.85
59.48 14.97
59.48 15.09
59.48 14.66
59.48 14.99
59.48 14.74
59.48 14.8
59.48 14.59
59.48 14.84
59.48 14.59
59.48 14.76
59.48 14.74
59.48 14.79
59.48 14.8
59.48 14.93
59.48 14.88
59.48 14.76
59.48 14.46
59.48 14.72
59.48 14.85
59.48 14.74
59.48 14.96
59.48 14.77
59.48 14.86
59.48 14.51
59.48 14.67
59.48 14.65
59.48 14.66
59.48 14.8
59.48 14.76
59.48 14.69
59.48 14.69
59.48 14.56
59.48 14.91
58.34 14.54
59.48 14.77
59.48 14.42
59.48 14.79
60.62 14.8
59.48 14.71
59.48 14.73
59.48 14.68
60.62 14.69
59.48 14.95
59.48 14.72
59.48 14.43
58.34 14.72
59.48 14.73
59.48 14.79
59.48 14.76
59.48 14.49
59.48 14.66
59.48 14.55
60.62 14.6
59.48 14.75
59.48 14.98
59.48 14.82
59.48 14.76
59.48 14.72
59.48 14.85
59.48 14.66
59.48 14.68
59.48 14.85
59.48 14.6
59.48 14.85
59.48 14.98
59.48 14.73
59.48 14.64
59.48 14.57
59.48 14.64
59.48 14.61
59.48 14.6
59.48 14.72
59.48 14.93
59.48 14.66
59.48 14.69
59.48 14.92
59.48 14.48
59.48 14.47
59.48 14.75
59.48 14.83
59.48 14.74
59.48 14.71
60.62 14.94
59.48 14.66
59.48 14.63
59.48 14.65
59.48 14.72
59.48 14.67
59.48 14.74
59.48 14.69
60.62 14.61
59.48 14.74
59.48 14.69
59.48 14.77
59.48 14.66
59.48 14.82
59.48 14.51
60.62 14.75
58.34 14.72
59.48 14.64
59.48 14.66
58.34 14.82
59.48 14.76
59.48 14.56
59.48 14.72
59.48 14.77
59.48 14.95
60.62 14.8
58.34 14.63
59.48 14.9
60.62 14.88
59.48 14.96
59.48 14.57
59.48 14.72
59.48 14.73
59.48 14.71
59.48 14.49
59.48 14.74
59.48 14.73
59.48 14.69
59.48 14.8
59.48 14.75
59.48 14.59
59.48 14.87
59.48 14.79
59.48 14.65
59.48 14.47
59.48 14.59
59.48 14.61
59.48 14.57
59.48 14.71
59.48 14.66
59.48 15.0
59.48 14.51
59.48 14.82
59.48 14.68
60.62 14.61
59.48 14.82
59.48 14.75
59.48 14.68
59.48 14.91
59.48 14.77
60.62 14.7
59.48 14.97
59.48 14.72
59.48 14.8
59.48 14.94
59.48 14.7
59.48 14.78
59.48 14.94
59.48 14.5
59.48 14.57
60.62 14.58
59.48 14.71
59.48 14.82
59.48 14.78
59.48 14.91
59.48 14.94
59.48 14.91
59.48 14.58
59.48 14.67
59.48 14.77
59.48 14.79
59.48 14.35
59.48 14.66
60.62 14.89
59.48 14.83
60.62 14.7
59.48 14.63
59.48 14.77
59.48 14.79
59.48 14.77
59.48 14.83
59.48 14.93
59.48 14.87
60.62 14.71
59.48 14.65
59.48 14.5
59.48 14.75
59.48 14.77
59.48 14.63
59.48 14.94
59.48 14.59
59.48 14.88
59.48 14.64
59.48 14.76
59.48 14.82
59.48 14.74
59.48 14.73
59.48 14.8
59.48 14.96
60.62 14.76
60.62 14.75
60.62 14.63
59.48 14.72
59.48 14.61
59.48 14.8
59.48 15.02
60.62 14.6
59.48 14.61
59.48 14.67
59.48 14.6
59.48 14.82
59.48 14.53
59.48 14.66
59.48 14.58
59.48 14.82
59.48 14.85
60.62 14.52
60.62 14.76
60.62 14.56
59.48 14.63
59.48 14.71
59.48 14.88
59.48 14.93
60.62 14.59
59.48 14.69
59.48 14.67
60.62 14.65
59.48 14.55
59.48 14.52
59.48 14.53
59.48 14.8
59.48 14.6
59.48 14.63
59.48 14.58
59.48 14.93
59.48 14.85
59.48 14.64
60.62 14.67
59.48 14.91
60.62 14.58
59.48 14.83
59.48 14.61
59.48 14.64
59.48 14.72
60.62 14.82
60.62 14.61
59.48 14.66
60.62 14.58
59.48 14.84
59.48 14.75
59.48 14.79
59.48 14.46
59.48 14.51
60.62 14.75
59.48 15.09
59.48 14.65
59.48 14.72
59.48 14.59
59.48 15.01
59.48 14.67
59.48 14.8
59.48 14.62
59.48 14.56
59.48 14.77
60.62 14.87
59.48 14.74
59.48 14.52
59.48 14.69
59.48 14.8
59.48 14.85
59.48 15.17
60.62 14.6
59.48 14.72
59.48 14.94
60.62 14.71
59.48 14.58
59.48 14.73
60.62 14.76
59.48 14.75
60.62 14.66
59.48 14.89
59.48 14.5
59.48 14.63
59.48 14.99
60.62 14.68
59.48 14.67
59.48 14.61
59.48 14.62
60.62 14.74
59.48 14.63
59.48 14.74
60.62 14.7
59.48 15.01
59.48 14.63
59.48 14.62
59.48 14.93
59.48 14.7
59.48 14.82
59.48 14.77
60.62 14.84
59.48 14.76
60.62 14.64
59.48 14.59
60.62 14.74
59.48 14.8
59.48 14.64
60.62 14.57
60.62 14.79
60.62 14.74
60.62 14.92
60.62 14.88
60.62 14.8
60.62 14.53
60.62 14.67
59.48 14.9
59.48 14.48
59.48 14.73
59.48 14.63
59.48 14.81
60.62 14.7
60.62 14.72
59.48 14.77
59.48 14.75
59.48 14.61
60.62 14.91
59.48 14.8
59.48 14.71
59.48 14.77
60.62 14.55
60.62 14.75
59.48 14.8
60.62 14.99
59.48 14.79
59.48 14.78
60.62 14.93
59.48 14.77
60.62 14.66
59.48 14.69
60.62 14.76
60.62 14.71
59.48 14.85
59.48 14.85
59.48 14.89
60.62 14.82
59.48 14.66
59.48 14.87
60.62 14.55
60.62 14.67
60.62 14.48
59.48 14.74
59.48 14.47
59.48 14.82
60.62 14.87
60.62 14.96
59.48 14.52
59.48 14.59
59.48 14.72
60.62 14.8
59.48 14.69
59.48 14.56
60.62 14.77
59.48 14.6
60.62 14.61
60.62 14.83
60.62 14.85
59.48 14.9
59.48 14.66
59.48 14.46
59.48 14.88
59.48 14.58
59.48 14.75
60.62 14.64
59.48 14.59
59.48 14.73
60.62 14.55
59.48 14.74
59.48 14.7
59.48 14.65
60.62 14.65
60.62 14.75
60.62 14.69
59.48 14.82
59.48 14.66
59.48 14.56
60.62 14.71
60.62 14.83
60.62 14.66
60.62 14.63
60.62 14.69
60.62 14.58
60.62 14.58
59.48 14.72
59.48 14.9
60.62 14.43
60.62 14.6
60.62 14.67
60.62 14.8
59.48 14.74
59.48 14.66
59.48 14.7
60.62 14.67
60.62 14.64
59.48 14.84
59.48 14.67
59.48 14.58
59.48 14.74
60.62 14.71
59.48 14.57
59.48 14.54
60.62 14.53
59.48 14.61
60.62 14.92
60.62 14.59
60.62 14.64
59.48 14.72
60.62 14.59
60.62 14.48
60.62 14.75
60.62 14.75
60.62 14.56
60.62 14.75
60.62 14.86
60.62 14.79
60.62 14.9
59.48 14.68
60.62 14.74
60.62 14.8
60.62 14.72
60.62 14.67
59.48 14.61
60.62 14.48
60.62 14.91
59.48 14.61
59.48 14.67
59.48 14.44
60.62 14.73
60.62 14.58
60.62 14.71
60.62 14.76
59.48 14.71
60.62 14.49
59.48 14.53
60.62 14.88
60.62 14.94
60.62 14.56
59.48 14.85
60.62 14.69
60.62 14.72
60.62 14.71
60.62 14.8
60.62 14.66
60.62 14.74
60.62 15.03
60.62 14.57
59.48 14.63
60.62 14.86
60.62 14.74
60.62 14.84
59.48 14.67
60.62 14.93
59.48 14.7
60.62 14.43
59.48 14.81
60.62 14.69
60.62 14.61
60.62 14.91
59.48 14.69
59.48 14.79
59.48 14.63
60.62 14.48
59.48 14.7
60.62 14.93
60.62 14.36
60.62 14.53
59.48 14.8
60.62 14.82
60.62 14.48
60.62 14.76
60.62 14.62
60.62 15.07
60.62 14.88
59.48 14.85
60.62 14.64
59.48 14.7
60.62 14.8
60.62 14.75
60.62 14.78
60.62 14.75
60.62 14.64
59.48 14.85
59.48 14.91
59.48 14.66
59.48 14.83
59.48 14.81
60.62 14.64
60.62 14.8
59.48 14.76
60.62 14.72
60.62 14.56
59.48 15.02
60.62 14.71
60.62 14.88
60.62 14.72
60.62 14.79
60.62 14.58
60.62 14.77
59.48 14.69
60.62 14.68
59.48 14.77
60.62 14.83
60.62 14.86
60.62 14.7
59.48 15.01
60.62 14.59
60.62 14.87
60.62 14.48
59.48 14.59
60.62 14.6
60.62 14.69
60.62 14.82
59.48 14.65
60.62 14.75
60.62 14.7
59.48 14.8
60.62 14.55
60.62 14.92
60.62 14.72
60.62 14.58
60.62 14.79
60.62 14.56
60.62 14.87
60.62 14.78
60.62 14.49
60.62 14.71
60.62 14.8
60.62 14.64
59.48 14.88
60.62 14.57
60.62 14.67
59.48 14.74
60.62 14.69
60.62 14.71
60.62 14.96
60.62 14.77
60.62 14.9
60.62 14.88
59.48 14.73
60.62 14.74
60.62 14.48
60.62 14.71
60.62 14.67
59.48 14.63
59.48 14.66
60.62 14.52
60.62 14.64
60.62 14.5
60.62 14.63
59.48 14.91
60.62 14.92
60.62 14.72
60.62 14.93
59.48 14.66
59.48 14.85
60.62 14.33
60.62 14.38
60.62 14.55
60.62 14.84
60.62 14.83
60.62 14.62
60.62 14.51
59.48 14.8
60.62 14.69
59.48 14.88
60.62 14.88
60.62 14.81
60.62 14.84
60.62 14.84
60.62 14.88
60.62 14.83
60.62 14.9
60.62 14.77
60.62 14.53
60.62 14.58
60.62 15.19
60.62 14.68
60.62 14.72
60.62 14.74
60.62 14.94
60.62 14.69
60.62 14.54
60.62 14.67
60.62 14.7
60.62 14.84
60.62 14.8
60.62 14.77
60.62 14.96
60.62 14.69
60.62 14.63
60.62 14.74
60.62 14.64
60.62 15.07
60.62 14.71
60.62 14.83
60.62 14.84
60.62 14.87
60.62 14.75
60.62 14.61
60.62 14.78
60.62 14.53
60.62 14.7
60.62 14.64
59.48 14.71
60.62 14.64
60.62 14.84
60.62 14.9
60.62 14.8
60.62 14.66
60.62 14.61
60.62 14.71
60.62 14.56
60.62 14.72
60.62 14.5
60.62 14.55
60.62 14.74
60.62 14.57
60.62 14.88
60.62 14.67
60.62 14.71
60.62 14.65
60.62 14.91
60.62 14.96
60.62 14.82
60.62 14.75
60.62 14.95
60.62 14.56
60.62 14.83
60.62 14.67
60.62 14.87
60.62 14.77
60.62 14.63
59.48 14.93
60.62 14.75
60.62 14.7
60.62 14.84
60.62 14.53
60.62 14.86
60.62 14.5
60.62 14.66
60.62 14.61
60.62 14.6
59.48 14.72
60.62 14.52
59.48 14.86
61.76 14.9
60.62 14.61
60.62 14.71
60.62 14.81
60.62 14.77
59.48 14.87
60.62 15.02
60.62 14.69
60.62 14.78
60.62 14.67
60.62 14.58
60.62 14.49
59.48 14.81
60.62 14.59
60.62 14.71
60.62 14.43
60.62 14.7
60.62 14.43
60.62 14.69
60.62 14.91
60.62 14.59
60.62 14.66
60.62 14.87
60.62 14.7
60.62 14.66
60.62 14.46
60.62 14.77
60.62 14.43
60.62 14.59
60.62 14.72
60.62 14.64
60.62 14.75
60.62 14.84
60.62 14.67
60.62 14.96
60.62 14.74
60.62 14.63
60.62 14.85
60.62 14.85
60.62 14.61
60.62 14.66
60.62 14.8
60.62 14.43
60.62 14.78
60.62 14.71
60.62 14.69
60.62 14.94
60.62 14.75
60.62 14.54
61.76 14.76
61.76 14.76
60.62 14.51
60.62 14.81
60.62 14.72
60.62 14.91
60.62 14.72
60.62 14.8
60.62 14.69
61.76 14.83
60.62 14.69
60.62 14.49
60.62 14.92
60.62 14.73
60.62 14.48
60.62 14.48
60.62 14.58
60.62 14.63
60.62 14.73
60.62 14.66
60.62 14.79
60.62 14.58
60.62 14.82
60.62 14.78
60.62 14.64
60.62 14.75
60.62 14.75
59.48 14.93
60.62 14.96
60.62 14.62
60.62 14.56
60.62 14.63
60.62 14.75
60.62 14.75
60.62 14.43
60.62 14.78
60.62 14.98
60.62 14.78
60.62 14.8
60.62 14.87
60.62 14.69
60.62 15.02
60.62 14.61
60.62 14.86
60.62 14.61
61.76 14.93
60.62 14.78
59.48 14.86
60.62 14.63
61.76 14.79
60.62 14.71
60.62 14.82
60.62 14.66
60.62 14.63
60.62 14.86
60.62 14.47
60.62 14.59
61.76 14.82
60.62 14.65
60.62 14.68
60.62 14.83
60.62 14.56
60.62 14.64
60.62 14.49
61.76 14.91
60.62 14.89
60.62 14.75
60.62 14.55
60.62 14.47
60.62 14.85
60.62 14.87
60.62 14.88
59.48 14.74
61.76 14.77
60.62 14.79
60.62 14.73
60.62 14.55
60.62 14.8
60.62 14.64
60.62 14.88
60.62 14.77
60.62 14.89
60.62 14.69
60.62 14.75
61.76 14.8
60.62 14.75
60.62 14.58
60.62 14.67
60.62 14.59
60.62 14.71
61.76 14.65
60.62 14.65
60.62 14.72
60.62 14.79
60.62 14.78
60.62 14.59
60.62 14.89
60.62 14.72
60.62 14.71
60.62 14.7
60.62 14.57
60.62 14.75
61.76 14.66
60.62 14.82
60.62 14.4
60.62 14.65
60.62 14.85
60.62 14.8
60.62 14.85
60.62 14.63
60.62 14.8
60.62 14.71
60.62 14.53
60.62 14.39
60.62 14.71
60.62 14.77
60.62 14.67
60.62 14.74
60.62 14.93
60.62 14.66
60.62 14.74
60.62 14.82
60.62 14.67
60.62 14.55
60.62 14.9
60.62 14.64
61.76 14.78
60.62 14.7
60.62 14.72
60.62 14.88
60.62 14.77
60.62 14.79
60.62 14.77
60.62 14.67
61.76 14.74
60.62 14.67
60.62 14.8
60.62 14.61
60.62 14.72
60.62 14.53
59.48 14.63
60.62 14.87
60.62 14.58
61.76 14.8
61.76 14.55
60.62 14.77
60.62 14.72
60.62 14.76
60.62 14.66
61.76 14.66
61.76 14.64
60.62 14.67
61.76 15.07
60.62 14.63
60.62 14.83
60.62 14.69
60.62 14.79
60.62 14.59
60.62 14.49
60.62 14.88
60.62 14.8
61.76 14.71
60.62 14.62
61.76 14.73
60.62 14.45
60.62 14.64
60.62 14.7
61.76 14.55
60.62 14.76
60.62 14.87
60.62 14.56
60.62 14.93
60.62 14.75
60.62 14.8
60.62 14.8
61.76 14.45
60.62 14.88
60.62 14.87
60.62 14.69
60.62 14.62
60.62 14.71
61.76 14.63
60.62 14.88
60.62 14.66
59.48 14.8
60.62 14.61
60.62 14.73
60.62 14.53
60.62 14.86
60.62 14.79
60.62 14.69
60.62 14.77
60.62 14.73
60.62 14.71
60.62 14.56
60.62 14.66
60.62 14.59
60.62 14.61
60.62 14.57
60.62 14.75
60.62 14.41
60.62 14.8
60.62 14.8
60.62 14.75
60.62 14.73
61.76 14.75
60.62 14.88
60.62 14.63
60.62 14.69
60.62 14.74
59.48 14.22
60.62 14.51
60.62 14.77
60.62 14.72
60.62 14.77
61.76 14.72
60.62 14.93
60.62 14.88
60.62 14.75
60.62 14.85
60.62 14.64
60.62 14.68
60.62 14.7
60.62 14.8
61.76 14.74
60.62 14.59
60.62 14.66
60.62 14.82
61.76 14.58
60.62 14.85
60.62 14.66
60.62 14.68
60.62 14.82
60.62 14.93
60.62 14.76
60.62 14.63
60.62 14.67
61.76 14.81
60.62 14.63
60.62 14.66
61.76 14.67
61.76 14.79
61.76 14.66
60.62 14.82
60.62 14.75
60.62 14.87
61.76 14.48
60.62 14.75
60.62 14.64
60.62 14.81
60.62 14.73
61.76 14.7
60.62 14.53
60.62 14.64
60.62 14.73
60.62 14.67
60.62 14.59
60.62 14.8
61.76 14.42
61.76 14.88
61.76 14.56
60.62 14.83
60.62 14.72
60.62 14.98
60.62 14.76
60.62 14.85
60.62 14.77
60.62 14.68
61.76 14.66
60.62 14.93
60.62 14.7
60.62 14.82
60.62 14.79
60.62 14.64
60.62 14.67
60.62 14.56
61.76 14.68
60.62 14.34
61.76 14.91
60.62 14.55
61.76 14.96
61.76 14.85
60.62 14.85
60.62 14.75
60.62 14.65
61.76 14.92
60.62 14.83
60.62 14.74
60.62 14.71
60.62 14.67
60.62 14.83
61.76 14.66
61.76 14.82
61.76 14.74
60.62 14.74
61.76 14.87
60.62 14.69
60.62 14.64
60.62 14.48
60.62 14.82
60.62 14.63
61.76 14.85
61.76 14.7
60.62 14.77
60.62 14.63
60.62 14.63
61.76 14.71
61.76 14.5
60.62 14.68
60.62 14.79
60.62 14.91
60.62 14.69
60.62 14.69
60.62 14.48
61.76 14.55
60.62 14.53
61.76 14.85
60.62 14.63
60.62 14.5
61.76 14.76
60.62 14.58
60.62 14.75
61.76 14.62
60.62 14.56
60.62 14.9
60.62 14.63
60.62 14.78
60.62 14.83
61.76 14.72
60.62 14.74
60.62 14.59
60.62 14.69
61.76 14.91
60.62 14.7
60.62 14.37
60.62 14.75
60.62 14.55
60.62 14.82
60.62 14.54
60.62 14.87
60.62 14.83
61.76 14.64
61.76 14.63
60.62 14.77
60.62 14.76
60.62 14.5
61.76 14.53
61.76 14.55
60.62 14.69
60.62 14.9
60.62 14.65
60.62 14.82
60.62 14.61
61.76 14.78
60.62 14.69
61.76 14.9
60.62 14.69
60.62 14.64
61.76 14.82
61.76 14.79
61.76 14.88
61.76 14.66
61.76 14.66
60.62 14.97
60.62 14.84
60.62 14.58
61.76 14.65
60.62 14.7
60.62 14.96
61.76 14.86
60.62 14.78
60.62 14.64
60.62 14.78
60.62 14.61
60.62 14.74
61.76 14.8
60.62 14.81
61.76 14.69
60.62 14.93
61.76 14.7
60.62 14.85
61.76 14.88
61.76 14.75
61.76 14.67
60.62 14.72
60.62 14.63
60.62 14.68
60.62 14.7
60.62 14.75
60.62 14.85
61.76 14.75
61.76 14.67
60.62 14.71
61.76 14.74
60.62 14.79
60.62 14.63
61.76 14.69
61.76 14.56
60.62 14.51
60.62 14.83
61.76 14.67
61.76 14.77
61.76 14.62
60.62 14.92
60.62 14.65
60.62 14.71
61.76 14.75
60.62 14.65
61.76 14.79
61.76 14.47
61.76 14.72
60.62 14.65
61.76 14.58
61.76 14.52
60.62 14.76
61.76 14.8
60.62 14.77
61.76 14.72
61.76 14.53
60.62 14.64
61.76 14.56
61.76 14.92
60.62 14.69
61.76 14.74
60.62 15.01
60.62 14.74
60.62 14.62
60.62 14.74
60.62 14.65
60.62 14.78
61.76 14.73
60.62 14.66
60.62 14.61
60.62 14.56
60.62 14.74
60.62 14.75
61.76 14.67
60.62 14.53
61.76 14.81
61.76 14.79
61.76 14.79
61.76 14.69
61.76 14.73
61.76 14.85
60.62 14.71
61.76 14.52
61.76 14.75
61.76 14.7
61.76 14.56
60.62 14.78
60.62 14.83
60.62 14.65
61.76 14.69
61.76 14.91
61.76 14.79
61.76 14.69
61.76 14.66
60.62 14.45
61.76 14.8
60.62 14.8
61.76 14.81
61.76 14.74
60.62 14.74
60.62 14.68
60.62 14.91
61.76 14.9
61.76 15.05
60.62 14.81
60.62 14.71
61.76 14.61
61.76 14.76
61.76 14.75
61.76 14.87
60.62 14.75
61.76 14.87
61.76 14.88
61.76 14.6
60.62 14.8
61.76 14.71
61.76 14.72
61.76 14.66
61.76 14.67
60.62 14.65
61.76 14.45
61.76 14.63
60.62 14.82
61.76 14.79
60.62 14.61
60.62 14.96
61.76 14.81
61.76 14.67
61.76 14.68
61.76 14.69
60.62 14.84
60.62 14.64
60.62 14.66
61.76 14.83
60.62 14.59
60.62 14.77
60.62 14.79
61.76 14.6
61.76 14.88
61.76 14.58
61.76 14.89
61.76 14.55
60.62 14.52
61.76 14.51
61.76 14.64
61.76 14.75
60.62 14.82
61.76 14.45
60.62 14.94
60.62 14.79
61.76 14.75
60.62 14.72
61.76 14.84
61.76 14.75
60.62 14.74
61.76 14.77
60.62 14.76
61.76 14.63
60.62 14.74
61.76 14.42
61.76 14.68
60.62 14.54
61.76 14.63
60.62 14.64
61.76 14.67
61.76 14.75
60.62 14.83
60.62 14.75
61.76 14.82
61.76 14.96
61.76 14.77
61.76 14.69
60.62 14.55
60.62 14.69
61.76 14.72
61.76 14.81
61.76 14.83
61.76 14.86
61.76 14.72
61.76 14.75
60.62 14.8
61.76 14.82
61.76 14.78
61.76 14.82
61.76 14.47
61.76 14.73
60.62 14.48
61.76 14.59
61.76 14.67
61.76 14.77
60.62 14.71
61.76 14.69
61.76 14.55
61.76 14.59
61.76 14.85
61.76 14.97
61.76 14.48
60.62 14.74
60.62 14.8
61.76 14.89
61.76 14.51
61.76 14.83
61.76 14.5
60.62 14.41
61.76 14.72
61.76 14.82
60.62 14.58
61.76 14.36
61.76 14.82
60.62 14.72
61.76 14.57
61.76 14.74
61.76 14.63
61.76 14.61
60.62 14.79
60.62 14.8
61.76 14.98
60.62 14.48
61.76 14.63
61.76 14.68
61.76 14.7
61.76 14.83
61.76 14.82
61.76 14.86
61.76 15.14
61.76 14.45
61.76 14.66
61.76 14.53
60.62 14.66
61.76 14.57
61.76 14.87
61.76 14.85
61.76 14.66
61.76 14.67
60.62 14.85
61.76 14.72
60.62 14.61
61.76 14.86
61.76 14.86
60.62 14.77
61.76 14.77
61.76 14.7
61.76 14.82
61.76 14.84
61.76 14.77
61.76 14.73
61.76 14.74
61.76 14.67
61.76 14.73
61.76 14.48
61.76 14.72
61.76 14.64
60.62 14.82
61.76 14.56
61.76 14.45
61.76 14.51
61.76 14.75
61.76 14.78
60.62 14.65
61.76 14.83
61.76 14.59
61.76 14.73
61.76 14.86
60.62 14.58
60.62 14.84
61.76 14.9
61.76 14.91
61.76 15.15
61.76 14.87
61.76 14.67
61.76 14.77
61.76 14.61
61.76 14.72
61.76 14.53
61.76 14.61
60.62 14.86
61.76 14.87
61.76 14.68
61.76 15.07
61.76 14.5
61.76 14.83
61.76 14.94
61.76 14.79
60.62 14.35
60.62 14.76
60.62 14.55
60.62 14.78
61.76 14.98
61.76 14.65
61.76 14.69
61.76 14.83
61.76 14.69
61.76 14.78
61.76 14.7
61.76 14.86
61.76 14.74
60.62 14.91
61.76 14.91
61.76 14.78
61.76 14.53
61.76 14.75
61.76 14.73
61.76 14.8
61.76 14.79
61.76 14.71
61.76 14.72
61.76 14.7
60.62 14.79
61.76 14.79
62.9 14.71
61.76 15.02
60.62 14.56
61.76 14.66
61.76 14.37
61.76 14.83
61.76 14.89
61.76 14.74
61.76 14.75
61.76 14.66
61.76 14.66
60.62 14.86
61.76 14.75
60.62 14.93
61.76 14.66
61.76 14.61
61.76 14.88
61.76 14.67
61.76 14.59
61.76 14.66
61.76 14.74
61.76 14.85
61.76 14.67
61.76 14.61
61.76 14.57
61.76 14.79
61.76 14.74
61.76 14.89
61.76 14.86
61.76 14.63
61.76 14.71
61.76 14.58
61.76 14.83
60.62 14.61
61.76 14.57
61.76 14.72
61.76 14.64
61.76 14.64
60.62 14.84
61.76 14.39
61.76 14.77
61.76 14.9
61.76 14.58
61.76 14.61
60.62 14.64
60.62 15.17
60.62 14.81
61.76 14.8
61.76 14.82
61.76 14.64
61.76 14.5
61.76 14.51
61.76 14.77
61.76 14.77
61.76 14.66
61.76 14.94
61.76 14.81
61.76 14.71
61.76 14.69
61.76 14.74
61.76 14.64
60.62 14.81
61.76 14.64
61.76 14.83
61.76 14.99
60.62 14.87
61.76 14.61
61.76 14.53
60.62 14.58
61.76 14.74
61.76 14.75
61.76 14.5
60.62 14.84
61.76 14.73
61.76 14.82
61.76 14.5
61.76 14.75
61.76 14.63
61.76 14.81
61.76 14.74
60.62 14.7
61.76 14.71
61.76 14.88
60.62 14.75
61.76 14.73
60.62 14.87
61.76 14.56
61.76 14.69
61.76 14.66
61.76 14.72
60.62 14.69
61.76 14.94
61.76 14.62
61.76 14.83
61.76 14.84
61.76 14.8
60.62 14.92
61.76 14.61
61.76 14.68
61.76 14.49
61.76 14.62
61.76 14.51
61.76 14.69
61.76 14.59
61.76 14.58
61.76 14.8
61.76 14.66
61.76 14.63
61.76 14.59
61.76 14.71
61.76 14.85
61.76 14.63
61.76 14.69
61.76 14.76
61.76 14.82
61.76 14.86
61.76 14.67
61.76 14.79
60.62 14.61
61.76 14.85
61.76 14.54
62.9 15.07
61.76 14.81
60.62 14.69
61.76 14.76
61.76 14.75
61.76 14.82
61.76 14.71
61.76 14.66
61.76 14.66
61.76 14.67
61.76 14.43
61.76 14.8
61.76 14.63
61.76 14.82
61.76 14.67
60.62 14.77
61.76 14.5
61.76 14.82
61.76 14.49
61.76 14.53
61.76 14.61
61.76 14.88
61.76 14.8
61.76 14.5
61.76 14.85
61.76 14.64
61.76 14.76
61.76 14.81
61.76 14.65
61.76 14.6
61.76 14.93
61.76 14.87
61.76 14.77
61.76 14.67
61.76 14.73
62.9 14.87
61.76 14.97
60.62 14.69
61.76 14.48
60.62 14.66
61.76 14.6
61.76 14.74
61.76 14.65
61.76 14.66
61.76 14.73
61.76 14.63
61.76 14.73
61.76 14.83
61.76 14.91
61.76 14.84
61.76 14.75
61.76 14.71
60.62 14.47
61.76 14.75
61.76 14.67
61.76 14.77
61.76 14.68
61.76 14.66
61.76 14.89
61.76 14.8
61.76 14.45
61.76 14.84
60.62 14.85
61.76 14.85
61.76 14.77
61.76 14.86
61.76 14.73
61.76 14.63
61.76 14.89
61.76 14.87
61.76 14.61
61.76 14.72
62.9 14.42
61.76 14.78
61.76 14.6
61.76 14.73
61.76 14.78
61.76 14.65
61.76 14.75
60.62 14.83
61.76 14.69
61.76 14.89
61.76 14.76
61.76 14.71
61.76 14.75
61.76 14.72
61.76 14.79
61.76 14.55
61.76 14.58
61.76 14.63
61.76 14.67
60.62 14.59
61.76 14.67
61.76 14.82
61.76 14.72
61.76 14.84
61.76 14.46
61.76 14.72
61.76 14.79
61.76 14.35
61.76 14.8
61.76 14.65
61.76 14.83
61.76 14.72
61.76 14.61
61.76 14.65
61.76 14.58
61.76 14.75
61.76 14.65
61.76 14.64
61.76 14.51
61.76 14.93
61.76 14.74
61.76 14.76
61.76 14.46
61.76 14.59
61.76 14.41
61.76 14.66
61.76 14.61
61.76 14.68
61.76 14.67
61.76 14.7
61.76 14.35
61.76 14.77
61.76 14.56
61.76 14.62
61.76 14.59
61.76 14.79
61.76 14.71
61.76 14.55
61.76 14.75
61.76 14.69
61.76 14.86
61.76 14.9
61.76 14.72
61.76 14.73
61.76 14.85
62.9 14.85
61.76 14.75
61.76 14.65
61.76 14.51
61.76 14.72
61.76 14.79
61.76 14.7
61.76 14.74
61.76 14.63
61.76 14.82
61.76 14.71
61.76 14.58
61.76 14.95
61.76 14.61
61.76 14.63
61.76 14.5
61.76 14.58
61.76 14.67
61.76 14.76
61.76 14.73
61.76 14.8
61.76 14.64
61.76 14.77
61.76 14.64
61.76 14.78
61.76 14.63
61.76 14.77
61.76 14.83
60.62 14.71
61.76 14.81
61.76 14.64
61.76 14.83
61.76 14.57
61.76 14.66
61.76 14.75
61.76 14.59
61.76 14.94
61.76 14.85
61.76 14.66
62.9 14.79
61.76 14.62
62.9 14.75
61.76 14.87
61.76 14.83
61.76 14.67
61.76 14.53
61.76 14.63
61.76 14.58
61.76 14.83
62.9 14.71
61.76 14.85
61.76 14.71
61.76 14.64
61.76 15.0
61.76 14.67
61.76 14.89
61.76 14.61
61.76 14.87
61.76 14.67
61.76 14.72
61.76 14.46
61.76 14.96
61.76 14.72
61.76 14.87
62.9 14.66
61.76 14.53
61.76 14.63
61.76 14.54
61.76 14.76
61.76 14.87
61.76 14.63
61.76 14.64
61.76 14.69
61.76 14.59
61.76 14.77
61.76 14.42
61.76 14.68
61.76 14.74
61.76 14.71
61.76 14.66
61.76 14.64
61.76 14.7
61.76 14.69
61.76 14.6
61.76 14.55
61.76 14.47
61.76 14.7
61.76 14.75
61.76 14.73
61.76 14.72
61.76 14.68
61.76 14.57
61.76 14.81
61.76 14.77
61.76 14.7
61.76 14.61
61.76 14.73
62.9 14.71
61.76 14.69
62.9 14.9
61.76 14.76
61.76 14.61
61.76 14.8
61.76 14.73
61.76 14.61
61.76 14.86
61.76 14.61
61.76 14.55
61.76 14.53
61.76 14.82
61.76 14.69
61.76 14.78
61.76 14.9
61.76 14.77
61.76 14.56
61.76 14.63
62.9 14.74
61.76 14.54
61.76 14.77
61.76 14.45
60.62 14.75
60.62 14.72
61.76 14.74
61.76 14.77
61.76 14.47
61.76 14.64
61.76 14.54
60.62 14.91
61.76 14.56
61.76 14.71
61.76 14.68
61.76 14.54
61.76 14.71
60.62 14.88
61.76 14.78
61.76 14.69
61.76 14.62
61.76 14.53
61.76 14.86
61.76 14.74
61.76 14.59
61.76 14.8
61.76 14.58
61.76 14.72
61.76 14.72
61.76 14.63
61.76 14.77
61.76 15.03
61.76 14.77
61.76 14.63
61.76 14.66
61.76 14.81
61.76 14.5
61.76 14.69
61.76 14.91
61.76 14.67
61.76 14.61
61.76 14.82
61.76 14.69
61.76 14.82
61.76 14.79
61.76 14.69
61.76 14.8
61.76 14.9
62.9 14.81
61.76 14.81
61.76 14.51
61.76 14.71
61.76 14.62
62.9 14.63
61.76 14.59
61.76 14.78
61.76 14.67
61.76 14.64
61.76 14.71
62.9 14.6
62.9 14.51
61.76 14.86
61.76 14.73
61.76 14.64
61.76 14.8
62.9 14.72
61.76 14.69
61.76 14.77
61.76 14.79
61.76 14.82
61.76 14.66
61.76 14.76
61.76 14.51
61.76 14.59
61.76 14.76
62.9 14.8
61.76 14.53
61.76 14.74
61.76 14.88
61.76 14.64
61.76 14.77
61.76 14.77
62.9 14.42
61.76 14.65
61.76 14.8
61.76 14.42
61.76 14.9
61.76 14.59
61.76 14.99
61.76 14.52
61.76 14.89
61.76 14.65
61.76 14.56
61.76 14.39
61.76 14.64
61.76 14.46
61.76 14.64
61.76 14.77
61.76 14.82
61.76 14.77
61.76 14.82
61.76 14.51
61.76 14.78
61.76 14.74
61.76 14.77
62.9 14.79
61.76 14.73
61.76 14.93
61.76 15.04
61.76 14.76
61.76 14.8
61.76 14.89
61.76 14.72
61.76 14.79
62.9 14.84
61.76 14.73
61.76 14.58
61.76 14.66
61.76 14.71
61.76 14.58
61.76 14.6
62.9 14.67
61.76 14.56
62.9 14.74
61.76 14.72
61.76 14.66
61.76 14.59
61.76 14.89
61.76 14.63
61.76 14.92
61.76 14.83
61.76 14.77
61.76 14.94
61.76 14.69
62.9 14.67
61.76 14.82
61.76 14.59
62.9 14.75
61.76 14.67
61.76 14.84
61.76 14.6
61.76 14.65
61.76 14.66
61.76 14.65
62.9 14.74
61.76 14.63
61.76 14.66
62.9 14.74
61.76 14.67
61.76 14.77
61.76 14.89
61.76 14.64
61.76 14.85
61.76 14.62
61.76 14.43
61.76 14.83
62.9 14.71
61.76 14.74
61.76 14.7
61.76 14.66
61.76 14.79
62.9 14.87
61.76 14.93
61.76 14.67
62.9 14.74
61.76 14.69
61.76 14.73
61.76 14.68
61.76 14.83
61.76 14.86
61.76 14.89
62.9 14.64
61.76 14.74
61.76 14.66
61.76 14.65
61.76 14.53
61.76 14.55
61.76 14.71
61.76 14.86
62.9 14.55
61.76 14.77
61.76 14.42
61.76 14.87
62.9 14.7
62.9 14.73
61.76 14.89
61.76 14.84
61.76 14.89
61.76 14.74
61.76 14.67
62.9 14.87
61.76 14.45
62.9 14.93
61.76 14.77
62.9 14.77
60.62 14.75
61.76 14.81
62.9 14.8
61.76 14.71
61.76 14.76
62.9 14.79
61.76 14.83
61.76 14.91
62.9 14.66
62.9 14.6
62.9 14.71
61.76 14.61
61.76 14.66
61.76 14.53
61.76 14.82
61.76 14.59
61.76 14.75
62.9 14.79
61.76 14.79
61.76 14.59
61.76 14.59
61.76 14.82
61.76 14.66
62.9 14.51
62.9 14.63
61.76 14.64
61.76 14.74
61.76 14.67
61.76 14.56
61.76 14.53
61.76 15.0
60.62 14.82
61.76 14.74
61.76 14.8
61.76 14.74
61.76 14.74
61.76 14.66
61.76 14.78
61.76 14.74
61.76 14.59
61.76 14.79
62.9 14.94
61.76 14.98
62.9 14.76
61.76 14.58
61.76 14.63
61.76 14.67
61.76 14.69
61.76 14.83
62.9 14.6
61.76 14.74
61.76 14.68
61.76 14.72
61.76 14.63
61.76 14.78
62.9 14.58
62.9 14.83
61.76 14.96
61.76 14.75
61.76 14.79
62.9 14.67
62.9 14.83
61.76 14.71
61.76 14.6
61.76 14.69
62.9 14.7
62.9 14.51
62.9 14.69
62.9 14.69
62.9 14.81
61.76 14.87
62.9 14.72
62.9 14.72
61.76 14.7
62.9 14.47
61.76 14.79
61.76 14.53
61.76 14.52
61.76 14.79
61.76 14.71
61.76 14.75
61.76 14.79
62.9 14.74
61.76 14.56
62.9 14.41
62.9 14.72
61.76 14.55
62.9 14.77
61.76 14.93
61.76 14.65
61.76 14.61
61.76 14.56
61.76 14.55
61.76 14.63
61.76 14.97
61.76 14.65
61.76 14.58
61.76 14.66
61.76 14.79
61.76 14.71
61.76 14.72
61.76 14.56
61.76 14.94
61.76 14.83
62.9 14.63
62.9 14.63
61.76 14.79
61.76 14.93
61.76 14.76
62.9 14.93
61.76 14.76
61.76 14.69
61.76 14.75
62.9 14.87
61.76 14.85
62.9 14.71
61.76 14.71
61.76 14.84
61.76 14.92
61.76 14.78
62.9 14.72
61.76 14.59
61.76 14.79
61.76 14.69
61.76 14.62
62.9 14.79
62.9 14.71
61.76 14.57
62.9 14.73
61.76 14.67
62.9 14.93
61.76 14.73
61.76 14.72
61.76 14.97
61.76 14.6
61.76 14.64
62.9 14.66
62.9 14.99
61.76 14.6
61.76 14.56
61.76 14.71
62.9 14.47
61.76 14.69
61.76 14.79
62.9 14.82
62.9 14.52
61.76 14.74
61.76 14.6
62.9 14.69
61.76 14.68
61.76 14.94
61.76 14.65
62.9 14.96
61.76 14.68
62.9 14.7
61.76 14.85
61.76 14.69
61.76 14.6
61.76 14.51
62.9 14.87
61.76 14.47
61.76 14.8
61.76 14.93
62.9 14.58
61.76 14.69
61.76 14.88
61.76 14.79
62.9 14.95
61.76 14.77
62.9 14.74
62.9 14.88
61.76 14.53
62.9 14.79
62.9 14.66
61.76 14.61
62.9 14.84
61.76 14.48
61.76 14.66
61.76 14.6
62.9 14.82
61.76 14.62
62.9 14.66
62.9 14.58
62.9 14.84
61.76 14.76
61.76 14.64
61.76 14.89
61.76 14.68
62.9 14.53
62.9 14.54
61.76 14.56
62.9 14.88
61.76 14.61
61.76 14.48
61.76 14.81
62.9 14.67
61.76 14.91
61.76 14.59
62.9 14.75
61.76 14.52
61.76 14.8
62.9 14.65
61.76 14.65
61.76 14.63
61.76 14.66
62.9 14.84
62.9 14.89
61.76 14.61
61.76 14.71
61.76 14.67
62.9 14.77
62.9 14.8
61.76 14.6
61.76 14.86
61.76 14.76
61.76 14.64
62.9 14.8
61.76 14.64
62.9 14.69
61.76 14.72
62.9 14.74
62.9 14.83
61.76 14.53
61.76 14.87
61.76 15.05
62.9 14.84
61.76 14.72
61.76 14.59
62.9 14.59
61.76 14.53
61.76 14.74
61.76 14.66
62.9 14.71
61.76 14.79
62.9 14.74
62.9 14.61
61.76 14.56
62.9 14.72
61.76 14.94
61.76 14.84
61.76 14.75
62.9 14.92
61.76 14.9
62.9 14.74
61.76 14.44
62.9 14.69
61.76 14.87
62.9 14.65
62.9 14.8
62.9 14.93
62.9 14.92
61.76 14.74
62.9 14.79
61.76 14.47
61.76 14.43
61.76 14.85
62.9 14.6
62.9 14.5
61.76 14.68
61.76 14.7
61.76 14.74
61.76 14.82
62.9 14.7
61.76 14.64
61.76 14.59
62.9 14.4
61.76 14.87
61.76 14.8
61.76 14.56
61.76 14.93
62.9 14.82
61.76 14.72
62.9 14.66
61.76 14.58
61.76 14.67
62.9 14.62
62.9 14.71
62.9 14.59
62.9 14.59
61.76 14.71
62.9 14.83
61.76 14.61
62.9 14.56
62.9 14.96
61.76 14.82
62.9 15.06
62.9 14.93
61.76 14.77
62.9 14.59
61.76 14.63
62.9 14.5
62.9 14.58
61.76 14.77
61.76 14.59
62.9 14.71
62.9 14.67
62.9 14.82
62.9 14.77
62.9 14.85
62.9 14.81
61.76 14.67
61.76 14.64
61.76 14.8
62.9 14.55
61.76 14.54
61.76 14.8
61.76 14.79
61.76 14.85
62.9 14.61
61.76 14.66
62.9 14.71
61.76 14.64
62.9 14.73
62.9 14.76
62.9 14.72
61.76 14.83
62.9 14.51
61.76 14.72
62.9 14.98
62.9 14.72
61.76 14.64
61.76 14.75
62.9 15.07
62.9 14.73
61.76 14.91
62.9 14.89
61.76 14.71
62.9 14.45
62.9 14.29
61.76 14.85
62.9 14.82
62.9 14.85
62.9 15.01
62.9 14.6
62.9 14.47
61.76 14.74
61.76 14.74
61.76 14.53
61.76 14.72
61.76 14.74
62.9 14.64
61.76 14.82
62.9 14.66
61.76 14.91
61.76 14.6
61.76 14.67
62.9 14.59
61.76 14.83
62.9 15.01
61.76 14.81
61.76 14.8
62.9 14.69
62.9 14.62
61.76 14.9
62.9 14.5
61.76 14.69
62.9 14.59
62.9 14.37
62.9 14.63
62.9 14.74
62.9 14.71
62.9 14.72
62.9 14.71
61.76 14.57
62.9 14.87
62.9 14.64
62.9 14.74
62.9 14.63
62.9 14.76
62.9 14.8
62.9 14.87
62.9 14.54
62.9 14.67
62.9 14.78
62.9 14.66
62.9 14.64
62.9 14.82
62.9 14.74
62.9 14.44
62.9 14.8
62.9 14.75
62.9 14.77
62.9 14.63
62.9 14.86
62.9 14.65
62.9 14.61
61.76 14.79
62.9 14.71
62.9 14.73
62.9 14.69
62.9 14.57
62.9 14.76
62.9 14.8
62.9 14.68
61.76 14.64
62.9 14.77
62.9 14.72
62.9 14.66
62.9 14.74
62.9 15.07
61.76 14.65
61.76 14.57
61.76 14.66
62.9 14.64
62.9 14.72
62.9 14.8
62.9 14.77
62.9 14.65
62.9 14.64
61.76 14.74
61.76 14.47
62.9 14.61
62.9 14.82
62.9 14.62
61.76 14.85
62.9 14.85
62.9 14.75
61.76 14.61
62.9 14.9
62.9 14.68
61.76 14.83
61.76 14.86
61.76 14.69
62.9 14.66
61.76 14.45
61.76 14.44
62.9 14.62
61.76 14.86
62.9 14.75
62.9 14.97
62.9 14.89
61.76 14.85
62.9 14.84
61.76 14.9
62.9 14.59
61.76 14.9
62.9 14.82
62.9 14.69
62.9 14.77
62.9 14.71
62.9 14.91
61.76 14.94
62.9 14.68
61.76 14.58
62.9 14.72
62.9 14.59
62.9 14.8
62.9 14.58
61.76 14.72
62.9 14.58
62.9 14.8
61.76 14.72
62.9 14.75
61.76 14.75
61.76 14.86
61.76 14.82
62.9 14.64
62.9 14.61
62.9 14.72
61.76 14.84
62.9 14.39
62.9 14.55
62.9 14.87
62.9 14.69
62.9 14.52
61.76 14.81
62.9 14.75
62.9 14.85
61.76 14.85
61.76 14.55
62.9 14.68
62.9 14.79
62.9 14.79
62.9 14.67
62.9 14.63
62.9 14.7
62.9 14.54
62.9 14.75
61.76 14.64
61.76 14.76
62.9 14.93
62.9 14.79
62.9 14.57
62.9 14.58
62.9 14.86
61.76 14.71
61.76 14.74
62.9 14.34
62.9 14.77
62.9 14.78
62.9 14.61
61.76 14.91
62.9 14.79
62.9 14.47
62.9 14.75
62.9 14.72
62.9 14.63
62.9 14.7
62.9 14.75
62.9 14.75
62.9 14.84
62.9 14.87
62.9 14.66
62.9 14.75
62.9 14.7
62.9 14.47
62.9 14.84
62.9 14.79
62.9 14.83
61.76 14.77
62.9 14.79
61.76 14.77
62.9 14.57
62.9 14.6
62.9 14.88
62.9 14.74
62.9 14.76
62.9 14.66
62.9 14.71
61.76 14.57
62.9 14.82
61.76 14.85
62.9 14.83
61.76 14.63
61.76 14.67
62.9 14.72
62.9 14.7
62.9 14.66
61.76 14.66
62.9 14.42
62.9 14.75
61.76 14.56
62.9 14.63
64.04 14.59
61.76 14.86
62.9 14.57
62.9 14.96
62.9 14.77
62.9 14.76
62.9 14.65
61.76 14.82
61.76 14.7
62.9 14.71
62.9 14.71
62.9 14.58
62.9 14.85
62.9 14.57
61.76 14.61
62.9 14.88
62.9 14.59
62.9 14.82
62.9 14.46
62.9 14.7
62.9 14.88
62.9 14.75
62.9 14.83
61.76 14.8
62.9 14.77
62.9 14.82
61.76 14.75
64.04 14.79
61.76 14.79
62.9 14.74
64.04 14.71
62.9 14.77
62.9 14.58
62.9 14.63
62.9 14.66
62.9 14.78
62.9 14.79
62.9 14.63
62.9 14.67
61.76 14.74
62.9 14.51
62.9 14.8
62.9 14.63
62.9 14.58
62.9 14.87
61.76 14.53
62.9 14.8
62.9 14.74
62.9 14.83
62.9 14.72
62.9 14.74
62.9 14.86
62.9 14.51
61.76 14.69
62.9 14.93
61.76 14.86
61.76 14.82
62.9 14.85
61.76 14.56
62.9 14.54
62.9 14.75
62.9 14.9
62.9 14.96
62.9 14.96
62.9 14.71
62.9 14.64
62.9 14.84
61.76 14.75
62.9 14.69
62.9 14.74
62.9 14.58
62.9 14.59
62.9 14.67
61.76 14.73
62.9 14.64
62.9 14.66
62.9 14.87
62.9 14.52
62.9 14.73
62.9 14.76
62.9 15.01
62.9 14.75
62.9 14.58
62.9 14.69
62.9 14.71
61.76 14.82
64.04 14.83
62.9 14.66
62.9 14.67
62.9 14.52
61.76 14.71
62.9 14.69
62.9 14.8
62.9 14.71
62.9 14.79
62.9 14.53
62.9 14.81
62.9 14.53
62.9 14.66
61.76 14.72
61.76 14.51
62.9 14.89
62.9 14.78
62.9 14.72
62.9 14.5
62.9 14.64
62.9 14.56
62.9 14.43
62.9 14.95
62.9 14.58
62.9 14.65
61.76 14.48
62.9 14.68
62.9 14.73
61.76 14.71
61.76 14.67
62.9 14.75
61.76 14.75
61.76 14.56
62.9 14.74
62.9 14.8
62.9 14.61
62.9 14.72
62.9 14.76
61.76 14.56
62.9 14.77
61.76 14.77
62.9 14.66
62.9 14.91
62.9 14.74
62.9 14.69
62.9 14.81
62.9 14.42
62.9 14.39
61.76 14.5
62.9 14.69
61.76 14.66
62.9 14.96
62.9 14.83
61.76 14.71
62.9 14.66
62.9 14.69
62.9 14.69
61.76 14.66
62.9 14.51
62.9 14.77
62.9 14.77
62.9 14.64
61.76 14.72
62.9 14.58
62.9 14.86
62.9 14.66
62.9 14.58
62.9 14.8
62.9 14.79
62.9 14.67
62.9 14.63
62.9 14.59
62.9 14.75
61.76 14.67
62.9 14.76
62.9 14.56
62.9 14.63
62.9 14.98
62.9 14.63
62.9 14.78
62.9 14.66
62.9 14.8
62.9 14.83
62.9 14.82
62.9 14.82
62.9 14.77
61.76 14.69
62.9 14.84
62.9 14.54
62.9 14.71
62.9 14.55
62.9 14.68
62.9 14.72
62.9 14.79
62.9 14.88
62.9 14.66
61.76 14.61
62.9 15.02
61.76 14.68
62.9 14.45
62.9 14.78
62.9 14.84
62.9 14.72
62.9 14.59
62.9 14.83
64.04 14.62
61.76 14.5
62.9 14.68
62.9 14.75
62.9 14.62
61.76 14.71
62.9 14.55
62.9 14.74
62.9 14.83
62.9 14.82
62.9 14.72
61.76 14.89
62.9 14.64
61.76 14.91
62.9 14.9
62.9 14.75
62.9 14.71
62.9 14.52
62.9 14.61
62.9 14.76
62.9 14.69
62.9 14.74
62.9 14.63
62.9 14.51
62.9 14.72
62.9 14.56
62.9 14.67
62.9 14.88
62.9 14.69
62.9 14.64
62.9 14.84
62.9 14.58
62.9 14.68
62.9 14.49
62.9 14.63
62.9 14.91
62.9 14.7
62.9 14.48
62.9 14.8
62.9 14.7
62.9 14.67
62.9 14.79
62.9 14.71
62.9 14.74
64.04 14.66
62.9 14.72
62.9 14.75
62.9 14.51
62.9 14.69
62.9 14.67
64.04 14.83
62.9 14.83
62.9 14.71
62.9 14.68
61.76 14.75
62.9 14.6
62.9 14.66
62.9 14.69
62.9 14.81
62.9 14.79
62.9 14.9
62.9 14.75
62.9 14.71
62.9 14.86
62.9 14.53
62.9 14.7
62.9 14.83
62.9 14.66
62.9 14.71
62.9 14.51
62.9 14.71
62.9 14.72
62.9 14.63
62.9 14.79
62.9 14.65
62.9 14.74
62.9 14.83
62.9 14.63
64.04 14.86
62.9 14.51
62.9 14.75
62.9 14.61
62.9 14.93
62.9 14.49
64.04 14.8
62.9 14.82
62.9 14.58
62.9 14.64
62.9 14.59
62.9 14.8
62.9 14.53
62.9 14.6
62.9 14.83
62.9 14.6
62.9 14.65
62.9 14.45
62.9 14.91
62.9 14.77
62.9 14.68
62.9 14.84
62.9 14.57
62.9 14.4
62.9 14.63
62.9 14.5
62.9 14.84
62.9 14.66
62.9 14.77
62.9 14.89
62.9 14.65
61.76 14.75
62.9 14.9
62.9 14.65
62.9 14.8
62.9 14.77
62.9 14.69
62.9 14.61
62.9 14.87
61.76 14.79
62.9 14.92
62.9 14.69
62.9 14.79
62.9 14.69
62.9 14.69
62.9 14.74
62.9 14.67
62.9 14.69
62.9 14.84
62.9 14.76
62.9 14.58
62.9 14.79
61.76 14.65
62.9 14.86
62.9 14.53
62.9 14.83
62.9 14.82
62.9 14.55
62.9 14.8
62.9 14.37
62.9 14.58
62.9 14.64
62.9 14.56
61.76 14.8
61.76 14.6
62.9 14.75
62.9 14.8
62.9 14.69
62.9 14.71
62.9 14.94
62.9 14.78
62.9 14.68
62.9 14.62
62.9 14.73
62.9 14.68
62.9 14.67
62.9 14.55
62.9 14.51
62.9 14.53
62.9 14.76
62.9 14.89
62.9 14.59
62.9 14.69
62.9 14.68
62.9 14.7
62.9 14.68
62.9 14.84
62.9 14.81
61.76 14.8
62.9 14.66
62.9 14.68
64.04 14.83
62.9 14.66
62.9 14.76
62.9 14.63
62.9 14.53
62.9 14.64
62.9 14.54
62.9 14.9
62.9 14.66
62.9 14.72
62.9 14.77
64.04 14.76
62.9 14.66
62.9 14.71
62.9 14.65
62.9 14.94
62.9 14.84
62.9 14.56
62.9 14.64
61.76 14.96
62.9 14.61
62.9 14.59
62.9 14.66
62.9 14.73
62.9 14.8
62.9 14.82
62.9 14.74
62.9 14.56
62.9 14.75
62.9 14.69
62.9 14.71
62.9 14.51
62.9 14.9
62.9 14.77
62.9 14.8
62.9 14.74
61.76 14.79
62.9 14.8
64.04 15.0
62.9 14.63
62.9 14.8
62.9 14.69
62.9 14.59
62.9 14.66
62.9 14.66
62.9 14.91
62.9 14.88
61.76 14.61
62.9 14.38
62.9 14.67
62.9 14.8
62.9 14.66
62.9 14.66
62.9 14.67
62.9 14.71
64.04 14.84
62.9 14.68
62.9 14.59
62.9 14.72
62.9 14.63
62.9 14.68
62.9 14.69
62.9 14.69
62.9 14.65
62.9 14.7
64.04 14.75
62.9 14.57
62.9 14.66
62.9 14.81
62.9 14.75
62.9 14.8
62.9 14.68
62.9 14.63
62.9 14.79
62.9 14.55
62.9 14.77
62.9 14.71
62.9 14.56
62.9 14.59
62.9 14.69
62.9 14.75
62.9 14.93
62.9 14.88
62.9 14.73
62.9 14.8
62.9 14.8
62.9 14.7
62.9 14.59
62.9 14.67
64.04 14.93
62.9 14.64
62.9 14.64
62.9 14.69
62.9 14.64
62.9 14.68
62.9 14.75
62.9 14.65
62.9 14.99
62.9 14.75
62.9 14.68
62.9 14.83
62.9 14.61
64.04 14.56
62.9 14.45
64.04 14.69
62.9 14.64
62.9 14.88
62.9 14.83
62.9 14.72
62.9 14.63
62.9 14.69
62.9 14.56
62.9 14.64
62.9 14.75
62.9 14.63
62.9 14.46
62.9 14.77
62.9 14.54
62.9 14.61
62.9 14.71
62.9 14.58
62.9 14.63
62.9 14.72
62.9 14.69
62.9 14.72
62.9 14.53
62.9 14.85
62.9 14.68
62.9 14.59
62.9 14.71
62.9 14.84
62.9 14.63
64.04 14.99
62.9 14.87
62.9 14.78
62.9 14.63
62.9 14.82
62.9 14.65
61.76 14.8
62.9 14.79
62.9 15.06
62.9 14.75
64.04 14.79
62.9 14.68
62.9 14.82
62.9 14.82
61.76 14.53
64.04 14.94
62.9 14.59
62.9 14.8
62.9 14.75
64.04 14.66
62.9 14.58
62.9 14.7
62.9 14.79
62.9 14.73
62.9 14.71
62.9 14.44
64.04 15.1
62.9 14.72
62.9 14.73
62.9 14.63
62.9 14.72
62.9 14.82
62.9 14.71
62.9 14.78
62.9 14.8
64.04 14.69
62.9 14.52
62.9 14.66
62.9 14.87
64.04 14.69
64.04 14.74
62.9 14.7
62.9 14.95
62.9 14.74
64.04 14.5
64.04 14.77
62.9 14.9
62.9 14.69
62.9 14.91
62.9 14.94
62.9 14.91
62.9 14.69
62.9 14.76
62.9 14.75
62.9 14.83
62.9 14.83
62.9 14.66
62.9 14.6
62.9 14.69
62.9 14.73
62.9 14.72
62.9 14.96
62.9 14.9
62.9 14.65
62.9 14.72
62.9 14.62
62.9 14.66
62.9 14.63
62.9 14.47
62.9 14.76
64.04 14.76
62.9 14.56
62.9 14.43
62.9 14.68
62.9 14.7
62.9 14.69
62.9 14.64
62.9 14.61
62.9 14.67
62.9 14.58
62.9 14.91
62.9 14.8
62.9 14.55
62.9 14.72
62.9 14.83
62.9 14.87
62.9 14.67
62.9 14.66
62.9 14.65
62.9 14.73
62.9 14.74
62.9 14.83
62.9 14.79
62.9 14.51
62.9 14.82
62.9 14.73
62.9 14.61
62.9 14.47
62.9 14.66
62.9 14.74
64.04 14.85
62.9 15.0
62.9 14.82
62.9 14.78
64.04 14.8
62.9 14.87
64.04 14.84
62.9 14.32
62.9 14.62
62.9 14.86
62.9 15.07
64.04 14.78
62.9 14.85
62.9 14.77
62.9 14.67
62.9 14.82
62.9 14.61
62.9 14.77
62.9 14.65
62.9 14.66
62.9 14.64
62.9 14.6
62.9 14.69
62.9 14.64
64.04 14.82
62.9 14.7
62.9 15.07
62.9 14.71
62.9 15.02
64.04 14.75
62.9 14.85
62.9 14.61
62.9 14.64
62.9 14.73
62.9 14.77
64.04 14.85
62.9 14.64
62.9 14.7
62.9 14.74
62.9 14.78
62.9 14.85
62.9 14.51
62.9 14.83
62.9 14.66
62.9 14.65
62.9 14.72
62.9 14.74
62.9 14.75
62.9 14.72
62.9 14.78
62.9 14.58
62.9 14.83
62.9 14.88
62.9 14.85
62.9 14.85
62.9 14.54
62.9 14.64
62.9 14.71
62.9 14.66
62.9 14.88
64.04 14.56
64.04 14.91
62.9 14.78
62.9 14.75
62.9 14.71
62.9 14.77
62.9 14.74
62.9 14.66
64.04 14.66
62.9 14.74
64.04 14.93
62.9 14.67
62.9 14.75
62.9 15.14
62.9 14.48
64.04 14.7
62.9 14.55
62.9 14.69
64.04 14.69
64.04 14.78
64.04 14.69
64.04 14.71
62.9 14.68
62.9 14.76
62.9 14.49
62.9 14.82
62.9 14.8
62.9 14.51
62.9 14.91
64.04 14.69
62.9 14.73
64.04 14.86
62.9 14.88
62.9 14.83
64.04 14.56
62.9 14.77
62.9 14.75
62.9 14.79
62.9 14.87
62.9 14.88
62.9 14.38
62.9 14.54
62.9 14.92
62.9 14.91
62.9 14.77
62.9 14.72
62.9 14.57
62.9 14.72
62.9 14.49
62.9 14.55
64.04 14.85
62.9 14.44
62.9 14.92
62.9 14.47
62.9 14.7
62.9 14.74
62.9 14.69
62.9 14.8
62.9 14.9
62.9 14.61
61.76 14.67
62.9 14.61
62.9 14.71
64.04 14.76
61.76 14.65
62.9 14.82
64.04 14.55
62.9 14.95
62.9 14.64
62.9 14.68
62.9 14.83
62.9 14.59
62.9 14.84
62.9 14.68
62.9 14.72
62.9 14.8
62.9 14.62
64.04 14.79
62.9 14.72
62.9 14.77
62.9 14.69
62.9 14.53
64.04 14.67
62.9 14.87
62.9 14.59
62.9 14.79
62.9 14.72
62.9 14.79
62.9 14.79
62.9 14.55
62.9 14.81
62.9 14.8
62.9 14.64
62.9 14.51
62.9 14.66
64.04 14.6
62.9 14.78
62.9 14.63
62.9 15.06
62.9 14.75
62.9 14.64
62.9 14.78
62.9 14.8
64.04 14.74
62.9 14.6
62.9 14.71
62.9 14.77
62.9 14.89
62.9 14.48
62.9 14.79
62.9 14.89
62.9 14.91
62.9 14.74
62.9 14.71
62.9 14.67
62.9 14.64
62.9 14.53
64.04 14.77
62.9 14.69
62.9 14.71
62.9 14.73
62.9 14.74
64.04 14.66
62.9 14.67
62.9 14.76
62.9 14.47
62.9 14.64
64.04 14.71
62.9 14.74
64.04 14.7
62.9 14.66
62.9 14.75
64.04 14.64
62.9 14.69
62.9 14.58
62.9 14.86
62.9 14.81
62.9 14.53
62.9 14.82
62.9 14.69
62.9 14.82
64.04 14.71
62.9 14.8
62.9 14.8
64.04 14.63
62.9 14.67
62.9 14.78
62.9 14.73
64.04 14.74
62.9 15.09
62.9 14.92
62.9 14.64
62.9 14.75
64.04 14.82
62.9 14.71
62.9 14.53
62.9 15.0
62.9 14.75
62.9 14.7
62.9 14.72
64.04 14.5
62.9 14.82
62.9 14.75
64.04 14.77
62.9 14.68
62.9 14.64
64.04 14.94
64.04 14.72
64.04 14.78
64.04 14.74
64.04 14.8
64.04 14.49
64.04 14.71
62.9 14.63
62.9 14.77
62.9 14.84
64.04 14.73
62.9 14.63
64.04 14.85
64.04 14.71
62.9 14.93
62.9 14.72
62.9 15.03
62.9 14.93
64.04 14.85
62.9 14.55
62.9 14.72
62.9 14.61
62.9 14.58
64.04 14.74
62.9 14.8
64.04 14.75
62.9 14.8
62.9 14.77
64.04 14.63
64.04 14.73
62.9 14.63
62.9 14.73
62.9 14.57
64.04 14.72
62.9 14.77
64.04 14.58
62.9 14.87
64.04 14.73
62.9 14.66
62.9 14.72
62.9 14.64
62.9 14.82
62.9 14.72
64.04 14.72
62.9 14.58
62.9 14.62
62.9 14.74
64.04 14.56
64.04 14.67
64.04 14.93
64.04 14.58
64.04 14.78
62.9 14.69
64.04 14.74
62.9 14.92
64.04 14.7
62.9 14.64
62.9 14.77
62.9 14.8
62.9 14.8
62.9 14.69
62.9 14.69
64.04 14.8
64.04 14.62
62.9 14.55
64.04 14.71
64.04 14.66
64.04 14.86
62.9 14.82
64.04 14.55
62.9 14.75
64.04 14.87
64.04 14.42
64.04 14.78
62.9 14.82
62.9 14.53
62.9 14.53
62.9 14.53
64.04 14.58
64.04 14.54
64.04 14.72
64.04 14.72
64.04 14.69
62.9 14.97
62.9 14.51
62.9 14.66
62.9 14.58
62.9 14.69
62.9 14.91
64.04 14.89
62.9 14.75
64.04 14.86
64.04 14.91
62.9 14.83
62.9 14.71
64.04 14.72
64.04 14.74
62.9 14.56
64.04 14.99
62.9 14.93
64.04 14.8
64.04 14.77
64.04 14.81
62.9 14.77
62.9 14.72
62.9 14.83
62.9 14.64
62.9 14.63
62.9 14.89
64.04 14.66
62.9 14.72
62.9 14.66
64.04 14.79
62.9 14.69
62.9 14.42
62.9 14.93
62.9 14.58
64.04 14.72
62.9 14.69
64.04 14.64
64.04 14.93
62.9 14.53
64.04 14.77
62.9 14.54
62.9 14.75
64.04 14.56
62.9 14.64
64.04 14.78
62.9 14.66
64.04 15.02
64.04 14.53
64.04 14.83
62.9 14.65
64.04 14.51
64.04 14.47
62.9 14.73
64.04 14.72
62.9 14.81
64.04 14.61
64.04 14.74
62.9 14.66
62.9 14.66
64.04 14.71
64.04 14.64
62.9 14.69
62.9 14.96
64.04 14.73
64.04 14.8
62.9 14.85
62.9 14.83
64.04 14.94
62.9 14.64
64.04 14.64
64.04 14.69
64.04 14.8
62.9 14.93
62.9 14.51
62.9 14.88
62.9 14.91
62.9 14.72
64.04 14.68
62.9 15.12
62.9 14.81
64.04 14.49
64.04 14.63
62.9 14.78
64.04 14.82
62.9 14.54
64.04 14.65
62.9 14.8
62.9 14.6
64.04 14.55
64.04 14.62
64.04 14.63
64.04 14.71
62.9 14.69
62.9 14.7
64.04 14.83
62.9 14.68
64.04 14.61
62.9 14.67
62.9 14.75
62.9 14.66
62.9 14.71
64.04 14.64
64.04 14.79
62.9 14.91
64.04 14.68
62.9 14.64
62.9 14.7
64.04 14.66
62.9 14.59
62.9 14.79
62.9 14.85
62.9 14.61
62.9 14.58
64.04 14.77
64.04 14.69
62.9 14.65
64.04 14.83
64.04 14.68
64.04 14.7
64.04 14.63
64.04 14.67
64.04 14.85
62.9 14.99
64.04 14.59
62.9 14.55
62.9 14.71
64.04 14.64
62.9 14.71
64.04 14.6
62.9 14.67
64.04 14.67
62.9 14.57
64.04 14.85
62.9 14.56
64.04 14.72
64.04 14.87
64.04 14.64
64.04 14.84
64.04 14.83
64.04 14.77
62.9 14.9
62.9 14.58
62.9 14.48
64.04 14.84
64.04 14.58
64.04 14.71
64.04 14.57
62.9 14.79
64.04 14.71
62.9 14.88
62.9 14.87
64.04 14.79
64.04 14.49
64.04 14.9
64.04 14.74
64.04 14.75
64.04 14.75
64.04 14.72
64.04 14.82
64.04 14.85
62.9 14.61
62.9 14.75
64.04 14.71
64.04 14.69
64.04 14.8
64.04 14.58
64.04 14.65
64.04 14.6
62.9 14.53
64.04 14.72
64.04 14.81
64.04 14.74
64.04 14.53
62.9 14.73
62.9 14.69
62.9 14.89
62.9 14.7
64.04 14.9
64.04 14.97
64.04 14.95
64.04 14.57
64.04 14.83
62.9 14.75
64.04 14.8
62.9 14.32
62.9 14.64
64.04 14.7
64.04 14.9
64.04 14.65
64.04 15.03
62.9 14.9
62.9 14.94
62.9 14.63
62.9 14.89
64.04 14.74
62.9 14.87
64.04 14.66
62.9 14.74
64.04 14.77
62.9 14.91
