1006|998|1001|999|998|998|1000|1001|1000|1002|1002|1002|1003|1002|1006|1006|1005|1003|1007|1006|1006|1008|1007|1007|1009|1010|1009|1007|1009|1007|1008|1008|1009|1010|1009|1011|1012|1010|1009|1009|1012|1010|1010|1011|1010|1010|1009|1009|1013|1011|1009|1010|1011|1011|1010|1012|1009|1009|1012|1011|1012|1012|1011|1009|1012|1010|1012|1013|1012|1013|1013|1014|1012|1014|1016|1015|1017|1016|1016|1015|

1003|1000|1000|1001|1003|1002|999|998|1000|999|997|995|998|999|999|999|997|989|991|991|990|996|991|996|996|997|999|999|1001|1003|1004|1004|1005|995|997|1003|1006|1005|1008|1006|1007|1012|1010|1010|1008|1009|1010|1011|1012|1013|1013|1011|1013|1015|1010|1015|1014|1015|1015|1014|1012|1011|1013|1013|1013|1012|1011|1017|1013|1012|1012|1010|1008|1010|1011|1009|1009|1010|1011|1008|

950|966|968|967|966|968|966|968|968|965|968|965|971|968|970|968|970|971|970|969|971|968|970|971|970|973|973|970|970|970|972|973|969|975|973|976|974|972|975|973|973|974|973|975|975|975|975|974|973|975|973|975|975|975|975|979|975|976|979|974|975|976|977|978|978|978|980|977|977|979|976|980|977|975|979|978|982|980|977|977|

993|995|991|994|995|996|992|993|994|994|997|997|997|1000|997|995|993|998|997|997|1001|999|996|1000|998|1000|996|1001|998|1001|998|1000|997|1005|1002|1001|1000|998|1002|1003|1001|999|1000|997|1002|1002|1003|1000|1000|1000|1000|1005|1003|1003|999|1003|1003|1001|1003|1003|1006|1007|1002|1004|1003|999|1002|1005|1003|1005|1004|1004|1006|1003|1002|1003|1004|1005|1004|1006|

1006|1009|1010|1010|1012|1011|1013|1012|1013|1012|1013|1013|1011|1014|1014|1012|1012|1014|1015|1013|1015|1014|1014|1013|1013|1015|1014|1016|1016|1016|1018|1015|1016|1017|1017|1016|1016|1017|1016|1016|1016|1017|1017|1018|1017|1019|1018|1018|1018|1018|1019|1019|1018|1019|1019|1017|1019|1020|1020|1020|1020|1020|1021|1019|1019|1021|1021|1021|1020|1021|1019|1020|1020|1021|1020|1021|1022|1021|1020|1022|

1023|1024|1024|1024|1024|1025|1025|1025|1026|1025|1025|1026|1027|1027|1027|1025|1027|1027|1028|1027|1027|1028|1027|1028|1028|1029|1027|1028|1028|1028|1028|1029|1029|1029|1028|1029|1028|1029|1029|1029|1029|1029|1030|1031|1031|1029|1032|1031|1031|1032|1031|1031|1032|1031|1031|1031|1031|1030|1031|1031|1032|1033|1031|1032|1032|1031|1031|1032|1032|1032|1031|1032|1032|1033|1031|1033|1032|1033|1031|1031|

1034|1034|1033|1032|1035|1034|1033|1034|1034|1035|1034|1035|1034|1035|1036|1035|1033|1036|1036|1035|1034|1035|1034|1035|1036|1036|1034|1035|1035|1037|1037|1040|1038|1038|1037|1037|1040|1038|1037|1038|1039|1039|1039|1038|1038|1039|1039|1038|1040|1038|1040|1040|1039|1039|1037|1040|1039|1041|1040|1040|1040|1038|1040|1041|1041|1040|1040|1039|1043|1041|1042|1042|1041|1042|1040|1040|1039|1041|1039|1041|

1041|1043|1042|1041|1043|1043|1044|1046|1045|1044|1045|1046|1046|1047|1048|1044|1045|1047|1047|1047|1046|1051|1047|1050|1048|1050|1047|1048|1050|1048|1047|1050|1048|1052|1049|1049|1051|1048|1050|1052|1052|1048|1049|1048|1051|1051|1052|1050|1051|1051|1052|1051|1050|1053|1052|1050|1055|1053|1051|1052|1051|1054|1056|1050|1054|1053|1052|1052|1052|1054|1057|1052|1054|1052|1055|1054|1053|1048|1054|1054|

1053|1053|1054|1054|1055|1054|1055|1054|1055|1057|1057|1057|1055|1060|1057|1057|1058|1059|1058|1059|1057|1057|1058|1059|1060|1060|1058|1059|1059|1060|1061|1061|1062|1061|1060|1060|1061|1059|1061|1062|1061|1061|1061|1061|1059|1060|1060|1060|1062|1062|1063|1063|1064|1061|1062|1058|1063|1063|1063|1062|1062|1064|1063|1064|1064|1062|1066|1069|1060|1066|1062|1064|1063|1061|1064|1060|1061|1065|1065|1062|

1062|1061|1062|1062|1066|1064|1064|1062|1063|1066|1064|1066|1066|1062|1066|1065|1064|1066|1066|1066|1067|1064|1065|1067|1070|1065|1064|1067|1068|1067|1067|1067|1067|1067|1066|1066|1067|1068|1068|1067|1069|1067|1066|1063|1065|1068|1068|1069|1069|1069|1069|1069|1066|1071|1068|1067|1070|1068|1065|1068|1068|1069|1068|1067|1067|1066|1072|1075|1068|1066|1067|1068|1069|1068|1068|1070|1069|1066|1069|1068|

1067|1068|1069|1068|1065|1067|1067|1067|1068|1067|1070|1067|1068|1068|1068|1070|1071|1070|1068|1072|1066|1068|1072|1067|1069|1069|1073|1070|1068|1071|1071|1068|1068|1068|1070|1070|1071|1070|1070|1067|1071|1067|1073|1072|1070|1071|1070|1069|1071|1071|1072|1067|1072|1069|1072|1068|1068|1071|1070|1070|1068|1070|1070|1068|1069|1072|1069|1071|1071|1072|1072|1073|1075|1073|1074|1070|1070|1071|1070|1070|

1067|1067|1068|1068|1068|1067|1070|1071|1070|1071|1073|1069|1072|1069|1071|1071|1069|1071|1068|1070|1072|1070|1075|1067|1071|1073|1070|1068|1070|1071|1073|1078|1071|1070|1071|1070|1072|1072|1071|1072|1073|1073|1073|1074|1072|1073|1069|1070|1070|1072|1071|1070|1071|1068|1070|1072|1074|1070|1072|1073|1074|1074|1074|1073|1077|1075|1074|1073|1070|1073|1072|1071|1072|1070|1071|1071|1075|1073|1072|1071|

1069|1070|1073|1071|1071|1072|1074|1073|1074|1072|1071|1072|1075|1071|1072|1072|1073|1078|1073|1072|1072|1070|1074|1077|1075|1075|1074|1076|1071|1071|1073|1075|1073|1074|1075|1074|1074|1074|1071|1070|1074|1072|1074|1076|1075|1073|1074|1075|1075|1074|1075|1072|1071|1072|1074|1076|1076|1077|1076|1073|1075|1078|1075|1074|1074|1075|1074|1075|1075|1072|1074|1072|1074|1075|1073|1074|1075|1075|1077|1075|

1072|1072|1074|1074|1076|1075|1075|1075|1073|1074|1073|1075|1075|1077|1076|1078|1076|1078|1079|1076|1075|1075|1076|1078|1078|1078|1077|1077|1077|1078|1076|1075|1079|1077|1077|1078|1079|1078|1079|1079|1074|1078|1078|1077|1077|1077|1078|1078|1080|1078|1078|1079|1079|1080|1079|1079|1077|1078|1076|1076|1077|1079|1080|1079|1079|1078|1078|1078|1079|1078|1078|1077|1078|1075|1077|1081|1081|1079|1080|1079|

1074|1076|1077|1075|1075|1077|1077|1078|1077|1075|1077|1078|1080|1080|1078|1079|1078|1077|1076|1080|1078|1079|1082|1077|1078|1081|1077|1081|1081|1078|1079|1079|1081|1078|1081|1079|1077|1079|1079|1081|1079|1081|1080|1081|1080|1081|1082|1079|1080|1082|1080|1080|1082|1082|1080|1078|1080|1081|1080|1080|1081|1078|1079|1078|1080|1082|1078|1082|1083|1080|1081|1083|1081|1082|1082|1081|1082|1083|1081|1082|

1075|1078|1076|1078|1077|1078|1080|1077|1077|1079|1079|1077|1080|1079|1079|1083|1079|1080|1080|1078|1080|1079|1081|1080|1081|1077|1082|1080|1082|1081|1078|1081|1083|1080|1081|1079|1081|1080|1082|1082|1080|1081|1082|1081|1078|1081|1082|1082|1082|1083|1082|1084|1081|1082|1084|1081|1082|1082|1083|1080|1084|1080|1082|1081|1083|1082|1080|1083|1081|1084|1082|1080|1084|1081|1081|1083|1083|1080|1084|1082|

1077|1079|1076|1079|1077|1079|1079|1076|1077|1080|1079|1080|1079|1079|1079|1080|1081|1077|1079|1080|1080|1078|1082|1083|1079|1079|1081|1082|1079|1081|1081|1083|1081|1082|1081|1082|1082|1083|1082|1084|1083|1082|1082|1082|1081|1082|1081|1082|1081|1081|1081|1080|1080|1081|1084|1084|1082|1083|1083|1085|1085|1082|1083|1083|1082|1083|1084|1082|1083|1083|1084|1079|1081|1082|1081|1083|1082|1084|1081|1083|

1079|1078|1079|1080|1080|1082|1080|1081|1078|1080|1080|1082|1079|1080|1082|1081|1083|1083|1081|1082|1085|1084|1084|1082|1081|1083|1081|1081|1080|1084|1083|1081|1083|1084|1083|1082|1083|1083|1083|1082|1083|1081|1083|1084|1085|1084|1083|1085|1083|1084|1083|1083|1083|1085|1083|1085|1083|1084|1085|1084|1084|1083|1082|1083|1083|1083|1084|1084|1082|1083|1084|1083|1083|1085|1086|1085|1085|1084|1083|1083|

1078|1077|1077|1079|1082|1081|1081|1077|1081|1080|1080|1080|1083|1081|1080|1081|1083|1082|1081|1080|1083|1082|1084|1081|1080|1082|1084|1082|1085|1082|1083|1083|1082|1083|1084|1084|1083|1082|1082|1082|1082|1083|1080|1082|1083|1082|1081|1084|1083|1083|1083|1082|1083|1083|1084|1083|1082|1084|1083|1083|1082|1082|1084|1083|1082|1084|1084|1083|1083|1083|1083|1084|1084|1084|1084|1083|1084|1083|1083|1085|

1078|1079|1079|1078|1077|1079|1078|1079|1080|1080|1080|1081|1081|1081|1081|1081|1081|1081|1083|1083|1084|1081|1081|1085|1082|1083|1081|1083|1085|1084|1081|1083|1084|1083|1083|1083|1083|1083|1084|1083|1082|1083|1085|1083|1081|1084|1083|1082|1082|1084|1083|1084|1085|1083|1084|1083|1083|1084|1085|1084|1087|1084|1085|1084|1085|1083|1085|1086|1084|1086|1083|1086|1084|1084|1085|1084|1085|1084|1082|1086|

1077|1078|1076|1077|1078|1080|1080|1080|1079|1079|1080|1081|1080|1078|1080|1079|1082|1082|1083|1081|1080|1081|1079|1079|1082|1081|1082|1081|1080|1083|1081|1082|1082|1083|1082|1079|1081|1082|1081|1081|1083|1082|1082|1083|1082|1081|1085|1082|1081|1082|1082|1083|1084|1082|1083|1084|1084|1083|1084|1083|1082|1082|1083|1084|1083|1085|1083|1083|1083|1082|1083|1081|1084|1080|1082|1085|1084|1084|1084|1085|

1079|1077|1079|1077|1078|1078|1079|1081|1079|1081|1080|1079|1081|1082|1082|1080|1081|1081|1082|1081|1081|1083|1081|1083|1082|1081|1082|1080|1080|1082|1084|1082|1082|1082|1082|1081|1082|1085|1084|1082|1083|1082|1083|1084|1083|1083|1082|1083|1083|1083|1084|1084|1081|1079|1083|1081|1082|1083|1084|1082|1082|1081|1082|1081|1082|1082|1083|1083|1082|1081|1083|1083|1083|1083|1082|1082|1083|1083|1083|1084|
