19.967599999999994 -8.7524
20.851276000000016 -8.891123999999998
21.145112759999996 -8.920611239999998
21.59265112759999 -8.974306112400003
21.939126511275973 -8.987743061124
22.54679126511273 -9.07077743061124
24.661867912651143 -9.382407774306117
24.580418679126534 -9.395624077743062
24.876004186791288 -9.378156240777434
24.981560041867912 -9.389381562407776
24.95981560041868 -9.380693815624081
25.119198156004213 -9.438706938156242
25.47419198156006 -9.426487069381572
25.91094191981563 -9.47506487069382
25.995109419198183 -9.502850648706943
26.132751094192017 -9.523228506487078
26.202527510941955 -9.562332285064876
26.04362527510945 -9.578123322850656
26.31563625275113 -9.578881233228513
26.44375636252754 -9.603388812332293
26.47923756362532 -9.61873388812333
26.456792375636283 -9.626787338881243
26.331167923756393 -9.654767873388822
26.352711679237576 -9.643947678733896
26.66072711679241 -9.675739476787344
26.572607271167968 -9.666457394767878
26.594526072711716 -9.691464573947687
26.628945260727146 -9.699214645739485
26.823089452607295 -9.721292146457401
26.89343089452609 -9.738612921464577
27.099334308945267 -9.751686129214654
27.28379334308945 -9.762916861292151
27.046237933430906 -9.77672916861293
27.306062379334293 -9.798067291686134
27.548060623793322 -9.804580672916865
27.641680606237905 -9.818245806729173
27.312016806062385 -9.831682458067293
27.16052016806062 -9.83991682458068
27.113405201680603 -9.83409916824581
27.238334052016803 -9.85004099168246
27.125583340520187 -9.853900409916822
27.22705583340521 -9.874039004099169
27.399070558334046 -9.875040390040994
27.7883907055833 -9.898050403900408
27.815083907055797 -9.870180504039004
27.860950839070515 -9.89770180504039
27.975409508390662 -9.902477018050403
27.737154095083884 -9.917424770180501
27.962771540950797 -9.957474247701805
28.113227715409465 -9.97557474247702
28.205932277154062 -9.94325574742477
28.149859322771498 -9.96003255747425
28.19489859322768 -9.980200325574748
28.263748985932228 -9.982302003255748
28.549437489859287 -9.986323020032563
28.63209437489857 -9.99906323020033
28.610120943748953 -10.014290632302
28.63270120943746 -10.039442906323025
28.76972701209434 -10.027194429063234
28.7938972701209 -10.035071944290635
28.782738972701168 -10.048250719442912
28.816827389726974 -10.022582507194432
28.80576827389724 -10.065425825071946
28.965257682738937 -10.085754258250722
28.95545257682735 -10.074357542582511
29.000954525768243 -10.07324357542583
29.01280954525766 -10.084832435754258
29.195328095452563 -10.09384832435754
29.288353280954507 -10.101638483243574
29.312083532809527 -10.109216384832436
29.426320835328077 -10.121992163848324
29.63266320835328 -10.13621992163848
29.623326632083504 -10.147262199216382
29.463633266320844 -10.153672621992163
29.553236332663214 -10.155636726219921
29.61113236332661 -10.153956367262198
29.61171132363324 -10.183239563672624
29.60031711323628 -10.212332395636725
29.440603171132338 -10.190823323956355
29.59860603171135 -10.19150823323956
29.953586060317125 -10.191115082332393
29.82033586060319 -10.235111150823315
30.001403358606055 -10.193651111508228
29.855014033586098 -10.189736511115079
29.78515014033585 -10.22829736511115
30.00105150140335 -10.234582973651104
29.889210515014007 -10.249845829736506
29.603092105150143 -10.232398458297359
29.55463092105149 -10.229023984582964
29.702346309210526 -10.23859023984583
30.239623463092116 -10.253185902398448
30.00559623463094 -10.23483185902398
29.786655962346313 -10.251248318590235
30.092266559623482 -10.254712483185896
29.92432266559623 -10.278547124831857
29.785843226655953 -10.27448547124831
29.97825843226658 -10.277044854712473
30.05998258432268 -10.280370448547117
29.878399825843243 -10.263503704485467
29.956383998258435 -10.285535037044852
29.934363839982595 -10.284655350370437
30.10514363839983 -10.282446553503698
30.095451436384018 -10.253024465535034
30.106754514363853 -10.289130244655347
30.186667545143656 -10.303191302446546
30.347066675451444 -10.323031913024463
30.268870666754534 -10.295930319130237
30.24528870666757 -10.315059303191294
30.302052887066694 -10.332750593031905
30.20002052887068 -10.315627505930316
30.130600205288726 -10.345656275059293
30.209706002052908 -10.311856562750586
30.34729706002054 -10.322618565627506
30.36007297060023 -10.314526185656273
30.42860072970603 -10.334945261856557
30.26968600729708 -10.322949452618557
32.67349686007298 -10.432029494526184
34.749534968600784 -10.752120294945263
34.65629534968607 -10.758821202949456
34.54136295349692 -10.785388212029495
34.471813629535035 -10.793853882120295
34.15191813629542 -10.788438538821206
33.88651918136304 -10.764784385388209
33.735665191813695 -10.760647843853883
33.69995665191821 -10.767806478438535
33.64259956651926 -10.75967806478439
33.42542599566526 -10.760996780647847
33.32065425995668 -10.78170996780648
33.11440654259956 -10.77911709967807
33.214944065425996 -10.779491170996785
33.20454944065428 -10.78599491170997
33.13604549440656 -10.5787599491171
33.28356045494409 -10.778787599491174
33.28503560454949 -10.80958787599491
33.114050356045546 -10.804895878759954
33.06674050356048 -10.8164489587876
33.05486740503563 -10.724964489587878
33.05474867405034 -10.83094964489588
33.1801474867405 -10.662609496448958
33.29540147486745 -10.73602609496449
33.376354014748735 -10.756460260949648
33.456963540147555 -10.757064602609503
33.13856963540149 -10.734570646026095
33.101185696354015 -10.767845706460262
33.157811856963534 -10.769278457064605
33.05577811856961 -10.765692784570646
33.145957781185714 -10.77065692784571
33.19245957781189 -10.772106569278462
32.999124595778135 -10.78992106569279
33.008591245957774 -10.79029921065693
33.47608591245963 -10.76230299210657
33.45796085912464 -10.790623029921068
33.13857960859126 -10.787006230299212
32.94158579608591 -10.764070062302991
33.24741585796091 -10.796340700623034
33.43287415857968 -10.805863407006232
33.42332874158585 -10.800858634070064
33.377633287415904 -10.6992085863407
33.251776332874186 -10.80039208586341
33.227717763328776 -10.775003920858637
33.29587717763332 -10.804950039208588
33.21675877177636 -10.776749500392091
33.25016758771782 -10.778467495003921
33.467101675877245 -10.798184674950035
33.2754710167588 -10.792881846749502
33.102554710167595 -10.697428818467497
33.19202554710169 -10.782474288184677
33.14732025547105 -10.77552474288185
33.55727320255479 -10.82585524742882
33.67537273202563 -10.847958552474289
33.75635372732033 -10.840579585524743
33.745763537273284 -10.843005795855245
33.75705763537281 -10.85803005795855
33.6089705763538 -10.84198030057959
33.65308970576362 -10.854719803005796
33.68773089705771 -10.865147198030053
33.68807730897065 -10.854151471980297
33.77928077308979 -10.8559415147198
33.882792807730986 -10.857159415147196
33.74702792807739 -10.87497159415147
33.73427027928084 -10.863449715941515
33.56314270279288 -10.86673449715941
33.44743142702799 -10.880167344971595
33.685674314270344 -10.885501673449712
33.81345674314277 -10.891155016734496
33.848934567431506 -10.89141155016735
33.7466893456744 -10.865914115501676
33.98506689345683 -10.874959141155015
33.97605066893465 -10.903049591411552
33.964560506689416 -10.908130495914115
33.86184560506697 -10.914581304959144
33.895018456050735 -10.915245813049594
33.82695018456059 -10.914452458130494
33.769269501845685 -10.927644524581304
33.65469269501854 -10.930876445245813
33.83594692695026 -10.910808764452455
33.769359469269574 -10.961508087644528
34.00809359469275 -10.999015080876445
33.82808093594699 -10.98259015080876
33.96308080935953 -10.98932590150809
34.21523080809367 -10.998093259015084
34.21775230808102 -10.993180932590155
34.09237752308088 -10.990431809325901
34.26212377523087 -11.000504318093258
34.092821237752375 -10.995405043180936
34.1709282123776 -11.007554050431807
34.24010928212383 -11.003075540504321
34.09260109282132 -11.014530755405042
34.34192601092831 -11.020245307554049
33.78581926010935 -11.015802453075539
