19.45179999999998 17.481900000000007
20.048117999999988 17.626119000000006
20.63548118000001 17.610061190000014
20.971954811800007 17.576600611900002
21.009519548118014 17.579566006119002
21.24929519548118 17.540395660061197
21.4226929519548 17.529703956600613
21.755026929519524 17.440097039566
21.735550269295178 17.489100970395665
21.849355502692923 17.467891009703955
22.0328935550269 17.16757891009705
22.479328935550253 17.132875789100975
23.156393289355503 17.143928757891015
23.254363932893558 17.13023928757892
23.54034363932895 17.035902392875787
23.965003436393303 17.019359023928743
24.00345003436395 16.950393590239287
24.209034500343645 16.895603935902397
24.188290345003438 16.888856039359023
24.370482903450032 16.86018856039359
24.36090482903451 16.81850188560393
24.50900904829035 16.824985018856033
24.87529009048292 16.78814985018855
24.685152900904864 16.77248149850187
24.842851529009057 16.76182481498501
24.855828515290078 16.725518248149843
24.924358285152902 16.700055182481503
24.845243582851545 16.720500551824806
25.004052435828545 16.663105005518236
25.0968405243583 16.65143105005518
25.09776840524356 16.619514310500552
25.23457768405245 16.597395143105004
25.555145776840547 16.544873951431047
25.546951457768422 16.35114873951431
25.387269514577692 16.510111487395147
25.454072695145797 16.506801114873944
25.431940726951492 16.519568011148728
25.591319407269538 16.48609568011148
25.547313194072714 16.468660956801113
25.786273131940742 16.43628660956801
26.16486273131945 16.406862866095686
26.316848627313234 16.370768628660954
25.99916848627317 16.377607686286613
25.916191684862746 16.374076076862867
26.177561916848653 16.373540760768627
26.544975619168504 16.341135407607688
26.48024975619171 16.312511354076072
26.479602497561956 16.30122511354075
26.160396024975654 16.2857122511354
26.259803960249783 16.289957122511343
25.861798039602526 16.140199571225104
25.857817980396057 16.27290199571224
26.644378179803983 16.25982901995711
26.675043781798077 16.236698290199556
26.50435043781801 16.221166982901988
26.707843504378214 16.19471166982901
26.823878435043806 16.172747116698282
26.733838784350468 16.171727471166975
26.869738387843523 16.15261727471167
26.631697383878468 16.14362617274711
26.891516973838815 16.12473626172747
26.848515169738416 16.128447362617266
26.870885151697397 16.12038447362617
26.779908851517003 16.122503844736265
26.858799088515198 16.11052503844736
27.133187990885155 16.120305250384476
27.363931879908836 16.071003052503848
27.503039318799065 16.07321003052503
27.59563039318796 16.060432100305242
27.756156303931842 16.025704321003044
27.643761563039284 16.04125704321002
27.83643761563035 16.013712570432084
27.90676437615627 15.990837125704306
27.87326764376152 15.987508371257027
27.918532676437575 15.967675083712571
27.918985326764336 15.950476750837115
27.850589853267604 15.940004767508366
28.04370589853264 15.924200047675082
28.182437058985297 15.894242000476758
28.286424370589806 15.905842420004767
28.355864243705863 15.888258424200053
28.12855864243702 15.859982584242006
28.45688558642433 15.850099825842433
28.25496885586421 15.836700998258436
28.60634968855861 15.827267009982595
28.74666349688555 15.823872670099833
28.645466634968834 15.836038726701004
28.88385466634965 15.864660387267019
28.795038546663463 15.849946603872668
28.395150385466607 15.822899466038736
28.07195150385462 15.845528994660397
28.4335195150385 15.830955289946612
28.801935195150367 15.803409552899478
28.874019351951475 15.812434095529007
28.897540193519486 15.791024340955294
29.11437540193517 15.767310243409561
28.979743754019317 15.767173102434104
29.126597437540184 15.752771731024348
29.116665974375387 15.727227717310246
29.127966659743738 15.730472277173114
29.26487966659741 15.71750472277173
29.34604879666594 15.72207504722773
29.027660487966628 15.717320750472277
29.149876604879648 15.704973207504727
29.162498766048753 15.709649732075047
28.991624987660458 15.70279649732075
29.115316249876575 15.713627964973213
29.412953162498756 15.687836279649737
29.34752953162495 15.693278362796505
29.130275295316252 15.679532783627963
29.32190275295318 15.695395327836282
29.63161902752954 15.625753953278366
29.782916190275316 15.655457539532785
29.761629161902746 15.62815457539534
29.70441629161901 15.625681545753965
29.817844162916167 15.61305681545755
30.024178441629175 15.581130568154592
29.9920417844163 15.577211305681553
29.854920417844202 15.56607211305683
30.013149204178468 15.55816072113058
29.991931492041775 15.555981607211315
30.082919314920435 15.559959816072126
30.061029193149217 15.555199598160733
30.14061029193152 15.534451995981614
30.13000610291933 15.528144519959822
30.164100061029217 15.528481445199603
30.358241000610306 15.503584814452001
30.303182410006126 15.486035848144518
30.542031824100082 15.486260358481452
30.35062031824102 15.478162603584819
30.371506203182417 15.460881626035848
30.554115062031862 15.46250881626037
30.350741150620333 15.426725088162609
30.417107411506223 15.442467250881627
30.611571074115073 15.431324672508817
30.56791571074116 15.424813246725087
30.60167915710742 15.38704813246725
30.6704167915711 15.400870481324676
30.978904167915722 15.413808704813253
30.731189041679173 15.393238087048141
30.819911890416797 15.384032380870483
30.91199911890418 15.382740323808711
30.912919991189064 15.37532740323809
30.844529199911904 15.362853274032393
30.99204529199913 15.361128532740333
31.050520452920004 15.342111285327416
31.27910520452921 15.320021112853293
31.041991052045308 15.320900211128537
31.130819910520472 15.314109002111298
31.017708199105222 15.307841090021125
31.141977081991072 15.298278410900226
31.166019770819926 15.294082784109007
31.3828601977082 15.293640827841097
31.21402860197709 15.282236408278415
31.303540286019775 15.262222364082788
31.33863540286021 15.250922223640835
31.50998635402859 15.255009222236408
31.477499863540285 9.8072
31.636774998635392 15.178272000000003
31.58136774998634 15.242482720000003
31.87721367749983 15.235224827200001
31.731972136774974 15.228852248272
31.776119721367728 15.230888522482728
31.719561197213658 15.215408885224827
31.570795611972127 15.195154088852249
31.683307956119712 15.177251540888527
31.844033079561157 15.18767251540889
31.845640330795582 15.17777672515409
31.993856403307923 15.152177767251551
31.85853856403305 15.148721777672517
31.936985385640305 15.160287217776728
31.675569853856395 15.175502872177777
32.00355569853852 15.168155028721781
31.733235556985374 15.16978155028722
31.74193235556983 15.16039781550288
32.095419323555646 15.146203978155034
31.563154193235555 15.160262039781555
31.569231541932346 15.147502620397818
32.07089231541927 15.140275026203986
32.12150892315413 15.107302750262031
32.350015089231476 15.129573027502623
32.21550015089227 15.110395730275032
31.815155001508902 15.108903957302761
31.71995155001507 15.112389039573031
31.958399515500105 15.120423890395736
32.16598399515495 15.106304238903963
32.327659839951494 15.07256304238904
32.317876598399465 15.074825630423886
32.47737876598393 15.049448256304245
32.44477378765977 15.063694482563045
32.33044773787653 15.040136944825633
32.283704477378706 15.05480136944826
32.39723704477374 15.05404801369449
32.44397237044767 15.036240480136938
32.50143972370441 15.031462404801367
32.54761439723699 15.026114624048011
32.53667614397231 15.042161146240478
32.639166761439675 15.016421611462402
32.69719166761435 15.002964216114627
32.617971916676105 15.01782964216114
32.68557971916673 14.987778296421606
32.81165579719163 14.977477782964204
32.67611655797189 14.990374777829636
32.62916116557967 14.989403747778288
32.719891611655754 14.969094037477785
32.65239891611651 15.00069094037477
32.84552398916117 14.979406909403744
32.64225523989157 14.96109406909403
32.82262255239888 14.964710940690939
32.69902622552396 14.9660471094069
32.98279026225524 14.942760471094061
33.14522790262257 14.93482760471093
33.26085227902626 14.925948276047109
33.19360852279029 14.900559482760467
33.318336085227926 14.9003055948276
33.23978336085231 14.914403055948272
33.181997833608555 14.888644030559487
33.124419978336086 14.914686440305594
33.2720441997834 14.898346864403052
33.068320441997855 14.884983468644034
33.339883204420026 14.882549834686433
33.38819883204424 14.880925498346867
33.06948198832045 14.87240925498347
33.12329481988322 14.882124092549834
32.95283294819881 14.863921240925492
32.85992832948196 14.87753921240926
32.8019992832948 14.891675392124093
32.801419992832905 14.885516753921237
32.82421419992831 14.890655167539208
33.120842141999304 14.880606551675394
33.15800842142001 14.82660606551675
33.13558008421423 14.861966060655165
33.16955580084217 14.845819660606546
33.30669555800847 14.85355819660607
33.41066695558014 14.858435581966061
33.400306669555846 14.834484355819656
33.46860306669561 14.836344843558198
33.378086030666985 14.819063448435593
33.456980860306714 14.800090634484361
33.275369808603116 14.794400906344844
33.27355369808608 14.815044009063447
33.31913553698091 14.785450440090637
33.54759135536988 14.77565450440091
33.50427591355377 14.795356545044012
33.53804275913561 14.77155356545044
33.65238042759143 14.777615535654498
33.69912380427599 14.765376155356542
33.55139123804283 14.778853761553565
33.492913912380494 14.776688537615541
33.572129139123874 14.79236688537616
33.62992129139132 14.77432366885376
33.65329921291399 14.765943236688537
33.77893299212922 14.75155943236688
33.700389329921364 14.749815594323668
33.64260389329929 14.742098155943236
33.91562603893308 14.73152098155943
33.724556260389406 14.75251520981559
33.802445562603964 14.718825152098145
33.723424455626116 14.759388251520974
33.745434244556336 14.760193882515212
33.79125434244563 14.734301938825151
33.83731254342453 14.744643019388239
33.86057312543432 14.705946430193874
34.157205731254415 14.720759464301928
34.14877205731262 14.706607594643014
34.0802877205732 14.715966075946426
33.84020287720582 14.722659660759454
33.84920202877214 14.717326596607595
