20.54900000000001 15.365600000000015
21.392889999999994 15.508756000000012
21.92572889999997 15.487687560000014
22.318657288999983 15.458176875600001
22.527786572889987 15.453381768756005
22.985877865728895 15.424433817687568
23.241258778657283 15.365544338176878
24.05321258778659 15.278455443381768
24.34633212587788 15.246184554433814
24.5544633212588 15.21696184554434
24.795944633212606 15.19686961845545
25.060559446332146 15.162268696184558
25.382405594463354 15.140322686961845
25.511024055944652 15.120403226869621
25.580710240559473 15.104604032268705
25.798007102405617 15.041246040322692
25.754580071024083 15.000312460403228
25.65154580071026 14.992703124604036
25.354115458007115 15.04982703124604
25.294141154580092 15.038998270312462
25.25934141154583 15.010289982703124
25.38439341411548 14.99710289982703
25.625043934141175 14.958171028998267
25.63885043934144 14.961281710289974
25.78718850439345 14.927412817102905
25.90267188504397 14.947074128171028
26.154626718850476 14.932970741281709
26.179946267188537 14.919629707412819
25.860999462671916 14.92549629707412
25.721009994626744 14.908854962970734
25.879210099946302 14.847088549629712
25.971992100999486 14.779070885496289
26.269319921010023 14.773890708854971
26.511693199210136 14.817438907088551
26.685116931992134 14.75667438907088
26.73245116931996 14.752966743890711
26.539124511693228 14.733129667438902
26.730991245116957 14.713031296674382
26.903909912451187 14.680330312966735
27.11083909912453 14.66180330312966
27.09010839099126 14.642318033031293
27.488901083909894 14.62002318033031
27.652489010839066 14.610100231803306
27.722524890108353 14.58680100231803
27.83722524890105 14.574168010023186
27.84977225248898 14.584541680100237
27.713097722524868 14.537045416801
27.65473097722522 14.539470454168015
27.836547309772207 14.523394704541676
28.03216547309768 14.511233947045412
28.102521654730936 14.48361233947045
28.057625216547276 14.474636123394703
28.14837625216543 14.484246361233932
28.206283762521615 14.448642463612334
28.17266283762518 14.439386424636119
28.309126628376216 14.439793864246358
28.618291266283723 14.403097938642466
28.689782912662807 14.36053097938642
28.701897829126597 14.358505309793863
28.610818978291228 14.35468505309794
28.666908189782884 14.337446850530968
28.8042690818978 14.333674468505302
28.87404269081895 14.324136744685047
29.000140426908164 14.287941367446836
29.024201404269057 14.282279413674459
29.172642014042665 14.26172279413674
29.11712642014041 14.243517227941357
29.23057126420138 14.223235172279404
29.26590571264199 14.225332351722782
29.346059057126414 14.238553323517221
29.43806059057125 14.200085533235168
29.4275806059057 14.19300085533235
29.67827580605904 14.175130008553321
29.749182758060584 14.180251300085523
29.77269182758063 14.148502513000853
29.82992691827582 14.154785025130002
29.841899269182758 14.131147850251294
29.864818992691834 14.12201147850251
29.865048189926924 14.124020114785024
29.81945048189927 14.11424020114784
29.97859450481901 14.113442402011476
29.991585945048204 14.09503442402011
30.0487158594505 14.104750344240204
30.174687158594516 14.062247503442403
30.324146871585963 14.052322475034421
30.017841468715872 14.048523224750348
30.04897841468718 14.072185232247508
30.254489784146894 14.03432185232247
30.50734489784149 13.992943218523221
30.544073448978438 14.002329432185237
30.396240734489812 13.987423294321852
30.360562407344915 13.98957423294322
30.155005624073464 13.989395742329432
30.118750056240753 13.926393957423286
30.27798750056242 14.018863939574226
30.450579875005648 14.025088639395738
30.41810579875008 14.027950886393956
30.48618105798752 13.974579508863942
30.863061810579893 13.919745795088645
30.787030618105817 13.872897457950891
30.80907030618108 13.883228974579508
30.866290703061836 13.901832289745789
30.912462907030637 13.886518322897452
31.118124629070326 13.875165183228983
30.97198124629072 13.868251651832292
31.095919812462913 13.870682516518327
31.222559198124646 13.829506825165186
31.269425591981257 13.82379506825166
31.292694255919823 13.823937950682527
31.20172694255921 13.809639379506837
31.178017269425606 13.799696393795085
31.200580172694274 13.788496963937963
31.189405801726952 13.80418496963938
31.383094058017274 13.789541849696409
31.373630940580185 13.772795418496962
31.350736309405807 13.782827954184988
31.475907363094056 13.758228279541852
31.61395907363093 13.74798228279543
31.774939590736288 13.730779822827962
31.765149395907336 13.736507798228283
31.708051493959065 13.731865077982288
31.650480514939577 13.718218650779825
31.592904805149388 13.7040821865078
31.637929048051486 13.714140821865078
31.638379290480497 13.680241408218658
31.968983792904766 13.655002414082187
31.89248983792901 13.683950024140827
32.17672489837924 13.649539500241415
32.259367248983736 13.659395395002418
32.23739367248978 13.62659395395003
32.30557393672484 13.64216593953951
32.306255739367195 13.615321659395404
31.952862557393637 13.629153216593956
31.949328625573894 13.631391532165946
31.937893286255704 13.625113915321664
32.2683789328625 13.614251139153216
32.29448378932857 13.626042511391535
32.31754483789322 13.606960425113918
31.907375448378904 13.593669604251145
32.08567375448374 13.584836696042517
32.247056737544774 13.575948366960436
32.1688705673754 13.594759483669616
32.2250887056737 13.577147594836704
32.06605088705669 13.553571475948372
31.99606050887053 13.559535714759487
32.21196060508866 13.545595357147606
32.22551960605083 13.555655953571486
32.40805519606046 13.54725655953572
32.30728055196056 13.528372565595367
32.37467280551955 13.521583725655955
32.52354672805516 13.516415837256563
32.6504354672805 13.485664158372572
32.685904354672765 13.495156641583735
32.7204590435467 13.487051566415836
32.834804590435446 13.48157051566416
32.824548045904336 13.459715705156643
32.995445480459054 13.477597157051564
33.15675445480461 13.44667597157052
33.192567544548076 13.428666759715703
33.06752567544548 13.437586667597154
33.07767525675449 13.438375866675976
33.282976752567585 13.431183758666757
33.46742976752572 13.402811837586665
33.378074297675305 13.399028118375865
33.32018074297679 13.415190281183754
33.46780180742984 13.386151902811841
33.503478018074354 13.335961519028112
33.45823478018079 13.346359615190286
33.53758234780187 13.379063596151905
33.549775823478086 13.372590635961515
33.34469775823483 13.346325906359617
33.50224697758242 13.350563259063595
33.640622469775906 13.330705632590634
33.596406224697816 13.314307056325907
33.69856406224706 13.195543070563263
33.802185640622554 13.29485543070564
33.7462218564063 13.318548554307055
33.80266221856414 13.31298548554307
33.63222662218572 13.302929854855432
33.619122266221936 13.279729298548556
33.835591222662295 13.273897292985485
33.99735591222671 13.254338972929856
33.919173559122335 13.264743389729308
33.9981917355913 13.229747433897295
34.101581917355986 13.226697474338975
33.98861581917363 13.22976697474338
34.2040861581918 13.225197669747438
34.01244086158199 13.21325197669748
33.94212440861589 13.22503251976698
33.81602124408623 13.237950325197673
33.757760212440935 13.22487950325198
33.62037760212449 13.199548795032523
33.69880377602132 13.227795487950331
33.90478803776026 13.215777954879506
34.30584788037768 13.282457779548801
33.80825847880385 13.252824577795494
33.96288258478812 13.190628245777956
33.90742882584796 13.192706282457785
33.94107428825857 13.184027062824585
33.90721074288266 13.185340270628249
33.895472107428894 13.18625340270628
34.18035472107435 13.174262534027068
34.29720354721081 13.166942625340281
34.48077203547217 13.153169426253408
34.50540772035479 13.136231694262532
34.47145407720362 13.130262316942623
34.4483145407721 13.13210262316943
34.27708314540778 13.118721026231691
34.423570831454136 13.100987210262318
34.482035708314605 13.11550987210263
34.61942035708321 13.099255098721025
34.68919420357089 13.085492550987217
34.68989194203577 13.102254925509875
34.67849891942041 13.0877225492551
34.86078498919425 13.060677225492547
34.703007849892 13.096706772254933
34.769830078498984 13.073067067722556
34.82749830078504 13.10653067067723
34.7368749830079 13.026965306706778
34.770168749830134 13.078169653067071
34.98710168749834 13.112681696530673
34.82967101687504 13.099226816965313
34.98769671016879 13.096692268169654
35.16027696710171 13.040966922681697
35.24180276967104 13.076809669226812
35.06021802769675 13.091368096692271
35.081202180276996 13.007713680966924
35.13841202180279 13.040977136809676
35.02498412021807 12.996409771368098
35.1606498412022 13.01506409771368
34.97960649841206 13.02155064097714
35.11459606498415 12.974715506409774
35.32114596064985 12.978747155064095
35.4600114596065 12.991387471550636
35.23340011459609 12.976113874715498
35.34513400114598 12.974761138747152
35.28925134001147 12.954247611387473
35.53949251340011 12.942142476113878
35.22279492513403 12.946921424761136
35.37922794925135 12.951669214247612
35.300992279492526 12.971916692142475
35.26600992279495 13.00501916692142
35.277060099227974 12.986750191669215
35.37977060099228 12.97726750191669
35.27819770600995 12.971772675019166
