41.24 13.75
42.38 13.53
42.38 13.63
42.38 13.47
43.52 13.36
43.52 13.35
43.52 13.36
43.52 13.32
43.52 13.51
44.66 13.39
44.66 13.09
43.52 13.55
43.52 13.46
43.52 13.28
44.66 13.54
44.66 13.65
44.66 13.6
43.52 13.6
44.66 13.48
44.66 13.37
44.66 13.54
44.66 13.08
44.66 13.43
45.8 13.69
45.8 13.47
45.8 13.46
45.8 13.35
45.8 13.6
45.8 13.56
45.8 13.32
45.8 13.52
45.8 13.35
45.8 13.37
45.8 13.45
45.8 13.32
45.8 13.45
45.8 13.6
45.8 13.46
45.8 13.43
45.8 13.37
45.8 13.43
46.94 13.52
45.8 13.46
46.94 13.67
45.8 13.47
46.94 13.82
45.8 13.35
46.94 13.41
48.08 13.51
46.94 13.54
46.94 13.47
46.94 13.41
46.94 13.41
46.94 13.39
46.94 13.33
46.94 13.3
46.94 13.7
48.08 13.35
46.94 13.52
46.94 13.31
48.08 13.46
46.94 13.32
46.94 13.38
46.94 13.52
46.94 13.39
46.94 13.52
46.94 13.63
48.08 13.35
48.08 13.43
46.94 13.22
46.94 13.28
46.94 13.45
46.94 13.42
46.94 13.32
46.94 13.12
48.08 13.05
46.94 13.52
46.94 13.22
46.94 13.31
48.08 13.51
48.08 13.25
48.08 13.6
46.94 13.22
48.08 13.44
48.08 13.39
48.08 13.04
48.08 13.51
48.08 13.35
48.08 13.29
48.08 13.19
48.08 13.2
48.08 13.22
48.08 13.19
48.08 13.24
48.08 13.29
48.08 13.48
48.08 13.32
46.94 13.27
48.08 13.21
48.08 13.06
48.08 12.93
49.22 13.17
48.08 13.38
48.08 13.22
48.08 13.25
48.08 13.27
48.08 13.0
48.08 13.29
48.08 13.2
48.08 13.2
48.08 13.36
48.08 13.33
49.22 13.22
48.08 13.12
48.08 13.22
48.08 13.19
49.22 13.3
48.08 13.23
49.22 13.0
48.08 13.43
49.22 13.24
49.22 13.22
48.08 13.33
48.08 13.32
49.22 13.27
49.22 13.03
49.22 13.17
49.22 13.32
48.08 13.14
49.22 13.06
49.22 13.31
49.22 12.99
49.22 13.31
48.08 12.9
49.22 13.28
49.22 12.95
49.22 13.24
49.22 12.98
49.22 13.3
49.22 13.12
49.22 13.07
49.22 13.12
49.22 13.14
49.22 13.13
48.08 13.04
49.22 13.22
48.08 13.23
49.22 13.21
49.22 13.59
49.22 13.29
49.22 13.22
49.22 13.34
50.36 13.19
49.22 13.07
49.22 13.28
49.22 13.38
49.22 13.14
49.22 13.12
49.22 13.38
50.36 13.33
49.22 13.19
49.22 13.23
49.22 13.4
49.22 13.41
49.22 13.11
48.08 13.3
49.22 13.06
50.36 13.14
49.22 13.28
50.36 13.07
50.36 13.05
50.36 13.38
49.22 13.28
49.22 13.15
49.22 13.32
49.22 12.98
49.22 13.08
50.36 13.36
50.36 13.04
49.22 13.02
50.36 13.47
50.36 12.99
50.36 13.21
50.36 12.98
49.22 13.29
49.22 13.17
49.22 13.36
49.22 13.44
50.36 13.15
50.36 13.37
49.22 13.17
50.36 13.1
50.36 13.22
50.36 12.96
50.36 13.36
49.22 13.14
50.36 13.27
49.22 13.07
50.36 13.29
49.22 13.26
49.22 13.28
49.22 13.2
50.36 13.39
49.22 13.29
50.36 13.35
49.22 13.24
50.36 13.16
50.36 13.25
50.36 13.33
50.36 13.49
50.36 13.39
50.36 13.27
49.22 13.27
50.36 13.2
50.36 13.26
50.36 13.23
50.36 13.31
49.22 13.36
50.36 13.32
50.36 13.3
50.36 13.34
50.36 13.17
50.36 13.15
50.36 13.2
50.36 13.36
50.36 13.03
50.36 13.14
50.36 13.07
50.36 13.03
50.36 13.35
50.36 13.11
50.36 13.18
50.36 13.15
50.36 13.15
49.22 13.12
50.36 12.99
50.36 13.31
51.5 13.3
50.36 13.28
51.5 13.41
50.36 13.12
50.36 13.12
50.36 13.04
49.22 13.28
50.36 13.25
50.36 13.12
51.5 13.27
50.36 13.11
50.36 13.28
50.36 13.38
50.36 12.88
50.36 12.87
51.5 13.07
50.36 13.14
51.5 13.04
50.36 13.41
50.36 13.05
51.5 13.17
50.36 13.38
50.36 13.2
50.36 13.13
50.36 13.0
50.36 12.96
51.5 13.03
50.36 13.1
51.5 13.09
50.36 13.03
50.36 13.09
51.5 12.98
51.5 13.0
51.5 12.99
50.36 13.01
51.5 13.13
51.5 13.2
50.36 13.27
50.36 12.88
50.36 13.28
50.36 13.02
51.5 12.99
51.5 13.11
51.5 13.09
51.5 12.9
50.36 13.3
51.5 13.27
51.5 13.22
50.36 13.11
51.5 13.08
51.5 13.08
50.36 12.84
51.5 12.99
50.36 12.93
50.36 13.06
50.36 12.9
51.5 12.93
51.5 12.9
51.5 13.07
51.5 13.2
50.36 12.99
51.5 13.15
51.5 13.22
50.36 12.9
50.36 12.79
51.5 12.98
51.5 13.03
51.5 12.94
51.5 13.06
52.64 12.94
51.5 12.99
51.5 12.93
50.36 12.77
50.36 13.22
51.5 13.1
51.5 12.94
51.5 12.84
50.36 13.09
51.5 12.85
51.5 13.17
51.5 12.96
50.36 13.03
51.5 12.96
51.5 12.91
51.5 12.99
51.5 12.82
51.5 12.82
51.5 13.25
51.5 13.01
51.5 12.87
51.5 13.12
52.64 12.86
51.5 13.02
51.5 12.95
51.5 12.91
51.5 13.04
51.5 12.88
51.5 12.99
51.5 12.82
51.5 12.97
51.5 12.88
51.5 12.95
51.5 12.96
51.5 12.76
51.5 12.9
51.5 13.15
51.5 13.12
51.5 13.08
51.5 13.11
51.5 12.83
51.5 12.75
51.5 12.93
51.5 13.04
51.5 12.91
51.5 12.95
51.5 12.97
51.5 13.03
51.5 12.91
51.5 12.79
51.5 12.83
51.5 12.75
51.5 13.12
51.5 12.96
50.36 12.99
51.5 12.94
51.5 13.0
51.5 12.96
51.5 13.07
51.5 12.99
51.5 12.85
51.5 12.87
51.5 12.79
51.5 12.8
51.5 12.9
51.5 13.02
51.5 13.03
51.5 12.93
51.5 12.92
51.5 12.91
51.5 13.13
51.5 12.77
51.5 13.03
51.5 12.75
51.5 12.93
51.5 12.99
51.5 12.7
51.5 12.71
50.36 12.82
51.5 12.98
51.5 12.84
51.5 12.98
51.5 12.74
51.5 13.07
51.5 12.82
52.64 12.67
52.64 12.85
51.5 12.99
51.5 12.81
52.64 12.88
51.5 12.87
51.5 12.86
52.64 13.03
52.64 12.72
51.5 12.7
51.5 12.98
51.5 12.9
51.5 12.74
52.64 12.85
52.64 12.79
52.64 12.9
51.5 13.02
52.64 12.96
51.5 12.72
51.5 12.95
51.5 12.76
52.64 13.12
52.64 12.82
52.64 13.19
51.5 12.77
51.5 12.85
52.64 13.1
52.64 12.86
52.64 13.03
52.64 12.74
51.5 12.89
52.64 13.09
51.5 12.96
51.5 12.85
52.64 12.92
51.5 12.91
52.64 12.96
51.5 12.93
51.5 13.2
52.64 12.95
51.5 12.83
52.64 12.87
52.64 12.85
51.5 12.96
52.64 13.08
52.64 13.16
51.5 12.78
51.5 12.94
51.5 12.99
51.5 12.93
52.64 12.86
52.64 13.21
52.64 13.07
51.5 12.88
51.5 13.04
52.64 12.88
52.64 12.85
52.64 12.91
51.5 12.95
52.64 13.01
52.64 12.93
52.64 13.05
52.64 12.88
51.5 12.83
52.64 12.88
52.64 12.96
51.5 12.73
52.64 12.98
51.5 12.94
52.64 12.98
52.64 12.91
52.64 12.75
51.5 12.88
52.64 12.93
52.64 13.04
51.5 12.73
52.64 13.03
51.5 13.1
52.64 13.04
52.64 12.96
52.64 12.89
52.64 12.85
52.64 12.98
51.5 12.83
52.64 13.1
52.64 12.95
52.64 12.73
52.64 13.03
52.64 12.82
52.64 12.85
52.64 12.88
52.64 12.83
52.64 13.12
52.64 12.93
52.64 13.11
52.64 13.11
52.64 12.94
52.64 12.98
52.64 12.82
52.64 13.07
52.64 12.95
52.64 12.93
52.64 13.12
52.64 12.84
51.5 12.91
52.64 12.95
51.5 13.08
52.64 12.73
52.64 12.87
52.64 13.05
52.64 12.89
52.64 12.94
52.64 12.91
52.64 13.08
52.64 12.88
51.5 13.08
52.64 12.91
52.64 12.83
52.64 12.79
52.64 12.98
52.64 13.02
52.64 12.83
52.64 13.18
52.64 12.83
52.64 12.96
52.64 12.85
52.64 12.99
52.64 13.09
52.64 12.91
52.64 12.96
52.64 13.2
52.64 12.87
52.64 13.07
52.64 12.85
52.64 12.95
52.64 12.87
52.64 12.83
51.5 12.95
52.64 12.8
53.78 12.96
53.78 12.93
52.64 12.9
52.64 13.12
52.64 12.98
52.64 12.82
52.64 13.13
52.64 12.96
52.64 12.84
52.64 13.09
52.64 13.22
52.64 12.93
52.64 13.03
52.64 12.94
52.64 13.09
53.78 12.77
52.64 13.0
52.64 12.98
52.64 13.06
52.64 12.77
52.64 12.9
52.64 13.1
52.64 12.83
52.64 12.79
52.64 12.94
52.64 13.09
52.64 12.9
52.64 13.08
53.78 12.72
52.64 12.96
52.64 12.9
53.78 13.05
52.64 12.88
52.64 12.85
52.64 12.88
53.78 12.95
52.64 12.95
52.64 13.01
52.64 12.91
52.64 12.99
52.64 13.05
52.64 13.01
52.64 12.93
52.64 12.63
53.78 13.07
53.78 13.0
52.64 12.93
52.64 13.07
53.78 12.91
53.78 12.98
52.64 12.95
52.64 12.88
52.64 12.94
52.64 12.97
52.64 12.96
52.64 13.07
53.78 12.9
52.64 12.86
53.78 13.09
52.64 12.98
53.78 13.14
52.64 12.89
53.78 12.91
53.78 12.89
52.64 12.96
52.64 12.83
52.64 13.01
53.78 13.06
53.78 13.07
52.64 12.63
52.64 12.88
53.78 13.1
52.64 12.86
52.64 12.9
53.78 13.19
53.78 13.04
52.64 12.84
52.64 12.98
52.64 12.91
52.64 12.94
53.78 12.88
53.78 12.92
53.78 13.01
52.64 13.03
53.78 12.99
52.64 12.98
53.78 12.97
53.78 13.01
53.78 13.11
53.78 12.79
52.64 12.93
53.78 12.88
53.78 13.03
53.78 12.93
52.64 12.95
53.78 12.98
53.78 13.01
53.78 12.87
52.64 12.9
52.64 12.79
53.78 12.73
53.78 12.99
52.64 13.06
52.64 13.07
53.78 12.85
53.78 12.98
52.64 12.8
52.64 12.95
53.78 13.06
52.64 12.91
52.64 12.83
53.78 12.93
52.64 12.93
52.64 13.14
53.78 13.06
52.64 13.15
53.78 13.04
52.64 12.75
53.78 12.92
52.64 12.91
53.78 12.88
54.92 13.04
53.78 12.99
53.78 12.84
52.64 12.99
53.78 12.96
52.64 12.91
52.64 13.0
52.64 12.91
53.78 13.0
52.64 12.95
53.78 13.08
52.64 12.91
53.78 12.91
52.64 12.92
52.64 12.84
53.78 12.9
52.64 12.95
53.78 12.99
53.78 13.0
53.78 12.91
53.78 13.11
53.78 13.18
53.78 13.05
53.78 12.99
53.78 12.72
53.78 13.3
53.78 12.93
53.78 13.13
53.78 12.95
53.78 12.84
53.78 12.96
53.78 12.92
52.64 12.93
52.64 12.88
53.78 12.84
52.64 13.06
53.78 12.85
53.78 12.83
53.78 12.99
53.78 13.15
53.78 12.95
53.78 12.76
53.78 12.8
52.64 13.11
53.78 13.0
53.78 12.93
53.78 12.97
53.78 12.8
53.78 12.95
53.78 12.9
53.78 12.94
53.78 13.03
53.78 12.87
53.78 13.03
53.78 12.86
53.78 12.84
53.78 12.83
53.78 13.04
53.78 12.88
53.78 12.96
53.78 12.98
53.78 13.12
53.78 12.84
53.78 13.15
53.78 12.74
53.78 12.83
53.78 13.07
53.78 12.73
53.78 13.06
53.78 13.02
53.78 12.83
53.78 12.87
53.78 12.93
53.78 12.95
53.78 12.87
53.78 12.99
53.78 13.03
53.78 12.97
53.78 12.87
53.78 13.04
54.92 12.92
53.78 13.07
53.78 13.17
53.78 13.17
53.78 12.96
53.78 13.17
53.78 12.92
53.78 13.0
53.78 13.1
53.78 13.02
53.78 12.98
53.78 12.96
53.78 13.11
53.78 13.31
54.92 13.15
53.78 13.06
53.78 12.85
53.78 12.9
53.78 13.04
54.92 12.73
53.78 13.01
54.92 12.96
53.78 12.92
53.78 12.95
53.78 12.9
53.78 12.9
53.78 12.88
53.78 13.03
53.78 12.99
53.78 12.98
54.92 13.13
53.78 12.95
53.78 12.71
53.78 12.98
53.78 13.02
53.78 12.95
53.78 13.01
53.78 13.03
53.78 13.04
54.92 13.03
53.78 12.95
53.78 13.09
53.78 12.72
54.92 12.8
53.78 13.01
53.78 12.77
53.78 12.9
53.78 13.13
53.78 12.98
53.78 12.88
53.78 12.8
53.78 13.0
53.78 13.01
54.92 13.03
54.92 12.82
53.78 12.91
53.78 13.01
53.78 12.72
53.78 12.87
54.92 12.87
53.78 13.19
53.78 12.91
53.78 13.11
53.78 12.9
54.92 13.01
53.78 13.09
53.78 12.74
53.78 12.96
54.92 12.92
54.92 13.03
54.92 12.96
54.92 12.85
53.78 13.01
53.78 12.96
53.78 13.14
53.78 13.02
54.92 12.87
54.92 12.89
53.78 12.85
54.92 13.0
53.78 12.85
54.92 13.07
53.78 12.91
53.78 12.87
54.92 13.07
53.78 12.89
53.78 12.92
53.78 12.97
54.92 12.83
54.92 12.94
54.92 12.99
53.78 12.7
54.92 12.84
53.78 13.14
54.92 12.71
53.78 12.99
54.92 12.9
54.92 13.01
53.78 13.08
54.92 12.86
53.78 12.99
54.92 13.03
54.92 13.04
54.92 12.99
53.78 12.81
54.92 13.13
54.92 12.98
54.92 12.76
54.92 12.99
54.92 12.85
53.78 13.17
54.92 12.79
54.92 12.91
53.78 13.04
54.92 13.03
54.92 13.01
54.92 12.99
53.78 12.98
54.92 12.84
54.92 13.04
53.78 13.07
54.92 13.06
53.78 12.71
54.92 12.68
53.78 12.93
54.92 13.05
53.78 13.05
53.78 12.91
54.92 12.8
54.92 13.09
54.92 12.89
54.92 13.09
54.92 12.83
54.92 13.12
53.78 12.98
54.92 13.06
53.78 12.61
54.92 12.59
54.92 12.92
54.92 12.9
54.92 12.74
54.92 12.71
53.78 12.79
54.92 12.72
54.92 12.9
53.78 12.98
54.92 12.72
54.92 12.88
54.92 12.93
54.92 12.99
53.78 12.98
54.92 12.85
56.06 12.91
54.92 12.76
53.78 13.05
54.92 13.01
54.92 12.79
54.92 12.88
54.92 12.98
54.92 13.14
54.92 12.91
54.92 12.7
54.92 12.82
54.92 12.89
54.92 12.88
54.92 13.07
54.92 13.19
54.92 12.87
54.92 13.03
54.92 13.12
54.92 12.94
53.78 13.15
54.92 12.99
53.78 12.96
54.92 12.81
54.92 12.89
54.92 12.8
54.92 13.06
53.78 13.19
54.92 13.0
54.92 12.8
53.78 12.93
54.92 13.06
54.92 12.96
53.78 12.96
54.92 12.99
54.92 12.9
54.92 12.81
54.92 13.06
54.92 12.97
54.92 12.9
54.92 13.2
54.92 12.8
54.92 13.09
53.78 12.89
54.92 12.86
54.92 12.86
54.92 12.8
54.92 12.93
54.92 13.03
54.92 12.9
53.78 12.75
54.92 12.77
54.92 12.77
54.92 12.87
54.92 12.9
54.92 13.13
54.92 13.01
54.92 12.8
54.92 12.95
54.92 12.85
54.92 12.93
54.92 12.6
53.78 13.04
53.78 13.08
54.92 13.16
54.92 12.87
54.92 12.87
53.78 12.93
54.92 12.83
53.78 12.77
54.92 12.99
54.92 12.88
54.92 12.89
54.92 12.9
54.92 12.82
54.92 12.87
54.92 12.93
54.92 12.94
54.92 12.96
54.92 13.01
54.92 12.96
54.92 12.96
54.92 12.99
54.92 12.91
54.92 12.73
54.92 12.95
54.92 13.05
54.92 12.88
54.92 12.73
54.92 12.99
54.92 12.93
54.92 12.86
54.92 12.94
54.92 12.88
54.92 12.91
54.92 13.1
54.92 13.02
56.06 12.78
54.92 13.0
54.92 12.96
53.78 13.07
54.92 12.92
54.92 13.01
56.06 12.91
54.92 12.99
54.92 12.81
54.92 12.82
54.92 12.9
54.92 13.04
54.92 12.82
54.92 13.2
54.92 13.01
54.92 12.99
54.92 12.83
56.06 13.0
54.92 12.99
54.92 13.01
54.92 12.91
54.92 12.95
54.92 12.83
54.92 13.02
54.92 12.82
54.92 12.9
54.92 12.77
56.06 12.77
56.06 12.79
54.92 12.91
53.78 12.82
54.92 12.98
54.92 12.81
54.92 12.85
56.06 12.91
54.92 12.8
56.06 13.03
54.92 12.79
56.06 12.81
54.92 13.12
54.92 12.87
54.92 13.08
54.92 12.77
54.92 12.87
54.92 12.87
53.78 13.05
54.92 12.81
54.92 12.6
54.92 13.03
54.92 12.87
54.92 13.23
54.92 12.88
56.06 12.92
54.92 12.61
54.92 13.11
54.92 12.94
54.92 12.96
54.92 13.12
54.92 12.8
54.92 12.78
54.92 12.93
56.06 13.07
54.92 12.76
54.92 12.82
56.06 13.02
54.92 12.76
56.06 12.96
56.06 13.14
54.92 13.13
56.06 12.91
54.92 12.91
56.06 12.91
54.92 12.7
56.06 12.81
56.06 13.0
54.92 12.85
54.92 12.77
54.92 12.93
56.06 13.09
54.92 12.88
54.92 12.78
54.92 13.0
56.06 13.17
54.92 13.0
56.06 12.87
54.92 12.75
54.92 12.82
56.06 13.15
54.92 12.95
56.06 13.02
54.92 12.77
54.92 13.16
54.92 13.09
54.92 12.88
54.92 12.86
54.92 13.11
54.92 12.77
56.06 12.93
56.06 12.85
54.92 13.2
56.06 12.98
56.06 12.85
56.06 12.96
54.92 12.88
56.06 13.14
54.92 13.04
54.92 12.93
56.06 13.14
54.92 13.06
56.06 12.91
54.92 13.05
56.06 13.04
54.92 12.77
54.92 12.7
56.06 12.88
54.92 13.03
56.06 12.92
56.06 13.03
54.92 12.98
56.06 12.9
56.06 13.07
56.06 13.02
56.06 13.05
54.92 12.93
56.06 13.01
56.06 12.87
56.06 12.91
56.06 13.03
56.06 12.94
56.06 13.07
56.06 12.83
56.06 13.22
54.92 12.77
56.06 12.77
54.92 13.09
54.92 12.91
56.06 13.06
56.06 12.9
56.06 12.89
54.92 13.07
56.06 13.11
56.06 13.19
54.92 13.01
56.06 13.35
54.92 12.9
56.06 13.15
54.92 12.94
57.2 13.08
56.06 12.93
56.06 12.82
54.92 12.98
56.06 12.91
54.92 13.13
54.92 12.85
56.06 12.83
56.06 12.8
56.06 13.15
54.92 12.99
56.06 12.93
56.06 12.94
56.06 12.88
54.92 12.9
56.06 12.85
56.06 13.01
56.06 13.11
56.06 13.07
56.06 12.93
56.06 12.9
56.06 12.83
56.06 12.94
56.06 13.0
56.06 13.27
56.06 12.72
56.06 12.89
56.06 13.03
56.06 12.98
56.06 13.14
54.92 12.95
56.06 13.11
56.06 12.94
56.06 13.04
56.06 13.11
56.06 12.95
56.06 12.86
56.06 12.86
54.92 12.85
54.92 12.88
54.92 13.06
56.06 12.86
56.06 13.01
56.06 12.93
54.92 12.72
56.06 12.94
56.06 13.07
56.06 12.72
54.92 13.1
54.92 12.88
56.06 12.8
56.06 12.95
56.06 13.17
56.06 12.82
56.06 13.14
56.06 12.79
56.06 13.04
54.92 13.04
54.92 12.86
56.06 12.86
56.06 12.79
56.06 13.12
56.06 13.08
56.06 13.11
54.92 12.93
56.06 12.84
56.06 13.09
56.06 13.06
54.92 12.92
56.06 12.75
56.06 12.86
56.06 12.9
56.06 13.09
54.92 12.96
56.06 13.0
54.92 12.89
56.06 13.11
54.92 12.96
56.06 13.15
56.06 12.82
56.06 13.0
56.06 12.93
56.06 12.8
56.06 13.15
56.06 12.95
54.92 12.91
56.06 13.04
56.06 13.12
56.06 13.0
56.06 13.15
56.06 13.1
56.06 12.78
56.06 12.93
56.06 12.99
54.92 13.04
56.06 13.14
56.06 12.66
56.06 12.77
56.06 13.08
56.06 12.84
56.06 13.12
56.06 13.03
56.06 13.04
56.06 13.17
56.06 12.97
56.06 12.83
56.06 13.03
56.06 13.2
56.06 12.89
56.06 12.92
56.06 12.91
56.06 12.91
56.06 12.98
56.06 12.9
56.06 12.91
56.06 12.84
56.06 12.92
56.06 12.88
56.06 13.0
56.06 12.96
56.06 12.85
56.06 13.22
56.06 13.16
56.06 12.95
56.06 12.82
56.06 12.96
56.06 12.98
56.06 12.87
56.06 13.11
56.06 13.04
56.06 12.9
56.06 12.8
56.06 12.8
56.06 12.84
56.06 12.89
56.06 13.04
56.06 12.87
56.06 13.08
56.06 12.99
56.06 12.69
57.2 13.05
56.06 13.05
56.06 12.75
56.06 12.97
57.2 12.91
56.06 13.0
56.06 12.93
56.06 12.92
56.06 12.96
56.06 13.09
56.06 13.0
56.06 12.9
57.2 12.93
56.06 12.91
57.2 12.86
56.06 13.06
56.06 12.99
56.06 12.95
56.06 13.12
56.06 13.03
56.06 12.88
56.06 12.99
56.06 13.1
56.06 13.04
56.06 12.92
56.06 12.95
57.2 12.92
56.06 12.74
56.06 12.8
56.06 13.02
56.06 13.05
56.06 12.8
56.06 13.08
56.06 12.93
57.2 12.95
56.06 13.22
56.06 12.9
57.2 12.74
56.06 13.07
56.06 13.15
57.2 12.85
56.06 12.93
57.2 13.09
56.06 13.04
56.06 13.05
57.2 12.9
57.2 12.84
56.06 12.88
56.06 13.02
57.2 12.85
56.06 12.93
56.06 12.95
56.06 13.11
56.06 12.91
56.06 12.97
56.06 12.88
56.06 13.07
56.06 12.97
56.06 12.74
56.06 12.91
56.06 13.04
56.06 13.07
56.06 12.87
56.06 12.67
54.92 12.91
56.06 12.95
56.06 12.77
56.06 12.76
56.06 12.82
56.06 12.8
56.06 12.9
56.06 13.02
56.06 12.83
56.06 12.87
56.06 12.74
57.2 12.99
56.06 12.94
56.06 12.84
56.06 12.67
57.2 12.94
56.06 13.02
57.2 13.04
57.2 12.87
57.2 12.79
56.06 13.12
56.06 12.77
57.2 12.82
56.06 12.97
57.2 13.04
56.06 12.86
56.06 12.77
57.2 12.68
56.06 12.74
56.06 13.01
57.2 12.69
56.06 12.69
56.06 12.94
56.06 13.02
57.2 12.83
56.06 12.81
56.06 12.88
56.06 13.18
56.06 12.98
56.06 12.76
56.06 12.79
56.06 12.99
56.06 12.78
56.06 12.87
56.06 12.64
56.06 12.79
56.06 12.98
56.06 12.86
57.2 12.97
57.2 13.16
56.06 12.84
56.06 12.93
56.06 12.79
57.2 12.83
56.06 12.85
56.06 12.71
56.06 12.9
57.2 12.67
56.06 12.85
56.06 12.91
56.06 13.15
56.06 12.6
57.2 13.2
56.06 12.94
56.06 13.02
56.06 12.77
57.2 12.94
56.06 12.88
56.06 12.67
56.06 12.91
56.06 13.19
57.2 12.66
57.2 12.91
56.06 13.04
56.06 12.94
56.06 12.86
56.06 12.85
56.06 12.85
56.06 12.82
57.2 12.9
57.2 12.94
56.06 12.93
56.06 13.12
57.2 12.85
57.2 13.09
57.2 12.92
57.2 12.75
57.2 12.79
56.06 12.97
56.06 12.92
56.06 12.85
57.2 12.95
57.2 12.88
56.06 12.95
57.2 12.83
57.2 12.9
57.2 12.78
57.2 13.09
56.06 12.8
57.2 12.81
56.06 12.99
57.2 12.99
56.06 12.82
57.2 13.03
57.2 12.92
57.2 12.91
57.2 12.93
56.06 12.56
57.2 12.85
56.06 12.85
56.06 12.78
57.2 12.8
57.2 12.72
57.2 13.09
57.2 13.07
57.2 12.76
56.06 12.75
57.2 12.74
57.2 12.86
56.06 12.76
57.2 12.75
56.06 12.88
56.06 12.77
56.06 12.88
56.06 13.11
56.06 12.91
57.2 12.85
57.2 12.78
57.2 12.99
56.06 12.83
57.2 12.91
56.06 12.71
57.2 12.93
57.2 12.98
56.06 12.67
56.06 12.51
56.06 12.66
57.2 12.97
57.2 12.87
56.06 12.51
56.06 13.03
56.06 12.82
57.2 12.82
56.06 12.95
56.06 12.75
57.2 12.97
57.2 12.88
56.06 12.8
57.2 12.71
56.06 12.63
57.2 12.66
56.06 12.95
57.2 12.61
56.06 12.74
56.06 12.61
56.06 12.79
57.2 12.69
56.06 12.59
56.06 12.63
57.2 12.78
57.2 12.66
57.2 12.71
57.2 12.88
57.2 12.9
57.2 12.69
57.2 12.87
56.06 12.71
56.06 12.75
57.2 12.71
57.2 12.69
57.2 12.64
57.2 12.76
57.2 12.95
57.2 12.85
57.2 12.82
57.2 12.8
57.2 12.85
56.06 12.75
57.2 12.72
56.06 12.78
56.06 12.93
57.2 12.73
57.2 13.08
57.2 12.65
57.2 12.64
57.2 12.93
57.2 12.54
58.34 12.9
56.06 12.78
57.2 12.8
57.2 12.59
57.2 12.69
57.2 12.93
57.2 12.87
57.2 12.59
57.2 12.64
57.2 12.74
57.2 12.75
57.2 12.59
57.2 12.49
57.2 12.85
57.2 12.66
57.2 12.49
57.2 12.7
57.2 12.75
57.2 12.75
57.2 12.55
56.06 12.6
57.2 13.16
56.06 12.87
57.2 12.94
57.2 12.68
57.2 12.67
58.34 12.77
57.2 12.83
57.2 12.65
57.2 12.83
57.2 12.79
57.2 12.95
57.2 12.82
57.2 12.46
57.2 12.78
57.2 12.68
57.2 12.64
57.2 12.77
57.2 12.69
56.06 12.65
57.2 12.75
57.2 12.77
57.2 12.51
57.2 12.66
57.2 12.67
56.06 12.89
57.2 12.71
58.34 12.72
57.2 12.61
57.2 12.57
57.2 13.0
57.2 12.9
57.2 12.76
57.2 12.61
57.2 12.39
57.2 12.82
56.06 12.74
57.2 12.56
57.2 12.69
56.06 12.73
57.2 12.63
57.2 12.7
57.2 12.86
57.2 12.77
57.2 12.61
57.2 12.61
57.2 12.64
57.2 12.66
57.2 12.54
57.2 12.77
56.06 12.82
57.2 12.82
57.2 12.53
57.2 12.5
56.06 12.55
57.2 12.65
57.2 12.88
57.2 12.51
57.2 12.59
57.2 12.82
57.2 12.77
57.2 12.82
57.2 12.82
57.2 12.74
57.2 12.48
57.2 12.69
57.2 12.67
57.2 12.71
58.34 12.61
57.2 12.75
57.2 12.75
57.2 12.75
57.2 12.64
57.2 12.67
57.2 12.93
57.2 12.86
57.2 12.6
57.2 12.55
57.2 12.5
57.2 12.72
57.2 12.56
58.34 12.71
57.2 12.75
57.2 12.61
57.2 12.57
57.2 12.95
57.2 12.66
57.2 12.72
57.2 12.49
57.2 12.72
57.2 12.57
57.2 12.6
57.2 12.5
57.2 12.64
57.2 12.75
57.2 12.68
57.2 12.55
57.2 12.69
57.2 12.6
57.2 12.64
57.2 12.8
57.2 12.52
56.06 12.51
58.34 12.69
57.2 12.92
57.2 12.63
57.2 12.56
57.2 12.53
57.2 12.55
57.2 12.63
57.2 12.64
57.2 12.69
58.34 12.96
57.2 12.63
57.2 12.98
57.2 12.5
57.2 12.66
57.2 12.6
57.2 12.85
57.2 12.95
57.2 12.95
57.2 12.88
57.2 12.51
57.2 12.6
57.2 12.67
57.2 12.54
56.06 12.72
57.2 12.63
57.2 12.76
57.2 12.56
57.2 12.8
57.2 12.67
57.2 12.51
57.2 12.68
57.2 12.7
57.2 12.69
57.2 12.56
57.2 12.87
57.2 12.71
57.2 12.74
57.2 12.51
57.2 12.73
57.2 12.69
57.2 12.48
57.2 12.69
57.2 12.53
57.2 12.79
57.2 12.68
57.2 12.54
57.2 12.66
57.2 12.59
57.2 12.71
57.2 12.67
57.2 12.63
58.34 12.74
57.2 12.82
57.2 12.75
57.2 12.72
57.2 12.76
57.2 12.48
58.34 12.88
57.2 12.63
57.2 12.79
57.2 12.49
57.2 12.48
58.34 12.75
57.2 12.77
57.2 12.51
57.2 12.67
58.34 12.72
57.2 12.67
58.34 12.77
57.2 12.85
57.2 12.56
57.2 12.93
57.2 12.34
57.2 12.6
57.2 12.61
57.2 12.67
57.2 12.53
57.2 12.71
57.2 12.48
57.2 12.8
57.2 12.53
58.34 12.76
57.2 12.82
57.2 12.82
57.2 12.68
58.34 12.71
57.2 12.76
58.34 12.7
57.2 12.68
57.2 12.81
57.2 12.6
57.2 12.74
58.34 12.76
57.2 12.79
57.2 12.64
57.2 12.68
57.2 12.59
57.2 12.68
57.2 12.82
58.34 12.79
57.2 12.56
57.2 12.78
57.2 12.74
57.2 12.85
57.2 12.8
57.2 12.68
57.2 12.7
58.34 12.57
57.2 12.63
57.2 12.69
57.2 12.47
57.2 12.77
57.2 12.52
58.34 12.92
58.34 12.93
58.34 12.45
58.34 12.83
57.2 12.58
58.34 12.55
58.34 12.63
57.2 12.56
57.2 12.75
57.2 12.81
57.2 12.62
58.34 12.81
57.2 12.61
57.2 12.43
57.2 12.61
57.2 12.79
57.2 12.78
57.2 12.61
57.2 12.75
57.2 12.7
58.34 12.69
57.2 12.66
57.2 12.67
58.34 12.83
57.2 12.69
58.34 12.52
58.34 12.56
57.2 12.62
57.2 12.87
58.34 12.56
58.34 12.63
57.2 12.72
57.2 12.65
57.2 12.58
57.2 12.69
57.2 12.59
57.2 12.55
58.34 12.69
57.2 12.47
58.34 12.69
58.34 12.81
58.34 12.83
58.34 12.81
58.34 12.68
57.2 12.66
58.34 12.59
57.2 12.76
57.2 12.61
57.2 12.6
58.34 12.66
57.2 12.47
58.34 12.63
57.2 12.59
58.34 12.49
57.2 12.59
57.2 12.8
58.34 12.79
57.2 12.71
57.2 12.66
58.34 12.87
57.2 12.78
58.34 12.66
58.34 12.96
58.34 12.83
57.2 12.85
58.34 12.69
57.2 12.58
58.34 12.74
58.34 12.57
58.34 12.44
57.2 12.85
58.34 12.83
57.2 12.88
57.2 12.59
58.34 12.62
57.2 12.69
58.34 12.77
57.2 12.69
57.2 12.8
58.34 12.56
57.2 12.88
58.34 12.51
57.2 12.78
58.34 12.7
57.2 12.63
57.2 12.72
58.34 12.67
58.34 12.66
57.2 12.74
57.2 12.57
57.2 12.48
57.2 12.77
57.2 12.67
57.2 12.62
57.2 12.63
58.34 12.69
57.2 12.69
57.2 12.75
57.2 12.72
57.2 12.85
57.2 12.72
57.2 12.78
58.34 12.69
57.2 12.67
57.2 12.69
58.34 12.65
58.34 12.82
58.34 12.69
58.34 12.75
58.34 12.73
58.34 12.61
58.34 12.58
58.34 12.72
58.34 12.57
58.34 12.45
57.2 12.72
58.34 12.82
57.2 12.79
58.34 12.56
58.34 12.75
58.34 12.66
57.2 12.65
58.34 12.85
58.34 12.53
57.2 12.87
58.34 12.73
58.34 12.64
57.2 12.69
58.34 12.68
58.34 12.86
57.2 12.8
58.34 12.87
58.34 12.74
58.34 12.51
57.2 12.8
58.34 12.82
58.34 12.61
57.2 12.51
57.2 12.82
57.2 12.74
58.34 12.61
58.34 12.75
58.34 12.65
58.34 12.67
58.34 12.69
58.34 12.72
57.2 12.49
58.34 12.8
57.2 12.83
58.34 13.02
58.34 12.62
57.2 12.56
58.34 12.71
58.34 12.63
58.34 12.72
58.34 12.95
58.34 12.67
58.34 12.86
58.34 12.47
58.34 12.75
57.2 12.76
58.34 12.67
58.34 12.79
58.34 12.88
58.34 12.55
58.34 12.7
58.34 12.64
58.34 12.87
58.34 12.83
58.34 12.75
58.34 12.67
58.34 12.61
58.34 12.85
58.34 12.68
58.34 12.8
58.34 12.73
58.34 12.55
57.2 12.87
57.2 12.67
59.48 12.55
58.34 12.82
58.34 12.51
58.34 12.71
57.2 12.69
58.34 12.6
57.2 12.6
57.2 12.79
58.34 12.75
58.34 12.65
58.34 12.77
58.34 12.65
58.34 12.71
57.2 12.86
58.34 12.52
58.34 12.66
58.34 12.91
58.34 12.61
58.34 12.67
58.34 12.99
59.48 13.03
58.34 12.96
58.34 12.64
58.34 12.74
57.2 12.83
58.34 12.8
58.34 12.85
58.34 13.0
58.34 12.84
57.2 12.69
58.34 12.85
58.34 12.76
58.34 12.83
57.2 12.89
58.34 12.66
57.2 12.69
58.34 12.94
57.2 12.78
58.34 12.89
58.34 12.64
58.34 12.55
57.2 12.69
58.34 12.61
58.34 12.58
58.34 12.88
58.34 12.8
58.34 12.71
58.34 12.84
58.34 12.61
58.34 12.56
57.2 12.78
57.2 12.61
57.2 12.83
58.34 12.79
58.34 12.76
58.34 12.76
58.34 12.56
58.34 12.48
58.34 12.86
57.2 12.59
58.34 13.04
58.34 12.67
58.34 12.81
58.34 12.89
58.34 12.71
58.34 12.88
58.34 12.86
58.34 12.54
57.2 12.75
59.48 12.83
58.34 12.53
58.34 12.52
58.34 12.74
58.34 12.7
57.2 12.69
58.34 12.88
58.34 12.82
58.34 12.84
58.34 12.81
57.2 12.87
58.34 12.64
58.34 12.72
58.34 12.72
58.34 12.74
58.34 12.76
58.34 12.65
58.34 12.63
58.34 12.5
58.34 12.71
58.34 12.64
58.34 12.6
59.48 12.79
59.48 12.97
58.34 12.61
58.34 12.56
57.2 12.84
58.34 12.46
57.2 12.61
58.34 12.63
58.34 12.9
58.34 12.58
58.34 12.69
58.34 12.65
58.34 13.0
58.34 12.71
58.34 12.77
58.34 12.88
58.34 12.69
58.34 12.95
58.34 12.64
59.48 12.67
58.34 12.69
58.34 12.63
58.34 12.42
58.34 12.45
58.34 12.64
59.48 12.73
58.34 12.72
58.34 12.88
58.34 12.71
58.34 12.68
59.48 12.61
58.34 12.72
58.34 12.82
58.34 12.63
58.34 12.83
58.34 12.66
58.34 12.79
58.34 12.8
59.48 12.79
58.34 12.64
58.34 12.83
58.34 12.72
58.34 12.82
59.48 12.79
58.34 12.43
59.48 12.69
58.34 12.79
58.34 12.63
58.34 12.71
58.34 12.85
57.2 12.7
58.34 12.75
59.48 12.51
58.34 12.71
58.34 12.87
58.34 12.74
58.34 12.42
58.34 12.66
58.34 12.67
58.34 12.8
58.34 12.77
58.34 12.84
58.34 12.58
58.34 12.65
58.34 12.91
58.34 12.65
58.34 12.82
58.34 12.52
58.34 12.74
58.34 12.66
58.34 12.65
58.34 12.65
59.48 12.85
58.34 12.74
58.34 12.66
58.34 12.74
58.34 12.64
58.34 12.63
58.34 12.8
58.34 12.8
58.34 12.75
59.48 12.85
58.34 12.72
59.48 12.83
58.34 12.96
58.34 12.67
58.34 12.75
59.48 12.47
59.48 12.61
58.34 12.51
58.34 12.95
58.34 12.66
58.34 12.79
59.48 12.58
59.48 12.64
58.34 12.75
59.48 12.85
58.34 12.83
57.2 12.75
58.34 12.5
58.34 12.81
58.34 12.79
58.34 12.77
57.2 12.59
58.34 12.95
59.48 12.83
58.34 12.77
58.34 12.72
58.34 12.59
58.34 12.8
58.34 12.85
58.34 12.85
58.34 12.99
58.34 12.69
59.48 12.61
59.48 12.79
58.34 12.54
58.34 12.57
58.34 12.79
58.34 12.61
58.34 12.69
58.34 12.83
58.34 12.63
58.34 12.52
58.34 12.77
58.34 12.61
59.48 12.71
58.34 12.62
58.34 12.68
58.34 12.96
58.34 12.72
58.34 12.63
58.34 12.8
58.34 12.59
58.34 12.87
58.34 12.66
59.48 12.55
58.34 12.71
58.34 12.75
58.34 12.9
58.34 12.69
59.48 13.02
58.34 12.69
58.34 12.71
58.34 12.74
58.34 12.81
59.48 12.59
58.34 13.0
58.34 12.48
58.34 12.67
59.48 12.63
58.34 12.71
58.34 12.69
58.34 12.74
59.48 12.72
59.48 12.66
59.48 12.63
58.34 12.64
58.34 12.75
58.34 12.71
58.34 12.61
58.34 12.71
58.34 12.52
59.48 12.58
59.48 12.72
58.34 12.66
58.34 12.49
59.48 12.74
59.48 12.71
58.34 12.59
58.34 12.48
58.34 12.78
59.48 12.74
58.34 12.91
59.48 12.51
59.48 12.49
58.34 12.45
59.48 12.82
58.34 12.51
58.34 12.52
58.34 12.51
58.34 12.64
59.48 12.55
59.48 12.63
58.34 12.69
59.48 12.59
58.34 12.61
58.34 12.71
58.34 12.74
59.48 12.5
58.34 12.64
58.34 12.85
58.34 12.88
59.48 12.77
58.34 12.55
58.34 12.62
58.34 12.65
59.48 12.72
59.48 12.71
59.48 12.63
58.34 12.6
59.48 12.8
59.48 12.71
59.48 12.85
58.34 12.69
59.48 12.76
58.34 12.83
59.48 12.69
59.48 12.64
59.48 12.59
58.34 12.78
59.48 12.64
59.48 12.71
58.34 12.82
58.34 12.61
58.34 12.58
58.34 12.75
59.48 12.66
58.34 12.55
59.48 12.56
59.48 12.59
59.48 12.78
58.34 12.66
58.34 12.64
58.34 12.34
59.48 12.71
58.34 12.74
58.34 12.63
58.34 12.75
58.34 12.59
59.48 12.83
59.48 12.5
59.48 12.67
59.48 12.58
58.34 12.63
59.48 12.63
58.34 12.62
59.48 12.54
59.48 12.42
58.34 12.69
59.48 12.61
58.34 12.55
59.48 12.73
59.48 12.72
58.34 12.64
58.34 12.89
59.48 12.61
58.34 12.81
59.48 12.6
58.34 12.58
59.48 12.72
59.48 12.51
58.34 12.69
59.48 12.74
59.48 12.77
58.34 12.68
59.48 12.77
59.48 12.55
59.48 12.72
59.48 12.69
59.48 12.52
59.48 12.51
58.34 12.6
58.34 12.61
59.48 12.56
59.48 12.86
59.48 12.61
58.34 12.66
59.48 13.0
59.48 12.51
59.48 12.77
58.34 12.53
59.48 12.76
58.34 12.79
59.48 12.47
59.48 12.6
59.48 12.61
59.48 12.69
59.48 12.68
59.48 12.64
58.34 12.53
59.48 12.74
58.34 12.64
59.48 12.59
59.48 12.43
59.48 12.29
58.34 12.64
59.48 12.58
59.48 12.77
59.48 12.55
59.48 12.59
59.48 12.65
58.34 12.76
59.48 12.85
58.34 12.43
59.48 12.66
59.48 12.72
59.48 12.74
59.48 12.65
58.34 12.68
59.48 12.48
59.48 12.66
59.48 12.53
58.34 12.37
58.34 12.66
59.48 12.7
59.48 12.73
59.48 12.66
59.48 12.47
58.34 12.75
58.34 12.55
58.34 12.63
58.34 12.62
58.34 12.33
59.48 12.39
59.48 12.74
59.48 12.77
58.34 12.58
59.48 12.64
59.48 12.58
59.48 12.47
58.34 12.61
59.48 12.53
58.34 12.75
59.48 12.37
58.34 12.38
59.48 12.67
59.48 12.69
59.48 12.6
58.34 12.82
59.48 13.01
58.34 12.48
58.34 12.87
59.48 12.47
59.48 12.69
59.48 12.8
59.48 12.62
58.34 12.47
59.48 12.62
58.34 12.58
59.48 12.74
59.48 12.51
59.48 12.79
58.34 12.46
58.34 12.69
59.48 12.87
58.34 12.72
59.48 12.59
58.34 12.69
58.34 12.64
59.48 12.46
59.48 12.53
59.48 12.52
59.48 12.67
58.34 12.79
58.34 12.53
59.48 12.75
58.34 12.58
58.34 12.51
59.48 12.37
58.34 12.76
59.48 12.47
59.48 12.74
59.48 12.77
59.48 12.66
59.48 12.61
59.48 12.53
59.48 12.33
59.48 12.79
58.34 12.71
59.48 12.54
59.48 12.62
58.34 12.59
59.48 12.77
59.48 12.82
59.48 12.6
59.48 12.44
58.34 12.54
59.48 12.47
59.48 12.69
58.34 12.63
59.48 12.58
59.48 12.86
59.48 12.5
59.48 12.5
59.48 12.41
58.34 12.7
59.48 12.53
59.48 12.7
58.34 12.78
59.48 12.54
59.48 12.46
58.34 12.62
59.48 12.52
59.48 12.66
58.34 12.53
58.34 12.33
59.48 12.54
59.48 12.48
59.48 12.57
59.48 12.42
59.48 12.6
59.48 12.6
59.48 12.36
59.48 12.63
59.48 12.38
59.48 12.68
59.48 12.55
59.48 12.71
59.48 12.55
59.48 12.55
59.48 12.63
59.48 12.48
59.48 12.62
59.48 12.66
59.48 12.67
59.48 12.59
59.48 12.41
58.34 12.45
59.48 12.69
59.48 12.67
59.48 12.85
59.48 12.33
59.48 12.56
59.48 12.53
59.48 12.43
59.48 12.7
59.48 12.71
59.48 12.65
59.48 12.61
59.48 12.59
59.48 12.69
59.48 12.4
59.48 12.52
59.48 12.47
59.48 12.5
59.48 12.65
59.48 12.8
59.48 12.69
59.48 12.48
59.48 12.37
59.48 12.7
59.48 12.66
58.34 12.56
59.48 12.39
59.48 12.52
59.48 12.56
59.48 12.41
59.48 12.66
59.48 12.58
59.48 12.49
59.48 12.43
59.48 12.39
59.48 12.27
59.48 12.61
59.48 12.63
59.48 12.53
59.48 12.51
59.48 12.7
59.48 12.41
59.48 12.57
59.48 12.58
59.48 12.3
59.48 12.42
59.48 12.39
59.48 12.67
59.48 12.77
59.48 12.34
59.48 12.59
59.48 12.57
59.48 12.65
59.48 12.5
59.48 12.54
59.48 12.47
59.48 12.47
59.48 12.6
59.48 12.47
59.48 12.82
59.48 12.58
59.48 12.63
58.34 12.31
59.48 12.64
59.48 12.54
59.48 12.64
59.48 12.61
59.48 12.5
59.48 12.75
59.48 12.34
59.48 12.43
60.62 12.74
59.48 12.63
59.48 12.63
59.48 12.63
59.48 12.5
59.48 12.5
58.34 12.55
59.48 12.6
59.48 12.48
59.48 12.43
60.62 12.56
59.48 12.23
59.48 12.97
59.48 12.69
60.62 12.69
59.48 12.55
59.48 12.55
59.48 12.38
59.48 12.53
59.48 12.7
59.48 12.63
59.48 12.67
59.48 12.61
59.48 12.46
59.48 12.53
59.48 12.35
59.48 12.61
59.48 12.66
59.48 12.63
60.62 12.42
59.48 12.47
59.48 12.37
59.48 12.44
59.48 12.73
60.62 12.43
59.48 12.37
59.48 12.56
60.62 12.59
59.48 12.46
59.48 12.67
59.48 12.51
59.48 12.48
60.62 12.47
59.48 12.5
59.48 12.42
59.48 12.56
60.62 12.64
59.48 12.71
59.48 12.27
59.48 12.45
59.48 12.45
59.48 12.49
59.48 12.43
59.48 12.27
59.48 12.64
59.48 12.51
59.48 12.71
59.48 12.74
59.48 12.32
59.48 12.35
59.48 12.31
59.48 12.32
59.48 12.4
59.48 12.37
59.48 12.52
59.48 12.48
59.48 12.19
59.48 12.42
59.48 12.66
59.48 12.41
60.62 12.63
59.48 12.45
59.48 12.61
59.48 12.82
59.48 12.58
59.48 12.53
59.48 12.79
59.48 12.63
59.48 12.68
59.48 12.61
59.48 12.41
59.48 12.37
59.48 12.4
59.48 12.56
59.48 12.29
59.48 12.32
60.62 12.5
59.48 12.4
59.48 12.39
59.48 12.34
59.48 12.28
59.48 12.55
59.48 12.45
60.62 12.28
59.48 12.71
59.48 12.46
59.48 12.56
59.48 12.26
59.48 12.45
59.48 12.5
59.48 12.4
59.48 12.37
59.48 12.4
59.48 12.5
60.62 12.6
59.48 12.34
59.48 12.48
59.48 12.48
59.48 12.51
59.48 12.42
59.48 12.51
59.48 12.33
59.48 12.59
59.48 12.4
59.48 12.4
59.48 12.29
59.48 12.42
59.48 12.55
59.48 12.4
59.48 12.47
60.62 12.56
59.48 12.46
59.48 12.47
59.48 12.65
59.48 12.31
60.62 12.63
59.48 12.58
59.48 12.43
59.48 12.57
59.48 12.32
59.48 12.36
59.48 12.48
59.48 12.64
59.48 12.35
59.48 12.53
59.48 12.47
59.48 12.53
59.48 12.18
59.48 12.31
59.48 12.66
59.48 12.44
59.48 12.39
59.48 12.44
59.48 12.28
60.62 12.53
59.48 12.47
59.48 12.37
59.48 12.5
58.34 12.29
59.48 12.39
59.48 12.38
59.48 12.55
59.48 12.53
59.48 12.36
59.48 12.7
59.48 12.66
59.48 12.29
59.48 12.58
60.62 12.51
59.48 12.24
59.48 12.47
60.62 12.39
59.48 12.42
59.48 12.59
59.48 12.37
59.48 12.79
59.48 12.42
59.48 12.5
60.62 12.45
60.62 12.36
59.48 12.42
60.62 12.57
59.48 12.37
59.48 12.42
60.62 12.39
59.48 12.51
59.48 12.47
59.48 12.54
59.48 12.42
59.48 12.42
60.62 12.64
59.48 12.46
59.48 12.48
59.48 12.26
59.48 12.22
59.48 12.51
59.48 12.59
60.62 12.56
59.48 12.36
59.48 12.4
59.48 12.69
59.48 12.38
59.48 12.2
59.48 12.42
59.48 12.43
59.48 12.59
59.48 12.35
59.48 12.46
59.48 12.71
59.48 12.39
59.48 12.39
59.48 12.63
60.62 12.42
60.62 12.55
59.48 12.42
60.62 12.45
59.48 12.83
59.48 12.55
60.62 12.34
59.48 12.47
59.48 12.32
59.48 12.31
59.48 12.55
59.48 12.49
59.48 12.57
59.48 12.38
59.48 12.45
60.62 12.26
59.48 12.64
59.48 12.57
59.48 12.49
59.48 12.5
59.48 12.63
60.62 12.37
59.48 12.82
59.48 12.44
59.48 12.31
59.48 12.5
59.48 12.51
59.48 12.71
59.48 12.4
60.62 12.47
59.48 12.45
59.48 12.49
59.48 12.66
60.62 12.59
59.48 12.42
60.62 12.55
59.48 12.4
60.62 12.64
59.48 12.4
59.48 12.44
59.48 12.58
60.62 12.41
59.48 12.77
59.48 12.74
60.62 12.53
59.48 12.58
60.62 12.45
59.48 12.55
59.48 12.57
59.48 12.58
60.62 12.45
59.48 12.29
59.48 12.69
60.62 12.45
59.48 12.56
59.48 12.59
59.48 12.56
59.48 12.5
59.48 12.48
60.62 12.24
59.48 12.37
59.48 12.4
59.48 12.6
59.48 12.43
59.48 12.42
60.62 12.23
59.48 12.77
60.62 12.37
60.62 12.45
60.62 12.55
60.62 12.61
59.48 12.22
60.62 12.47
59.48 12.52
60.62 12.56
59.48 12.27
59.48 12.26
59.48 12.77
59.48 12.51
60.62 12.26
60.62 12.58
59.48 12.24
60.62 12.66
59.48 12.44
60.62 12.51
60.62 12.5
59.48 12.28
59.48 12.37
60.62 12.31
59.48 12.29
59.48 12.39
59.48 12.47
59.48 12.58
59.48 12.58
60.62 12.69
59.48 12.34
60.62 12.43
60.62 12.25
60.62 12.47
59.48 12.27
60.62 12.45
60.62 12.5
59.48 12.47
59.48 12.32
59.48 12.18
60.62 12.34
60.62 12.26
60.62 12.64
60.62 12.4
60.62 12.43
59.48 12.41
60.62 12.34
59.48 12.52
60.62 12.55
60.62 12.4
59.48 12.34
60.62 12.57
59.48 12.61
60.62 12.63
59.48 12.32
60.62 12.47
59.48 12.22
60.62 12.53
59.48 12.45
59.48 12.5
59.48 12.43
59.48 12.64
59.48 12.58
59.48 12.31
59.48 12.38
60.62 12.34
59.48 12.7
59.48 12.1
59.48 12.48
60.62 12.51
60.62 12.47
59.48 12.56
59.48 12.18
60.62 12.55
60.62 12.34
59.48 12.24
60.62 12.37
60.62 12.39
60.62 12.21
60.62 12.36
59.48 12.39
59.48 12.43
60.62 12.44
60.62 12.61
60.62 12.42
59.48 12.54
59.48 12.57
60.62 12.39
59.48 12.48
60.62 12.35
60.62 12.32
60.62 12.23
60.62 12.4
60.62 12.33
60.62 12.48
60.62 12.59
60.62 12.32
59.48 12.55
60.62 12.56
60.62 12.55
60.62 12.63
59.48 12.57
60.62 12.35
60.62 12.47
60.62 12.37
60.62 12.33
59.48 12.39
60.62 12.32
59.48 12.5
59.48 12.22
60.62 12.05
59.48 12.59
60.62 12.46
60.62 12.47
60.62 12.58
60.62 12.43
60.62 12.34
60.62 12.53
60.62 12.45
60.62 12.54
59.48 12.36
60.62 12.37
60.62 12.55
59.48 12.35
59.48 12.34
59.48 12.55
60.62 12.21
60.62 12.66
60.62 12.4
60.62 12.27
59.48 12.61
60.62 12.45
60.62 12.52
60.62 12.5
60.62 12.51
59.48 12.45
60.62 12.41
59.48 12.55
60.62 12.56
60.62 12.58
60.62 12.4
60.62 12.39
60.62 12.24
59.48 12.36
60.62 12.4
60.62 12.54
60.62 12.31
60.62 12.67
60.62 12.56
60.62 12.56
60.62 12.25
59.48 12.27
59.48 12.71
60.62 12.37
60.62 12.32
60.62 12.35
60.62 12.34
60.62 12.34
59.48 12.63
60.62 12.35
60.62 12.47
60.62 12.57
60.62 12.42
60.62 12.42
60.62 12.44
60.62 12.4
60.62 12.5
60.62 12.4
60.62 12.33
60.62 12.46
60.62 12.82
60.62 12.37
60.62 12.38
60.62 12.24
60.62 12.44
59.48 12.19
60.62 12.17
60.62 12.4
60.62 12.52
60.62 12.61
59.48 12.4
59.48 12.55
60.62 12.52
60.62 12.36
60.62 12.46
60.62 12.41
60.62 12.43
60.62 12.42
59.48 12.34
60.62 12.43
60.62 12.28
60.62 12.35
59.48 12.35
60.62 12.47
60.62 12.48
60.62 12.51
60.62 12.46
60.62 12.48
60.62 12.37
60.62 12.66
60.62 12.51
60.62 12.56
60.62 12.47
60.62 12.58
60.62 12.63
60.62 12.35
59.48 12.39
60.62 12.46
60.62 12.38
60.62 12.42
60.62 12.37
59.48 12.5
60.62 12.51
60.62 12.38
59.48 12.35
59.48 12.71
60.62 12.32
60.62 12.5
60.62 12.34
60.62 12.51
60.62 12.43
60.62 12.46
60.62 12.36
60.62 12.6
59.48 12.34
60.62 12.39
60.62 12.56
60.62 12.3
60.62 12.45
60.62 12.58
60.62 12.45
60.62 12.59
59.48 12.42
60.62 12.25
60.62 12.28
60.62 12.23
60.62 12.29
60.62 12.43
60.62 12.44
60.62 12.58
60.62 12.4
60.62 12.44
60.62 12.43
59.48 12.46
60.62 12.55
60.62 12.18
60.62 12.63
60.62 12.22
60.62 12.42
60.62 12.43
60.62 12.41
60.62 12.59
60.62 12.27
59.48 12.23
60.62 12.27
60.62 12.36
59.48 12.53
60.62 12.55
60.62 12.53
60.62 12.26
59.48 12.37
60.62 12.58
60.62 12.18
60.62 12.19
60.62 12.45
60.62 12.35
60.62 12.69
60.62 12.48
60.62 12.39
60.62 12.53
60.62 12.52
60.62 12.53
60.62 12.45
60.62 12.42
61.76 12.24
60.62 12.5
60.62 12.31
60.62 12.63
60.62 12.63
59.48 12.34
61.76 12.27
60.62 12.18
60.62 12.37
60.62 12.33
60.62 12.39
60.62 12.47
60.62 12.51
60.62 12.43
60.62 12.44
60.62 12.49
60.62 12.31
60.62 12.6
60.62 12.68
60.62 12.33
59.48 12.35
60.62 12.44
60.62 12.49
60.62 12.44
60.62 12.6
60.62 12.19
60.62 12.48
60.62 12.41
60.62 12.55
60.62 12.39
60.62 12.56
60.62 12.51
60.62 12.41
60.62 12.4
60.62 12.24
60.62 12.31
60.62 12.26
60.62 12.26
59.48 12.79
60.62 12.4
60.62 12.49
60.62 12.46
60.62 12.61
60.62 12.69
60.62 12.35
60.62 12.45
60.62 12.66
60.62 12.58
60.62 12.4
60.62 12.16
60.62 12.66
60.62 12.35
60.62 12.37
60.62 12.33
60.62 12.4
60.62 12.29
61.76 12.45
60.62 12.42
60.62 12.27
60.62 12.45
60.62 12.53
60.62 12.5
60.62 12.32
61.76 12.35
60.62 12.5
60.62 12.29
60.62 12.39
60.62 12.43
60.62 12.26
60.62 12.45
60.62 12.5
60.62 12.48
60.62 12.67
60.62 12.43
60.62 12.26
60.62 12.71
60.62 12.42
60.62 12.55
60.62 12.2
60.62 12.45
60.62 12.48
60.62 12.51
60.62 12.35
60.62 12.42
61.76 12.45
60.62 12.66
60.62 12.47
60.62 12.17
60.62 12.1
60.62 12.51
60.62 12.6
61.76 12.5
60.62 12.49
60.62 12.51
60.62 12.65
60.62 12.41
60.62 12.42
60.62 12.37
60.62 12.43
60.62 12.48
60.62 12.39
60.62 12.54
60.62 12.58
60.62 12.53
61.76 12.29
60.62 12.34
60.62 12.29
61.76 12.56
61.76 12.56
60.62 12.15
61.76 12.4
61.76 12.39
60.62 12.5
60.62 12.63
60.62 12.55
60.62 12.45
60.62 12.68
60.62 12.36
61.76 12.43
60.62 12.52
60.62 12.47
60.62 12.39
60.62 12.56
60.62 12.53
60.62 12.5
60.62 12.36
60.62 12.27
60.62 12.34
60.62 12.52
60.62 12.55
61.76 12.45
60.62 12.35
60.62 12.52
60.62 12.24
61.76 12.32
61.76 12.59
60.62 12.42
60.62 12.27
60.62 12.72
60.62 12.39
61.76 12.61
60.62 12.58
60.62 12.42
60.62 12.57
60.62 12.46
60.62 12.48
60.62 12.48
60.62 12.54
60.62 12.24
61.76 12.39
61.76 12.29
60.62 12.55
60.62 12.03
60.62 12.47
60.62 12.35
60.62 12.47
61.76 12.28
61.76 12.27
60.62 12.55
60.62 12.46
60.62 12.45
61.76 12.51
60.62 12.45
61.76 12.54
59.48 12.47
60.62 12.5
60.62 12.51
60.62 12.41
60.62 12.59
60.62 12.29
60.62 12.21
60.62 12.43
61.76 12.42
60.62 12.0
60.62 12.54
60.62 12.3
60.62 12.53
60.62 12.66
60.62 12.53
60.62 12.56
60.62 12.5
60.62 12.4
59.48 12.56
61.76 12.39
60.62 12.21
61.76 12.61
60.62 12.66
60.62 12.55
61.76 12.57
61.76 12.45
61.76 12.53
60.62 12.55
60.62 12.32
60.62 12.48
60.62 12.73
60.62 12.52
60.62 12.51
60.62 12.3
61.76 12.41
60.62 12.69
60.62 12.29
60.62 12.39
60.62 12.33
60.62 12.39
61.76 12.27
60.62 12.35
61.76 12.37
60.62 12.49
60.62 12.28
61.76 12.39
61.76 12.54
61.76 12.29
61.76 12.51
60.62 12.34
60.62 12.41
61.76 12.36
61.76 12.52
61.76 12.41
60.62 12.33
61.76 12.48
61.76 12.4
60.62 12.25
60.62 12.45
60.62 12.45
61.76 12.51
61.76 12.29
60.62 12.24
60.62 12.41
61.76 12.12
60.62 12.63
61.76 12.5
61.76 12.5
60.62 12.55
60.62 12.42
60.62 12.6
60.62 12.42
60.62 12.34
60.62 12.68
61.76 12.32
61.76 12.43
60.62 12.43
61.76 12.51
60.62 12.38
60.62 12.37
60.62 12.33
60.62 12.67
60.62 12.31
61.76 12.55
60.62 12.24
61.76 12.41
60.62 12.48
60.62 12.37
61.76 12.55
60.62 12.46
60.62 12.28
60.62 12.33
60.62 12.34
60.62 12.55
61.76 12.53
60.62 12.39
60.62 12.44
60.62 12.51
61.76 12.5
60.62 12.35
60.62 12.29
60.62 12.44
60.62 12.29
61.76 12.35
61.76 12.27
60.62 12.39
61.76 12.41
60.62 12.5
60.62 12.39
61.76 12.59
61.76 12.45
60.62 12.61
60.62 12.55
60.62 12.55
60.62 12.64
61.76 12.42
60.62 12.24
60.62 12.44
61.76 12.41
60.62 12.35
61.76 12.67
60.62 12.41
61.76 12.42
60.62 12.25
60.62 12.53
61.76 12.43
60.62 12.24
60.62 12.54
60.62 12.31
60.62 12.71
61.76 12.47
61.76 12.5
61.76 12.44
61.76 12.52
60.62 12.23
61.76 12.3
61.76 12.41
61.76 12.72
61.76 12.32
60.62 12.67
60.62 12.36
60.62 12.42
60.62 12.42
60.62 12.54
61.76 12.26
61.76 12.49
61.76 12.34
60.62 12.35
60.62 12.43
61.76 12.66
60.62 12.29
60.62 12.48
60.62 12.48
61.76 12.35
60.62 12.39
60.62 12.39
60.62 12.44
60.62 12.47
60.62 12.67
61.76 12.48
60.62 12.42
60.62 12.55
60.62 12.64
61.76 12.39
61.76 12.59
61.76 12.45
61.76 12.64
61.76 12.69
61.76 12.23
60.62 12.73
60.62 12.13
60.62 12.39
60.62 12.23
60.62 12.26
60.62 12.58
60.62 12.64
61.76 12.56
60.62 12.32
61.76 12.5
60.62 12.58
61.76 12.55
60.62 12.35
61.76 12.41
60.62 12.64
60.62 12.59
61.76 12.55
60.62 12.4
61.76 12.43
61.76 12.37
60.62 12.48
60.62 12.42
60.62 12.46
60.62 12.43
60.62 12.27
61.76 12.53
60.62 12.43
61.76 12.7
60.62 12.43
61.76 12.18
60.62 12.69
61.76 12.57
60.62 12.58
61.76 12.12
60.62 12.58
61.76 12.42
61.76 12.48
61.76 12.45
61.76 12.35
61.76 12.5
61.76 12.48
60.62 12.57
60.62 12.63
61.76 12.43
60.62 12.48
61.76 12.49
60.62 12.45
61.76 12.29
61.76 12.45
60.62 12.76
61.76 12.38
60.62 12.5
60.62 12.39
61.76 12.41
60.62 12.49
60.62 12.37
60.62 12.43
60.62 12.37
61.76 12.37
60.62 12.23
61.76 12.32
60.62 12.29
60.62 12.29
61.76 12.26
61.76 12.31
60.62 12.35
61.76 12.55
61.76 12.56
60.62 12.49
61.76 12.43
61.76 12.67
60.62 12.48
61.76 12.39
60.62 12.4
61.76 12.35
61.76 12.47
61.76 12.35
61.76 12.45
60.62 12.27
61.76 12.25
60.62 12.44
61.76 12.52
60.62 12.43
60.62 12.43
60.62 12.34
60.62 12.21
61.76 12.39
60.62 12.71
61.76 12.52
61.76 12.46
60.62 12.43
60.62 12.57
61.76 12.34
61.76 12.39
61.76 12.43
60.62 12.4
61.76 12.49
61.76 12.6
61.76 12.58
61.76 12.4
61.76 12.35
61.76 12.5
61.76 12.58
60.62 12.43
61.76 12.58
61.76 12.66
60.62 12.27
60.62 12.58
61.76 12.24
61.76 12.3
61.76 12.61
61.76 12.55
61.76 12.46
60.62 12.56
60.62 12.26
61.76 12.43
61.76 12.36
61.76 12.47
61.76 12.55
60.62 12.42
61.76 12.43
60.62 12.42
60.62 12.47
61.76 12.39
60.62 12.51
61.76 12.49
61.76 12.35
61.76 12.37
60.62 12.42
61.76 12.57
61.76 12.51
61.76 12.44
61.76 12.69
61.76 12.24
61.76 12.44
61.76 12.46
61.76 12.17
61.76 12.59
61.76 12.43
60.62 12.45
60.62 12.45
61.76 12.3
60.62 12.46
61.76 12.29
60.62 12.8
61.76 12.22
60.62 12.51
60.62 12.56
61.76 12.19
61.76 12.42
61.76 12.49
61.76 12.22
61.76 12.28
61.76 12.4
61.76 12.26
61.76 12.59
61.76 12.3
61.76 12.7
60.62 12.49
61.76 12.56
61.76 12.37
61.76 12.42
61.76 12.43
61.76 12.26
60.62 12.4
61.76 12.43
61.76 12.74
60.62 12.51
61.76 12.35
61.76 12.46
61.76 12.59
60.62 12.51
61.76 12.72
61.76 12.26
60.62 12.4
61.76 12.55
61.76 12.27
61.76 12.34
62.9 12.51
61.76 12.47
61.76 12.35
61.76 12.48
61.76 12.31
61.76 12.49
61.76 12.5
60.62 12.5
61.76 12.55
61.76 12.53
61.76 12.59
61.76 12.4
61.76 12.21
61.76 12.49
61.76 12.66
61.76 12.19
61.76 12.3
61.76 12.56
60.62 12.38
61.76 12.41
61.76 12.41
61.76 12.33
61.76 12.47
60.62 12.5
61.76 12.28
61.76 12.39
61.76 12.72
60.62 12.66
61.76 12.46
60.62 12.55
61.76 12.46
61.76 12.63
60.62 12.3
60.62 12.26
61.76 12.25
61.76 12.27
61.76 12.35
61.76 12.47
61.76 12.48
61.76 12.37
61.76 12.47
60.62 12.78
60.62 12.62
61.76 12.77
61.76 12.51
61.76 12.61
61.76 12.56
61.76 12.43
61.76 12.5
61.76 12.41
61.76 12.39
61.76 12.49
61.76 12.39
61.76 12.55
61.76 12.47
61.76 12.47
61.76 12.55
61.76 12.51
61.76 12.18
61.76 12.29
61.76 12.37
61.76 12.39
61.76 12.3
61.76 12.37
61.76 12.43
61.76 12.63
61.76 12.52
60.62 12.48
61.76 12.64
61.76 12.37
61.76 12.29
61.76 12.59
61.76 12.41
61.76 12.48
61.76 12.58
61.76 12.37
61.76 12.23
61.76 12.59
60.62 12.33
61.76 12.63
61.76 12.62
61.76 12.42
60.62 12.42
60.62 12.5
61.76 12.51
61.76 12.38
60.62 12.64
60.62 12.42
61.76 12.5
60.62 12.63
61.76 12.32
61.76 12.53
61.76 12.53
61.76 12.5
61.76 12.64
60.62 12.48
61.76 12.58
61.76 12.58
61.76 12.53
61.76 12.68
61.76 12.35
61.76 12.39
61.76 12.31
61.76 12.37
60.62 12.56
61.76 12.35
61.76 12.42
61.76 12.69
62.9 12.42
61.76 12.34
60.62 12.46
61.76 12.42
61.76 12.47
61.76 12.38
61.76 12.6
61.76 12.61
60.62 12.39
61.76 12.69
61.76 12.34
61.76 12.47
61.76 12.37
61.76 12.53
61.76 12.5
61.76 12.17
61.76 12.39
61.76 12.3
61.76 12.51
61.76 12.36
61.76 12.56
61.76 12.64
61.76 12.34
61.76 12.33
61.76 12.6
61.76 12.41
60.62 12.29
61.76 12.24
61.76 12.27
60.62 12.42
61.76 12.35
61.76 12.4
61.76 12.62
60.62 12.38
61.76 12.42
61.76 12.58
61.76 12.26
61.76 12.55
61.76 12.47
61.76 12.44
61.76 12.44
61.76 12.42
61.76 12.36
61.76 12.49
61.76 12.39
61.76 12.7
61.76 12.45
61.76 12.51
61.76 12.43
61.76 12.35
61.76 12.49
61.76 12.16
61.76 12.34
61.76 12.37
61.76 12.54
61.76 12.57
60.62 12.45
61.76 12.53
61.76 12.31
61.76 12.48
61.76 12.34
61.76 12.48
61.76 12.48
61.76 12.36
61.76 12.29
61.76 12.5
61.76 12.44
61.76 12.37
61.76 12.47
60.62 12.41
61.76 12.51
61.76 12.53
62.9 12.33
61.76 12.51
61.76 12.8
61.76 12.5
61.76 12.51
61.76 12.6
61.76 12.41
61.76 12.4
61.76 12.47
61.76 12.48
61.76 12.37
61.76 12.41
61.76 12.45
61.76 12.27
60.62 12.37
61.76 12.52
61.76 12.49
61.76 12.68
61.76 12.35
61.76 12.42
61.76 12.55
61.76 12.44
61.76 12.45
61.76 12.33
61.76 12.59
61.76 12.41
61.76 12.39
61.76 12.53
61.76 12.46
60.62 12.48
61.76 12.31
61.76 12.34
61.76 12.52
61.76 12.43
61.76 12.55
62.9 12.51
61.76 12.45
61.76 12.37
61.76 12.27
62.9 12.5
61.76 12.57
61.76 12.53
61.76 12.45
61.76 12.41
61.76 12.42
61.76 12.62
61.76 12.63
61.76 12.45
61.76 12.5
61.76 12.4
61.76 12.35
61.76 12.4
61.76 12.45
61.76 12.51
61.76 12.37
61.76 12.26
61.76 12.31
61.76 12.37
61.76 12.52
61.76 12.31
61.76 12.57
61.76 12.51
61.76 12.42
61.76 12.41
61.76 12.42
61.76 12.58
62.9 12.39
61.76 12.7
61.76 12.47
61.76 12.53
61.76 12.43
61.76 12.42
61.76 12.51
61.76 12.23
61.76 12.5
61.76 12.56
61.76 12.28
61.76 12.5
61.76 12.49
61.76 12.34
61.76 12.34
61.76 12.22
61.76 12.66
61.76 12.47
61.76 12.53
61.76 12.26
60.62 12.5
61.76 12.47
62.9 12.4
61.76 12.51
61.76 12.59
61.76 12.57
61.76 12.23
61.76 12.68
61.76 12.43
61.76 12.4
61.76 12.16
61.76 12.3
61.76 12.47
61.76 12.63
61.76 12.59
62.9 12.38
61.76 12.63
61.76 12.42
61.76 12.45
61.76 12.6
61.76 12.18
61.76 12.45
61.76 12.35
61.76 12.35
61.76 12.58
61.76 12.26
61.76 12.53
61.76 12.62
61.76 12.42
61.76 12.42
62.9 12.59
61.76 12.4
61.76 12.39
61.76 12.43
61.76 12.62
61.76 12.48
61.76 12.35
61.76 12.31
62.9 12.47
61.76 12.5
61.76 12.4
61.76 12.56
61.76 12.29
62.9 12.48
61.76 12.49
61.76 12.67
61.76 12.56
61.76 12.37
61.76 12.57
61.76 12.66
62.9 12.49
61.76 12.34
61.76 12.36
61.76 12.45
61.76 12.69
62.9 12.3
61.76 12.54
61.76 12.34
61.76 12.47
61.76 12.47
61.76 12.51
61.76 12.11
61.76 12.58
61.76 12.7
61.76 12.42
61.76 12.48
61.76 12.63
61.76 12.42
62.9 12.5
61.76 12.66
61.76 12.28
61.76 12.32
61.76 12.52
61.76 12.31
61.76 12.4
61.76 12.56
62.9 12.42
61.76 12.56
61.76 12.44
62.9 12.5
61.76 12.38
61.76 12.32
61.76 12.59
61.76 12.39
61.76 12.7
61.76 12.4
61.76 12.26
61.76 12.62
61.76 12.33
61.76 12.69
61.76 12.72
61.76 12.34
61.76 12.43
61.76 12.48
62.9 12.55
61.76 12.39
61.76 12.44
61.76 12.45
61.76 12.56
61.76 12.5
60.62 12.31
61.76 12.5
61.76 12.58
61.76 12.32
61.76 12.67
61.76 12.15
61.76 12.47
61.76 12.31
61.76 12.36
61.76 12.75
61.76 12.49
62.9 12.47
61.76 12.33
61.76 12.35
62.9 12.49
62.9 12.39
62.9 12.67
62.9 12.67
61.76 12.56
61.76 12.29
61.76 12.29
61.76 12.39
61.76 12.75
61.76 12.46
61.76 12.21
61.76 12.61
61.76 12.39
62.9 12.55
61.76 12.42
61.76 12.26
62.9 12.66
61.76 12.45
61.76 12.4
62.9 12.49
61.76 12.32
61.76 12.45
61.76 12.47
62.9 12.68
61.76 12.59
61.76 12.53
61.76 12.47
61.76 12.75
61.76 12.55
62.9 12.29
61.76 12.39
62.9 12.7
61.76 12.31
62.9 12.32
62.9 12.56
61.76 12.42
61.76 12.67
62.9 12.54
61.76 12.25
62.9 12.64
61.76 12.46
61.76 12.42
61.76 12.33
61.76 12.48
61.76 12.53
62.9 12.48
61.76 12.58
61.76 12.48
61.76 12.56
61.76 12.5
61.76 12.32
62.9 12.65
61.76 12.62
61.76 12.42
61.76 12.51
61.76 12.38
60.62 12.32
61.76 12.31
61.76 12.44
61.76 12.65
61.76 12.39
61.76 12.31
61.76 12.55
61.76 12.51
61.76 12.51
62.9 12.5
61.76 12.57
62.9 12.32
61.76 12.43
61.76 12.4
61.76 12.31
61.76 12.36
61.76 12.51
62.9 12.42
61.76 12.4
61.76 12.54
61.76 12.28
61.76 12.66
61.76 12.78
61.76 12.43
61.76 12.45
61.76 12.38
61.76 12.37
60.62 12.1
61.76 12.33
61.76 12.51
61.76 12.29
62.9 12.58
62.9 12.37
61.76 12.27
61.76 12.42
61.76 12.27
62.9 12.59
61.76 12.63
62.9 12.28
61.76 12.5
61.76 12.45
62.9 12.55
61.76 12.34
61.76 12.39
62.9 12.22
61.76 12.48
61.76 12.54
62.9 12.56
61.76 12.39
61.76 12.4
61.76 12.55
61.76 12.27
62.9 12.41
61.76 12.26
61.76 12.56
61.76 12.59
61.76 12.3
61.76 12.53
61.76 12.46
61.76 12.55
62.9 12.65
61.76 12.54
62.9 12.56
61.76 12.5
61.76 12.51
62.9 12.42
61.76 12.31
61.76 12.64
61.76 12.51
62.9 12.59
61.76 12.35
61.76 12.48
61.76 12.26
61.76 12.26
61.76 12.59
61.76 12.3
62.9 12.57
62.9 12.43
61.76 12.38
61.76 12.45
62.9 12.44
61.76 12.5
62.9 12.45
62.9 12.55
61.76 12.32
61.76 12.49
62.9 12.51
61.76 12.35
61.76 12.32
61.76 12.5
61.76 12.47
61.76 12.37
62.9 12.63
62.9 12.72
61.76 12.4
61.76 12.39
61.76 12.63
61.76 12.47
61.76 12.44
62.9 12.23
61.76 12.46
62.9 12.39
62.9 12.38
62.9 12.52
61.76 12.51
61.76 12.54
61.76 12.91
61.76 12.51
61.76 12.49
61.76 12.54
62.9 12.47
61.76 12.35
62.9 12.63
62.9 12.23
61.76 12.59
62.9 12.4
62.9 12.72
61.76 12.41
62.9 12.57
61.76 12.5
61.76 12.48
61.76 12.56
62.9 12.51
61.76 12.58
61.76 12.35
61.76 12.34
61.76 12.18
62.9 12.66
61.76 12.36
61.76 12.64
61.76 12.4
61.76 12.45
62.9 12.47
61.76 12.62
62.9 12.49
61.76 12.45
62.9 12.45
61.76 12.62
62.9 12.45
61.76 12.79
62.9 12.63
62.9 12.51
62.9 12.52
62.9 12.29
62.9 12.41
61.76 12.67
62.9 12.74
62.9 12.24
61.76 12.4
62.9 12.52
61.76 12.48
61.76 12.58
61.76 12.44
61.76 12.28
61.76 12.22
61.76 12.39
61.76 12.6
62.9 12.4
62.9 12.34
61.76 12.51
62.9 12.41
61.76 12.46
61.76 12.51
62.9 12.64
61.76 12.46
62.9 12.5
61.76 12.38
62.9 12.39
61.76 12.42
61.76 12.39
61.76 12.37
62.9 12.49
61.76 12.42
62.9 12.35
61.76 12.5
61.76 12.56
61.76 12.31
61.76 12.58
61.76 12.5
61.76 12.39
62.9 12.46
62.9 12.69
61.76 12.47
62.9 12.65
62.9 12.14
61.76 12.33
61.76 12.38
62.9 12.5
61.76 12.55
61.76 12.47
61.76 12.56
62.9 12.45
61.76 12.52
62.9 12.43
61.76 12.41
61.76 12.57
62.9 12.65
61.76 12.43
62.9 12.48
61.76 12.41
62.9 12.48
61.76 12.53
62.9 12.12
62.9 12.48
62.9 12.74
61.76 12.48
61.76 12.65
62.9 12.45
61.76 12.49
62.9 12.5
61.76 12.5
61.76 12.45
61.76 12.42
62.9 12.46
61.76 12.45
61.76 12.24
61.76 12.58
62.9 12.15
61.76 12.27
62.9 12.56
62.9 12.53
62.9 12.48
62.9 12.47
62.9 12.42
62.9 12.61
62.9 12.42
62.9 12.4
62.9 12.46
61.76 12.39
61.76 12.49
62.9 12.51
61.76 12.47
62.9 12.39
62.9 12.73
61.76 12.34
62.9 12.48
61.76 12.44
62.9 12.45
62.9 12.48
61.76 12.59
62.9 12.45
61.76 12.42
62.9 12.32
61.76 12.57
62.9 12.66
62.9 12.51
62.9 12.47
62.9 12.47
61.76 12.66
61.76 12.61
62.9 12.55
61.76 12.51
61.76 12.45
61.76 12.58
61.76 12.53
61.76 12.65
62.9 12.39
62.9 12.23
62.9 12.31
62.9 12.26
62.9 12.46
61.76 12.45
62.9 12.55
62.9 12.5
62.9 12.5
62.9 12.51
62.9 12.43
61.76 12.29
61.76 12.39
61.76 12.61
61.76 12.39
61.76 12.38
61.76 12.49
61.76 12.48
61.76 12.41
62.9 12.37
61.76 12.29
62.9 12.43
62.9 12.33
62.9 12.52
62.9 12.59
62.9 12.48
62.9 12.37
62.9 12.45
61.76 12.37
62.9 12.42
61.76 12.53
62.9 12.31
61.76 12.28
61.76 12.43
61.76 12.67
62.9 12.48
62.9 12.45
62.9 12.39
61.76 12.26
62.9 12.44
62.9 12.6
62.9 12.31
62.9 12.7
62.9 12.71
62.9 12.5
62.9 12.42
62.9 12.49
62.9 12.29
62.9 12.39
61.76 12.45
62.9 12.3
61.76 12.23
61.76 12.55
62.9 12.48
61.76 12.55
61.76 12.78
61.76 12.5
62.9 12.46
61.76 12.58
61.76 12.48
62.9 12.51
61.76 12.48
62.9 12.46
62.9 12.28
62.9 12.69
62.9 12.45
61.76 12.47
62.9 12.59
61.76 12.51
61.76 12.43
62.9 12.27
62.9 12.5
62.9 12.52
62.9 12.39
62.9 12.66
61.76 12.38
61.76 12.23
61.76 12.64
62.9 12.23
61.76 12.65
61.76 12.45
62.9 12.56
61.76 12.59
62.9 12.51
62.9 12.37
62.9 12.53
62.9 12.37
62.9 12.34
61.76 12.5
62.9 12.33
62.9 12.55
62.9 12.45
61.76 12.56
61.76 12.25
62.9 12.5
62.9 12.55
62.9 12.53
62.9 12.24
61.76 12.51
62.9 12.43
62.9 12.62
62.9 12.59
62.9 12.61
62.9 12.64
62.9 12.68
62.9 12.59
61.76 12.17
62.9 12.34
62.9 12.76
62.9 12.5
61.76 12.49
61.76 12.53
62.9 12.46
62.9 12.45
61.76 12.32
62.9 12.51
62.9 12.66
61.76 12.61
61.76 12.34
61.76 12.54
62.9 12.42
62.9 12.47
61.76 12.3
62.9 12.29
62.9 12.65
61.76 12.43
61.76 12.39
61.76 12.43
62.9 12.34
62.9 12.64
61.76 12.2
61.76 12.23
61.76 12.59
62.9 12.32
61.76 12.5
62.9 12.35
62.9 12.34
61.76 12.51
62.9 12.57
61.76 12.35
62.9 12.3
62.9 12.47
62.9 12.21
62.9 12.6
64.04 12.55
62.9 12.55
62.9 12.16
61.76 12.38
62.9 12.44
62.9 12.63
62.9 12.53
62.9 12.23
62.9 12.47
64.04 12.82
62.9 12.4
62.9 12.56
62.9 12.65
62.9 12.36
62.9 12.52
62.9 12.5
62.9 12.55
62.9 12.39
61.76 12.33
62.9 12.52
62.9 12.37
62.9 12.51
61.76 12.43
61.76 12.26
62.9 12.48
62.9 12.46
62.9 12.63
62.9 12.64
62.9 12.47
61.76 12.53
62.9 12.51
61.76 12.45
61.76 12.35
62.9 12.43
62.9 12.13
62.9 12.53
62.9 12.42
62.9 12.53
61.76 12.45
62.9 12.57
62.9 12.71
61.76 12.32
62.9 12.58
62.9 12.43
62.9 12.32
62.9 12.58
62.9 12.34
61.76 12.44
62.9 12.55
62.9 12.21
61.76 12.46
62.9 12.52
62.9 12.37
61.76 12.49
62.9 12.36
61.76 12.43
62.9 12.61
62.9 12.44
62.9 12.55
62.9 12.35
62.9 12.4
62.9 12.31
61.76 12.55
62.9 12.26
62.9 12.63
62.9 12.33
61.76 12.5
62.9 12.54
62.9 12.6
62.9 12.6
61.76 12.58
62.9 12.59
61.76 12.4
62.9 12.7
62.9 12.41
62.9 12.34
62.9 12.66
62.9 12.65
62.9 12.58
62.9 12.31
62.9 12.34
62.9 12.38
62.9 12.47
62.9 12.67
61.76 12.71
62.9 12.35
64.04 12.42
62.9 12.5
62.9 12.56
62.9 12.64
62.9 12.42
61.76 12.29
62.9 12.57
62.9 12.62
62.9 12.43
62.9 12.38
62.9 12.59
61.76 12.58
62.9 12.64
61.76 12.48
62.9 12.51
62.9 12.55
62.9 12.59
62.9 12.59
61.76 12.55
61.76 12.44
62.9 12.62
62.9 12.4
62.9 12.48
62.9 12.59
62.9 12.35
62.9 12.51
62.9 12.42
61.76 12.39
62.9 12.4
62.9 12.56
62.9 12.61
62.9 12.53
64.04 12.42
62.9 12.64
61.76 12.69
61.76 12.24
62.9 12.5
62.9 12.39
62.9 12.35
62.9 12.55
62.9 12.37
62.9 12.35
62.9 12.43
62.9 12.55
62.9 12.52
62.9 12.51
61.76 12.55
62.9 12.42
61.76 12.61
62.9 12.41
62.9 12.33
62.9 12.54
62.9 12.26
61.76 12.37
62.9 12.45
62.9 12.58
62.9 12.47
61.76 12.79
64.04 12.39
62.9 12.4
62.9 12.59
62.9 12.5
62.9 12.43
61.76 12.3
64.04 12.66
62.9 12.4
62.9 12.5
61.76 12.19
62.9 12.39
62.9 12.35
61.76 12.64
61.76 12.26
62.9 12.76
61.76 12.47
61.76 12.47
61.76 12.24
62.9 12.64
62.9 12.66
62.9 12.54
62.9 12.37
62.9 12.6
62.9 12.45
62.9 12.26
62.9 12.4
62.9 12.69
62.9 12.36
61.76 12.8
61.76 12.55
61.76 12.46
62.9 12.33
62.9 12.22
61.76 12.41
62.9 12.36
62.9 12.43
62.9 12.58
62.9 12.35
62.9 12.53
62.9 12.46
62.9 12.43
62.9 12.55
62.9 12.2
62.9 12.31
62.9 12.35
62.9 12.46
62.9 12.36
62.9 12.27
61.76 12.53
62.9 12.69
64.04 12.33
61.76 12.39
64.04 12.54
62.9 12.3
62.9 12.46
62.9 12.66
62.9 12.56
62.9 12.43
62.9 12.43
62.9 12.45
62.9 12.59
62.9 12.54
62.9 12.38
62.9 12.37
62.9 12.58
64.04 12.25
62.9 12.4
64.04 12.39
62.9 12.51
64.04 12.38
61.76 12.72
62.9 12.39
62.9 12.44
62.9 12.43
62.9 12.37
62.9 12.43
62.9 12.4
62.9 12.42
62.9 12.29
62.9 12.52
62.9 12.59
62.9 12.53
62.9 12.51
62.9 12.55
62.9 12.55
64.04 12.53
62.9 12.39
62.9 12.51
62.9 12.56
62.9 12.45
62.9 12.56
62.9 12.54
62.9 12.48
62.9 12.33
62.9 12.29
62.9 12.37
62.9 12.52
64.04 12.55
62.9 12.46
62.9 12.53
62.9 12.35
62.9 12.35
62.9 12.74
62.9 12.32
62.9 12.48
62.9 12.43
62.9 12.48
62.9 12.38
62.9 12.3
61.76 12.33
62.9 12.51
62.9 12.36
62.9 12.54
62.9 12.42
62.9 12.27
62.9 12.43
62.9 12.42
62.9 12.35
62.9 12.59
62.9 12.47
62.9 12.53
62.9 12.49
62.9 12.33
62.9 12.6
62.9 12.47
62.9 12.44
62.9 12.49
62.9 12.29
62.9 12.45
62.9 12.67
62.9 12.26
62.9 12.41
62.9 12.44
62.9 12.54
62.9 12.65
62.9 12.26
62.9 12.64
64.04 12.5
62.9 12.07
62.9 12.47
62.9 12.69
64.04 12.29
62.9 12.49
62.9 12.39
62.9 12.38
62.9 12.48
62.9 12.53
62.9 12.69
62.9 12.46
62.9 12.41
62.9 12.45
62.9 12.34
62.9 12.45
62.9 12.4
62.9 12.34
62.9 12.66
62.9 12.37
62.9 12.28
62.9 12.55
62.9 12.53
62.9 12.78
62.9 12.3
62.9 12.55
62.9 12.38
62.9 12.63
62.9 12.52
62.9 12.59
62.9 12.46
64.04 12.45
62.9 12.58
64.04 12.57
62.9 12.56
62.9 12.56
62.9 12.22
62.9 12.55
62.9 12.27
62.9 12.25
62.9 12.26
64.04 12.43
62.9 12.54
62.9 12.61
64.04 12.38
61.76 12.55
62.9 12.35
61.76 12.55
64.04 12.67
64.04 12.27
62.9 12.48
62.9 12.34
62.9 12.4
61.76 12.67
62.9 12.58
64.04 12.46
62.9 12.28
64.04 12.48
64.04 12.53
62.9 12.35
61.76 12.29
62.9 12.59
64.04 12.4
62.9 12.55
62.9 12.32
62.9 12.43
62.9 12.62
62.9 12.42
62.9 12.42
62.9 12.54
62.9 12.5
62.9 12.64
62.9 12.79
62.9 12.37
64.04 12.52
64.04 12.75
64.04 12.5
62.9 12.47
62.9 12.53
62.9 12.49
62.9 12.14
62.9 12.57
64.04 12.37
64.04 12.45
62.9 12.43
62.9 12.59
62.9 12.51
62.9 12.75
62.9 12.38
62.9 12.63
61.76 12.4
64.04 12.7
62.9 12.51
62.9 12.34
62.9 12.77
62.9 12.34
62.9 12.37
62.9 12.55
62.9 12.29
62.9 12.63
61.76 12.35
62.9 12.37
64.04 12.47
64.04 12.09
62.9 12.71
62.9 12.54
62.9 12.53
64.04 12.39
62.9 12.41
62.9 12.5
62.9 12.36
64.04 12.38
62.9 12.5
62.9 12.59
62.9 12.56
62.9 12.32
62.9 12.55
62.9 12.35
62.9 12.26
62.9 12.36
62.9 12.46
62.9 12.59
62.9 12.42
61.76 12.54
62.9 12.34
62.9 12.51
62.9 12.4
62.9 12.46
62.9 12.37
62.9 12.45
62.9 12.45
64.04 12.53
62.9 12.36
62.9 12.38
62.9 12.72
62.9 12.68
62.9 12.66
62.9 12.49
62.9 12.28
61.76 12.55
62.9 12.39
62.9 12.71
62.9 12.64
62.9 12.7
62.9 12.45
64.04 12.48
62.9 12.63
62.9 12.47
62.9 12.45
62.9 12.58
62.9 12.25
62.9 12.5
62.9 12.43
64.04 12.27
62.9 12.55
64.04 12.53
62.9 12.5
62.9 12.64
62.9 12.38
62.9 12.42
62.9 12.4
62.9 12.48
62.9 12.58
62.9 12.32
62.9 12.53
62.9 12.56
64.04 12.51
62.9 12.46
64.04 12.45
62.9 12.27
62.9 12.5
62.9 12.46
62.9 12.4
62.9 12.45
62.9 12.6
62.9 12.5
62.9 12.41
62.9 12.42
62.9 12.38
64.04 12.47
62.9 12.47
62.9 12.68
62.9 12.58
62.9 12.75
62.9 12.51
62.9 12.45
62.9 12.29
62.9 12.52
62.9 12.48
62.9 12.45
62.9 12.37
62.9 12.48
62.9 12.33
62.9 12.57
62.9 12.3
62.9 12.32
62.9 12.41
64.04 12.56
62.9 12.47
62.9 12.52
62.9 12.3
62.9 12.45
62.9 12.63
62.9 12.32
62.9 12.45
62.9 12.67
62.9 12.44
64.04 12.5
62.9 12.28
61.76 12.58
62.9 12.19
62.9 12.6
62.9 12.66
64.04 12.38
62.9 12.68
62.9 12.53
62.9 12.32
62.9 12.61
64.04 12.56
62.9 12.38
62.9 12.67
64.04 12.56
62.9 12.56
62.9 12.19
62.9 12.34
62.9 12.37
62.9 12.62
62.9 12.52
62.9 12.58
62.9 12.3
62.9 12.72
62.9 12.36
64.04 12.45
62.9 12.27
62.9 12.4
64.04 12.66
64.04 12.55
64.04 12.57
62.9 12.45
62.9 12.57
64.04 12.51
62.9 12.35
62.9 12.54
62.9 12.63
62.9 12.44
62.9 12.48
62.9 12.36
64.04 12.54
62.9 12.35
62.9 12.53
64.04 12.42
64.04 12.47
62.9 12.43
64.04 12.45
62.9 12.4
64.04 12.29
62.9 12.23
64.04 12.6
62.9 12.38
62.9 12.68
62.9 12.4
64.04 12.48
62.9 12.56
62.9 12.49
62.9 12.46
64.04 12.48
62.9 12.34
62.9 12.59
64.04 12.77
62.9 12.33
62.9 12.51
64.04 12.45
62.9 12.46
64.04 12.43
62.9 12.69
64.04 12.6
64.04 12.41
61.76 12.64
62.9 12.61
64.04 12.26
62.9 12.46
62.9 12.29
64.04 12.37
62.9 12.35
62.9 12.46
64.04 12.55
62.9 12.4
62.9 12.51
62.9 12.61
64.04 12.53
62.9 12.9
62.9 12.52
64.04 12.52
64.04 12.24
62.9 12.46
62.9 12.39
62.9 12.63
62.9 12.25
62.9 12.43
62.9 12.54
64.04 12.5
62.9 12.59
62.9 12.56
62.9 12.49
62.9 12.62
62.9 12.35
64.04 12.63
62.9 12.26
64.04 12.37
62.9 12.64
62.9 12.6
62.9 12.57
62.9 12.45
64.04 12.63
62.9 12.31
62.9 12.32
64.04 12.43
64.04 12.42
62.9 12.4
64.04 12.47
62.9 12.62
64.04 12.42
62.9 12.51
64.04 12.66
62.9 12.49
64.04 12.48
62.9 12.31
62.9 12.33
62.9 12.54
62.9 12.71
64.04 12.3
62.9 12.47
62.9 12.39
64.04 12.4
62.9 12.45
62.9 12.43
64.04 12.59
64.04 12.35
64.04 12.37
62.9 12.48
64.04 12.34
62.9 12.56
64.04 12.71
64.04 12.16
62.9 12.55
62.9 12.22
62.9 12.51
64.04 12.47
62.9 12.45
62.9 12.65
64.04 12.5
62.9 12.28
62.9 12.58
64.04 12.59
64.04 12.48
62.9 12.41
62.9 12.43
62.9 12.48
64.04 12.31
64.04 12.51
62.9 12.53
62.9 12.52
64.04 12.27
62.9 12.26
62.9 12.45
62.9 12.47
64.04 12.55
62.9 12.41
64.04 12.57
64.04 12.53
62.9 12.8
62.9 12.64
62.9 12.28
62.9 12.53
62.9 12.47
62.9 12.38
62.9 12.25
62.9 12.31
62.9 12.46
64.04 12.39
62.9 12.48
64.04 12.63
62.9 12.49
62.9 12.77
62.9 12.33
62.9 12.63
62.9 12.37
62.9 12.45
62.9 12.65
62.9 12.51
64.04 12.38
64.04 12.37
64.04 12.44
62.9 12.35
64.04 12.56
62.9 12.4
62.9 12.3
62.9 12.5
64.04 12.54
62.9 12.34
62.9 12.37
64.04 12.57
62.9 12.35
62.9 12.27
62.9 12.45
62.9 12.53
64.04 12.21
64.04 12.48
64.04 12.46
64.04 12.5
62.9 12.54
64.04 12.18
62.9 12.2
64.04 12.45
64.04 12.27
62.9 12.37
64.04 12.54
62.9 12.7
64.04 12.59
64.04 12.43
64.04 12.34
62.9 12.72
64.04 12.54
62.9 12.65
62.9 12.39
64.04 12.37
62.9 12.4
64.04 12.4
62.9 12.34
64.04 12.5
62.9 12.39
64.04 12.44
62.9 12.66
62.9 12.63
64.04 12.43
62.9 12.45
62.9 12.42
62.9 12.23
62.9 12.33
64.04 12.45
62.9 12.58
61.76 12.32
64.04 12.59
64.04 12.23
64.04 12.58
64.04 12.43
62.9 12.37
62.9 12.35
62.9 12.44
62.9 12.53
62.9 12.51
64.04 12.67
64.04 12.47
62.9 12.32
62.9 12.47
62.9 12.44
64.04 12.31
64.04 12.59
64.04 12.55
64.04 12.44
62.9 12.52
64.04 12.56
64.04 12.65
64.04 12.21
62.9 12.61
64.04 12.45
62.9 12.45
62.9 12.57
64.04 12.58
62.9 12.5
64.04 12.55
64.04 12.28
64.04 12.61
64.04 12.45
62.9 12.61
64.04 12.72
62.9 12.39
64.04 12.53
64.04 12.41
64.04 12.34
62.9 12.58
62.9 12.11
62.9 12.4
64.04 12.5
62.9 12.45
62.9 12.38
62.9 12.24
64.04 12.59
64.04 12.49
62.9 12.59
64.04 12.44
62.9 12.62
64.04 12.34
62.9 12.36
64.04 12.41
62.9 12.29
64.04 12.4
62.9 12.4
64.04 12.48
62.9 12.61
64.04 12.43
64.04 12.63
64.04 12.32
64.04 12.25
62.9 12.48
64.04 12.32
64.04 12.61
62.9 12.54
62.9 12.37
62.9 12.63
62.9 12.4
64.04 12.27
64.04 12.63
62.9 12.51
64.04 12.5
64.04 12.6
62.9 12.38
62.9 12.45
62.9 12.4
62.9 12.54
64.04 12.36
64.04 12.42
62.9 12.79
64.04 12.32
64.04 12.61
62.9 12.47
62.9 12.69
64.04 12.26
64.04 12.66
64.04 12.41
64.04 12.47
64.04 12.47
62.9 12.26
64.04 12.58
64.04 12.52
64.04 12.57
64.04 12.37
62.9 12.73
64.04 12.4
62.9 12.43
62.9 12.32
64.04 12.4
62.9 12.42
62.9 12.66
64.04 12.56
62.9 12.64
64.04 12.35
64.04 12.42
64.04 12.69
62.9 12.24
62.9 12.53
64.04 12.67
64.04 12.35
62.9 12.58
62.9 12.32
64.04 12.26
64.04 12.43
62.9 12.52
64.04 12.36
64.04 12.52
64.04 12.46
62.9 12.37
64.04 12.67
64.04 12.25
62.9 12.61
64.04 12.34
64.04 12.35
62.9 12.5
62.9 12.24
64.04 12.45
64.04 12.64
64.04 12.42
64.04 12.48
62.9 12.64
64.04 12.42
64.04 12.24
64.04 12.39
64.04 12.74
62.9 12.45
64.04 12.22
64.04 12.21
64.04 12.39
62.9 12.4
62.9 12.56
64.04 12.35
64.04 12.63
64.04 12.37
64.04 12.56
64.04 12.39
64.04 12.61
62.9 12.51
62.9 12.25
64.04 12.4
64.04 12.35
64.04 12.58
64.04 12.15
62.9 12.55
64.04 12.39
64.04 12.36
64.04 12.61
62.9 12.54
62.9 12.39
64.04 12.66
64.04 12.55
62.9 12.58
62.9 12.32
64.04 12.38
64.04 12.54
62.9 12.77
64.04 12.31
64.04 12.5
62.9 12.71
64.04 12.52
62.9 12.55
62.9 12.45
64.04 12.37
62.9 12.45
64.04 12.57
64.04 12.62
62.9 12.45
64.04 12.34
62.9 12.51
64.04 12.33
64.04 12.6
62.9 12.33
64.04 12.5
64.04 12.56
64.04 12.18
62.9 12.27
62.9 12.5
64.04 12.27
64.04 12.5
62.9 12.4
64.04 12.72
64.04 12.58
64.04 12.49
62.9 12.31
62.9 12.33
62.9 12.3
64.04 12.42
64.04 12.44
64.04 12.29
62.9 12.53
64.04 12.58
64.04 12.4
64.04 12.67
64.04 12.13
62.9 12.42
64.04 12.5
64.04 12.58
64.04 12.47
64.04 12.41
64.04 12.47
62.9 12.38
62.9 12.53
62.9 12.75
62.9 12.35
64.04 12.64
62.9 12.45
64.04 12.24
64.04 12.44
62.9 12.5
62.9 12.32
64.04 12.59
64.04 12.47
64.04 12.37
62.9 12.4
64.04 12.64
64.04 12.32
64.04 12.21
62.9 12.61
62.9 12.4
64.04 12.45
62.9 12.53
64.04 12.29
64.04 12.39
64.04 12.38
64.04 12.5
64.04 12.69
64.04 12.53
64.04 12.56
64.04 12.31
64.04 12.32
62.9 12.55
64.04 12.43
64.04 12.42
64.04 12.51
64.04 12.63
64.04 12.59
64.04 12.47
64.04 12.56
62.9 12.71
62.9 12.42
64.04 12.73
64.04 12.48
62.9 12.12
64.04 12.42
64.04 12.67
64.04 12.37
64.04 12.27
64.04 12.53
64.04 12.59
64.04 12.64
64.04 12.71
64.04 12.33
64.04 12.45
64.04 12.42
62.9 12.18
62.9 12.54
64.04 12.44
62.9 12.47
64.04 12.22
64.04 12.25
64.04 12.38
62.9 12.52
64.04 12.5
64.04 12.32
62.9 12.49
64.04 12.39
64.04 12.48
64.04 12.27
64.04 12.58
64.04 12.48
64.04 12.48
64.04 12.48
64.04 12.59
64.04 12.33
64.04 12.39
64.04 12.49
64.04 12.59
62.9 12.43
64.04 12.37
62.9 12.34
64.04 12.48
64.04 12.48
64.04 12.43
62.9 12.53
64.04 12.39
64.04 12.31
62.9 12.5
64.04 12.63
64.04 12.51
64.04 12.56
62.9 12.47
64.04 12.46
64.04 12.55
62.9 12.46
64.04 12.37
64.04 12.35
64.04 12.45
64.04 12.58
64.04 12.43
64.04 12.4
64.04 12.45
62.9 12.37
64.04 12.35
64.04 12.23
64.04 12.3
64.04 12.42
64.04 12.4
64.04 12.51
64.04 12.55
64.04 12.55
64.04 12.34
64.04 12.48
64.04 12.44
64.04 12.5
64.04 12.43
64.04 12.66
64.04 12.48
64.04 12.42
64.04 12.42
62.9 12.49
62.9 12.56
62.9 12.45
64.04 12.44
64.04 12.47
64.04 12.5
64.04 12.53
64.04 12.32
64.04 12.7
64.04 12.42
64.04 12.19
64.04 12.52
64.04 12.38
62.9 12.59
64.04 12.43
62.9 12.49
64.04 12.33
62.9 12.42
64.04 12.63
62.9 12.55
64.04 12.62
64.04 12.45
62.9 12.61
62.9 12.53
62.9 12.67
64.04 12.13
64.04 12.42
64.04 12.33
64.04 12.42
64.04 12.39
64.04 12.35
64.04 12.29
64.04 12.42
64.04 12.5
64.04 12.5
64.04 12.55
64.04 12.66
64.04 12.1
64.04 12.59
64.04 12.51
64.04 12.6
64.04 12.43
62.9 12.51
64.04 12.52
64.04 12.56
64.04 12.58
64.04 12.41
64.04 12.64
64.04 12.51
62.9 12.5
64.04 12.3
64.04 12.3
64.04 12.42
64.04 12.59
64.04 12.31
64.04 12.39
64.04 12.39
64.04 12.5
64.04 12.4
64.04 12.35
64.04 12.55
64.04 12.43
64.04 12.5
64.04 12.69
64.04 12.4
64.04 12.56
64.04 12.34
64.04 12.29
64.04 12.56
64.04 12.15
64.04 12.48
62.9 12.47
64.04 12.79
64.04 12.19
64.04 12.46
64.04 12.42
64.04 12.57
64.04 12.26
62.9 12.3
64.04 12.6
64.04 12.45
64.04 12.43
64.04 12.55
64.04 12.48
64.04 12.44
64.04 12.47
64.04 12.56
64.04 12.58
64.04 12.56
64.04 12.63
64.04 12.34
62.9 12.36
64.04 12.25
64.04 12.27
64.04 12.35
64.04 12.42
64.04 12.37
64.04 12.38
64.04 12.57
64.04 12.41
64.04 12.47
64.04 12.45
64.04 12.66
64.04 12.55
64.04 12.37
64.04 12.51
64.04 12.52
64.04 12.37
64.04 12.56
64.04 12.29
64.04 12.47
64.04 12.51
62.9 12.57
62.9 12.47
64.04 12.37
64.04 12.22
64.04 12.63
64.04 12.45
64.04 12.22
64.04 12.51
64.04 12.48
64.04 12.66
64.04 12.29
64.04 12.52
64.04 12.32
62.9 12.67
64.04 12.55
64.04 12.39
64.04 12.42
64.04 12.34
64.04 12.64
64.04 12.62
64.04 12.57
64.04 12.52
64.04 12.32
64.04 12.67
64.04 12.39
64.04 12.39
64.04 12.55
64.04 12.35
64.04 12.44
62.9 12.44
62.9 12.44
64.04 12.47
62.9 12.5
64.04 12.74
64.04 12.37
64.04 12.45
62.9 12.48
64.04 12.37
62.9 12.54
64.04 12.4
64.04 12.25
64.04 12.61
64.04 12.5
62.9 12.52
64.04 12.4
64.04 12.31
64.04 12.56
64.04 12.56
64.04 12.44
64.04 12.43
64.04 12.66
64.04 12.52
64.04 12.42
64.04 12.71
64.04 12.37
64.04 12.57
64.04 12.71
64.04 12.44
62.9 12.67
64.04 12.51
64.04 12.66
62.9 12.59
64.04 12.36
62.9 12.48
62.9 12.42
62.9 12.49
62.9 12.59
64.04 12.61
64.04 12.4
64.04 12.59
64.04 12.1
64.04 12.41
62.9 12.42
64.04 12.55
64.04 12.58
64.04 12.62
64.04 12.61
64.04 12.61
64.04 12.52
64.04 12.3
64.04 12.42
64.04 12.26
64.04 12.42
64.04 12.48
64.04 12.47
64.04 12.49
64.04 12.42
64.04 12.53
64.04 12.34
64.04 12.66
64.04 12.61
64.04 12.42
64.04 12.55
64.04 12.23
64.04 12.46
64.04 12.59
64.04 12.5
64.04 12.55
64.04 12.57
64.04 12.53
64.04 12.51
64.04 12.23
64.04 12.48
64.04 12.53
64.04 12.07
64.04 12.35
64.04 12.59
64.04 12.47
64.04 12.4
64.04 12.67
64.04 12.75
64.04 12.42
64.04 12.53
64.04 12.59
62.9 12.4
64.04 12.42
64.04 12.38
64.04 12.53
62.9 12.54
62.9 12.17
64.04 12.58
64.04 12.39
64.04 12.62
64.04 12.19
64.04 12.42
64.04 12.4
64.04 12.51
64.04 12.46
64.04 12.49
64.04 12.13
64.04 12.38
64.04 12.29
64.04 12.56
64.04 12.54
64.04 12.47
64.04 12.35
64.04 12.27
64.04 12.58
62.9 12.42
64.04 12.54
64.04 12.28
64.04 12.37
64.04 12.51
64.04 12.53
64.04 12.47
64.04 12.52
62.9 12.35
