41.24 1084400.0
41.24 1084420.0
41.24 1084440.0
40.1 1084460.0
41.24 1084480.0
41.24 1084500.0
41.24 1084520.0
41.24 1084540.0
41.24 1084560.0
41.24 1084580.0
41.24 1084600.0
41.24 1084620.0
41.24 1084640.0
41.24 1084660.0
41.24 1084680.0
40.1 1084700.0
41.24 1084720.0
41.24 1084740.0
41.24 1084760.0
41.24 1084780.0
41.24 1084800.0
41.24 1084820.0
41.24 1084840.0
41.24 1084860.0
41.24 1084880.0
41.24 1084900.0
41.24 1084920.0
41.24 1084940.0
41.24 1084960.0
41.24 1084980.0
41.24 1085000.0
41.24 1085020.0
41.24 1085040.0
41.24 1085060.0
41.24 1085080.0
41.24 1085100.0
41.24 1085120.0
41.24 1085140.0
41.24 1085160.0
41.24 1085180.0
41.24 1085200.0
41.24 1085220.0
41.24 1085240.0
41.24 1085260.0
41.24 1085280.0
41.24 1085300.0
41.24 1085320.0
41.24 1085340.0
41.24 1085360.0
41.24 1085380.0
40.1 1085400.0
41.24 1085420.0
40.1 1085440.0
41.24 1085460.0
41.24 1085480.0
41.24 1085500.0
41.24 1085520.0
41.24 1085540.0
41.24 1085560.0
41.24 1085580.0
41.24 1085600.0
41.24 1085620.0
41.24 1085640.0
41.24 1085660.0
41.24 1085680.0
41.24 1085700.0
41.24 1085720.0
41.24 1085740.0
41.24 1085760.0
41.24 1085780.0
41.24 1085800.0
41.24 1085820.0
41.24 1085840.0
41.24 1085860.0
41.24 1085880.0
41.24 1085900.0
41.24 1085920.0
41.24 1085940.0
41.24 1085960.0
41.24 1085980.0
41.24 1086000.0
41.24 1086020.0
41.24 1086040.0
41.24 1086060.0
41.24 1086080.0
40.1 1086100.0
41.24 1086120.0
41.24 1086140.0
41.24 1086160.0
41.24 1086180.0
41.24 1086200.0
41.24 1086220.0
40.1 1086240.0
41.24 1086260.0
41.24 1086280.0
41.24 1086300.0
41.24 1086320.0
41.24 1086340.0
41.24 1086360.0
41.24 1086380.0
41.24 1086400.0
41.24 1086420.0
41.24 1086440.0
41.24 1086460.0
41.24 1086480.0
41.24 1086500.0
40.1 1086520.0
40.1 1086540.0
41.24 1086560.0
41.24 1086580.0
41.24 1086600.0
41.24 1086620.0
41.24 1086640.0
41.24 1086660.0
41.24 1086680.0
41.24 1086700.0
41.24 1086720.0
40.1 1086740.0
41.24 1086760.0
40.1 1086780.0
41.24 1086800.0
41.24 1086820.0
41.24 1086840.0
41.24 1086860.0
41.24 1086880.0
41.24 1086900.0
41.24 1086920.0
41.24 1086940.0
41.24 1086960.0
41.24 1086980.0
41.24 1087000.0
41.24 1087020.0
41.24 1087040.0
40.1 1087060.0
41.24 1087080.0
41.24 1087100.0
41.24 1087120.0
41.24 1087140.0
41.24 1087160.0
41.24 1087180.0
41.24 1087200.0
41.24 1087220.0
41.24 1087240.0
41.24 1087260.0
40.1 1087280.0
41.24 1087300.0
40.1 1087320.0
41.24 1087340.0
41.24 1087360.0
41.24 1087380.0
41.24 1087400.0
41.24 1087420.0
41.24 1087440.0
40.1 1087460.0
41.24 1087480.0
41.24 1087500.0
41.24 1087520.0
40.1 1087540.0
41.24 1087560.0
41.24 1087580.0
41.24 1087600.0
40.1 1087620.0
41.24 1087640.0
41.24 1087660.0
40.1 1087680.0
41.24 1087700.0
41.24 1087720.0
41.24 1087740.0
41.24 1087760.0
41.24 1087780.0
41.24 1087800.0
41.24 1087820.0
41.24 1087840.0
40.1 1087860.0
41.24 1087880.0
41.24 1087900.0
41.24 1087920.0
41.24 1087940.0
41.24 1087960.0
41.24 1087980.0
40.1 1088000.0
41.24 1088020.0
41.24 1088040.0
41.24 1088060.0
41.24 1088080.0
41.24 1088100.0
41.24 1088120.0
41.24 1088140.0
41.24 1088160.0
40.1 1088180.0
41.24 1088200.0
40.1 1088220.0
41.24 1088240.0
41.24 1088260.0
41.24 1088280.0
41.24 1088300.0
41.24 1088320.0
41.24 1088340.0
41.24 1088360.0
41.24 1088380.0
41.24 1088400.0
41.24 1088420.0
41.24 1088440.0
41.24 1088460.0
41.24 1088480.0
41.24 1088500.0
41.24 1088520.0
40.1 1088540.0
41.24 1088560.0
41.24 1088580.0
41.24 1088600.0
41.24 1088620.0
41.24 1088640.0
41.24 1088660.0
41.24 1088680.0
41.24 1088700.0
41.24 1088720.0
41.24 1088740.0
41.24 1088760.0
41.24 1088780.0
41.24 1088800.0
41.24 1088820.0
41.24 1088840.0
42.38 1088860.0
41.24 1088880.0
41.24 1088900.0
41.24 1088920.0
41.24 1088940.0
41.24 1088960.0
41.24 1088980.0
41.24 1089000.0
41.24 1089020.0
41.24 1089040.0
41.24 1089060.0
41.24 1089080.0
41.24 1089100.0
41.24 1089120.0
41.24 1089140.0
41.24 1089160.0
41.24 1089180.0
41.24 1089200.0
41.24 1089220.0
41.24 1089240.0
41.24 1089260.0
41.24 1089280.0
41.24 1089300.0
41.24 1089320.0
41.24 1089340.0
41.24 1089360.0
41.24 1089380.0
41.24 1089400.0
41.24 1089420.0
41.24 1089440.0
41.24 1089460.0
41.24 1089480.0
41.24 1089500.0
41.24 1089520.0
41.24 1089540.0
41.24 1089560.0
41.24 1089580.0
40.1 1089600.0
40.1 1089620.0
41.24 1089640.0
40.1 1089660.0
41.24 1089680.0
41.24 1089700.0
41.24 1089720.0
41.24 1089740.0
41.24 1089760.0
41.24 1089780.0
41.24 1089800.0
41.24 1089820.0
41.24 1089840.0
41.24 1089860.0
41.24 1089880.0
41.24 1089900.0
41.24 1089920.0
41.24 1089940.0
41.24 1089960.0
41.24 1089980.0
41.24 1090000.0
41.24 1090020.0
41.24 1090040.0
41.24 1090060.0
42.38 1090080.0
41.24 1090100.0
41.24 1090120.0
41.24 1090140.0
41.24 1090160.0
41.24 1090180.0
41.24 1090200.0
41.24 1090220.0
41.24 1090240.0
41.24 1090260.0
41.24 1090280.0
41.24 1090300.0
41.24 1090320.0
40.1 1090340.0
41.24 1090360.0
41.24 1090380.0
41.24 1090400.0
41.24 1090420.0
41.24 1090440.0
40.1 1090460.0
41.24 1090480.0
40.1 1090500.0
41.24 1090520.0
41.24 1090540.0
41.24 1090560.0
41.24 1090580.0
41.24 1090600.0
41.24 1090620.0
41.24 1090640.0
41.24 1090660.0
41.24 1090680.0
41.24 1090700.0
41.24 1090720.0
41.24 1090740.0
41.24 1090760.0
41.24 1090780.0
41.24 1090800.0
41.24 1090820.0
41.24 1090840.0
41.24 1090860.0
41.24 1090880.0
40.1 1090900.0
41.24 1090920.0
40.1 1090940.0
41.24 1090960.0
41.24 1090980.0
41.24 1091000.0
41.24 1091020.0
41.24 1091040.0
41.24 1091060.0
41.24 1091080.0
41.24 1091100.0
41.24 1091120.0
41.24 1091140.0
41.24 1091160.0
41.24 1091180.0
41.24 1091200.0
40.1 1091220.0
41.24 1091240.0
41.24 1091260.0
41.24 1091280.0
41.24 1091300.0
41.24 1091320.0
40.1 1091340.0
41.24 1091360.0
41.24 1091380.0
40.1 1091400.0
41.24 1091420.0
41.24 1091440.0
41.24 1091460.0
41.24 1091480.0
41.24 1091500.0
41.24 1091520.0
41.24 1091540.0
40.1 1091560.0
41.24 1091580.0
41.24 1091600.0
40.1 1091620.0
41.24 1091640.0
41.24 1091660.0
41.24 1091680.0
41.24 1091700.0
41.24 1091720.0
41.24 1091740.0
41.24 1091760.0
41.24 1091780.0
41.24 1091800.0
41.24 1091820.0
41.24 1091840.0
41.24 1091860.0
41.24 1091880.0
41.24 1091900.0
41.24 1091920.0
42.38 1091940.0
41.24 1091960.0
41.24 1091980.0
41.24 1092000.0
40.1 1092020.0
41.24 1092040.0
41.24 1092060.0
41.24 1092080.0
40.1 1092100.0
41.24 1092120.0
41.24 1092140.0
41.24 1092160.0
41.24 1092180.0
40.1 1092200.0
40.1 1092220.0
40.1 1092240.0
41.24 1092260.0
40.1 1092280.0
41.24 1092300.0
41.24 1092320.0
40.1 1092340.0
40.1 1092360.0
41.24 1092380.0
40.1 1092400.0
41.24 1092420.0
41.24 1092440.0
40.1 1092460.0
40.1 1092480.0
41.24 1092500.0
41.24 1092520.0
41.24 1092540.0
40.1 1092560.0
41.24 1092580.0
41.24 1092600.0
40.1 1092620.0
41.24 1092640.0
41.24 1092660.0
41.24 1092680.0
40.1 1092700.0
41.24 1092720.0
41.24 1092740.0
41.24 1092760.0
41.24 1092780.0
41.24 1092800.0
41.24 1092820.0
40.1 1092840.0
41.24 1092860.0
40.1 1092880.0
41.24 1092900.0
41.24 1092920.0
41.24 1092940.0
41.24 1092960.0
41.24 1092980.0
41.24 1093000.0
41.24 1093020.0
41.24 1093040.0
41.24 1093060.0
40.1 1093080.0
41.24 1093100.0
41.24 1093120.0
40.1 1093140.0
41.24 1093160.0
41.24 1093180.0
41.24 1093200.0
41.24 1093220.0
41.24 1093240.0
41.24 1093260.0
41.24 1093280.0
41.24 1093300.0
41.24 1093320.0
41.24 1093340.0
40.1 1093360.0
40.1 1093380.0
40.1 1093400.0
40.1 1093420.0
41.24 1093440.0
41.24 1093460.0
41.24 1093480.0
41.24 1093500.0
41.24 1093520.0
41.24 1093540.0
41.24 1093560.0
41.24 1093580.0
41.24 1093600.0
41.24 1093620.0
41.24 1093640.0
40.1 1093660.0
40.1 1093680.0
41.24 1093700.0
41.24 1093720.0
41.24 1093740.0
41.24 1093760.0
41.24 1093780.0
41.24 1093800.0
41.24 1093820.0
41.24 1093840.0
41.24 1093860.0
41.24 1093880.0
41.24 1093900.0
41.24 1093920.0
41.24 1093940.0
41.24 1093960.0
41.24 1093980.0
41.24 1094000.0
41.24 1094020.0
41.24 1094040.0
41.24 1094060.0
41.24 1094080.0
41.24 1094100.0
41.24 1094120.0
40.1 1094140.0
41.24 1094160.0
41.24 1094180.0
41.24 1094200.0
41.24 1094220.0
41.24 1094240.0
40.1 1094260.0
41.24 1094280.0
41.24 1094300.0
41.24 1094320.0
40.1 1094340.0
41.24 1094360.0
41.24 1094380.0
40.1 1094400.0
41.24 1094420.0
41.24 1094440.0
41.24 1094460.0
41.24 1094480.0
40.1 1094500.0
41.24 1094520.0
41.24 1094540.0
41.24 1094560.0
41.24 1094580.0
40.1 1094600.0
40.1 1094620.0
41.24 1094640.0
41.24 1094660.0
41.24 1094680.0
41.24 1094700.0
41.24 1094720.0
40.1 1094740.0
40.1 1094760.0
41.24 1094780.0
41.24 1094800.0
41.24 1094820.0
41.24 1094840.0
41.24 1094860.0
41.24 1094880.0
41.24 1094900.0
41.24 1094920.0
41.24 1094940.0
41.24 1094960.0
41.24 1094980.0
40.1 1095000.0
41.24 1095020.0
40.1 1095040.0
41.24 1095060.0
41.24 1095080.0
41.24 1095100.0
41.24 1095120.0
40.1 1095140.0
41.24 1095160.0
41.24 1095180.0
40.1 1095200.0
41.24 1095220.0
41.24 1095240.0
41.24 1095260.0
41.24 1095280.0
40.1 1095300.0
41.24 1095320.0
41.24 1095340.0
41.24 1095360.0
41.24 1095380.0
41.24 1095400.0
41.24 1095420.0
41.24 1095440.0
41.24 1095460.0
41.24 1095480.0
41.24 1095500.0
41.24 1095520.0
40.1 1095540.0
41.24 1095560.0
41.24 1095580.0
40.1 1095600.0
41.24 1095620.0
41.24 1095640.0
41.24 1095660.0
41.24 1095680.0
41.24 1095700.0
41.24 1095720.0
40.1 1095740.0
41.24 1095760.0
41.24 1095780.0
40.1 1095800.0
40.1 1095820.0
41.24 1095840.0
41.24 1095860.0
40.1 1095880.0
41.24 1095900.0
41.24 1095920.0
41.24 1095940.0
41.24 1095960.0
41.24 1095980.0
41.24 1096000.0
41.24 1096020.0
41.24 1096040.0
41.24 1096060.0
41.24 1096080.0
41.24 1096100.0
41.24 1096120.0
41.24 1096140.0
41.24 1096160.0
41.24 1096180.0
41.24 1096200.0
41.24 1096220.0
41.24 1096240.0
41.24 1096260.0
41.24 1096280.0
41.24 1096300.0
41.24 1096320.0
40.1 1096340.0
40.1 1096360.0
41.24 1096380.0
41.24 1096400.0
41.24 1096420.0
41.24 1096440.0
40.1 1096460.0
41.24 1096480.0
41.24 1096500.0
41.24 1096520.0
41.24 1096540.0
41.24 1096560.0
41.24 1096580.0
40.1 1096600.0
41.24 1096620.0
40.1 1096640.0
40.1 1096660.0
41.24 1096680.0
41.24 1096700.0
41.24 1096720.0
41.24 1096740.0
41.24 1096760.0
41.24 1096780.0
41.24 1096800.0
40.1 1096820.0
40.1 1096840.0
40.1 1096860.0
41.24 1096880.0
40.1 1096900.0
41.24 1096920.0
41.24 1096940.0
41.24 1096960.0
41.24 1096980.0
41.24 1097000.0
41.24 1097020.0
41.24 1097040.0
41.24 1097060.0
41.24 1097080.0
41.24 1097100.0
41.24 1097120.0
41.24 1097140.0
41.24 1097160.0
41.24 1097180.0
41.24 1097200.0
41.24 1097220.0
40.1 1097240.0
41.24 1097260.0
41.24 1097280.0
41.24 1097300.0
41.24 1097320.0
41.24 1097340.0
41.24 1097360.0
41.24 1097380.0
41.24 1097400.0
41.24 1097420.0
40.1 1097440.0
41.24 1097460.0
41.24 1097480.0
40.1 1097500.0
41.24 1097520.0
41.24 1097540.0
41.24 1097560.0
41.24 1097580.0
41.24 1097600.0
41.24 1097620.0
41.24 1097640.0
41.24 1097660.0
41.24 1097680.0
40.1 1097700.0
40.1 1097720.0
41.24 1097740.0
41.24 1097760.0
41.24 1097780.0
41.24 1097800.0
40.1 1097820.0
41.24 1097840.0
41.24 1097860.0
40.1 1097880.0
41.24 1097900.0
41.24 1097920.0
41.24 1097940.0
41.24 1097960.0
41.24 1097980.0
41.24 1098000.0
41.24 1098020.0
40.1 1098040.0
40.1 1098060.0
41.24 1098080.0
40.1 1098100.0
41.24 1098120.0
41.24 1098140.0
40.1 1098160.0
41.24 1098180.0
41.24 1098200.0
41.24 1098220.0
41.24 1098240.0
41.24 1098260.0
41.24 1098280.0
41.24 1098300.0
41.24 1098320.0
40.1 1098340.0
41.24 1098360.0
41.24 1098380.0
40.1 1098400.0
41.24 1098420.0
40.1 1098440.0
41.24 1098460.0
40.1 1098480.0
41.24 1098500.0
40.1 1098520.0
41.24 1098540.0
40.1 1098560.0
41.24 1098580.0
41.24 1098600.0
41.24 1098620.0
41.24 1098640.0
41.24 1098660.0
41.24 1098680.0
41.24 1098700.0
41.24 1098720.0
41.24 1098740.0
41.24 1098760.0
41.24 1098780.0
40.1 1098800.0
41.24 1098820.0
41.24 1098840.0
41.24 1098860.0
41.24 1098880.0
41.24 1098900.0
41.24 1098920.0
40.1 1098940.0
40.1 1098960.0
41.24 1098980.0
41.24 1099000.0
40.1 1099020.0
41.24 1099040.0
41.24 1099060.0
40.1 1099080.0
40.1 1099100.0
41.24 1099120.0
40.1 1099140.0
41.24 1099160.0
41.24 1099180.0
41.24 1099200.0
41.24 1099220.0
41.24 1099240.0
40.1 1099260.0
41.24 1099280.0
41.24 1099300.0
41.24 1099320.0
41.24 1099340.0
41.24 1099360.0
41.24 1099380.0
40.1 1099400.0
41.24 1099420.0
41.24 1099440.0
41.24 1099460.0
41.24 1099480.0
41.24 1099500.0
41.24 1099520.0
40.1 1099540.0
41.24 1099560.0
41.24 1099580.0
41.24 1099600.0
41.24 1099620.0
41.24 1099640.0
41.24 1099660.0
41.24 1099680.0
40.1 1099700.0
40.1 1099720.0
40.1 1099740.0
41.24 1099760.0
41.24 1099780.0
41.24 1099800.0
41.24 1099820.0
41.24 1099840.0
41.24 1099860.0
41.24 1099880.0
40.1 1099900.0
41.24 1099920.0
40.1 1099940.0
41.24 1099960.0
41.24 1099980.0
41.24 1100000.0
40.1 1100020.0
41.24 1100040.0
41.24 1100060.0
41.24 1100080.0
41.24 1100100.0
41.24 1100120.0
40.1 1100140.0
41.24 1100160.0
41.24 1100180.0
41.24 1100200.0
41.24 1100220.0
41.24 1100240.0
41.24 1100260.0
41.24 1100280.0
40.1 1100300.0
40.1 1100320.0
41.24 1100340.0
41.24 1100360.0
41.24 1100380.0
41.24 1100400.0
41.24 1100420.0
41.24 1100440.0
41.24 1100460.0
40.1 1100480.0
40.1 1100500.0
41.24 1100520.0
41.24 1100540.0
41.24 1100560.0
41.24 1100580.0
41.24 1100600.0
41.24 1100620.0
41.24 1100640.0
40.1 1100660.0
40.1 1100680.0
41.24 1100700.0
41.24 1100720.0
41.24 1100740.0
41.24 1100760.0
41.24 1100780.0
41.24 1100800.0
41.24 1100820.0
41.24 1100840.0
41.24 1100860.0
40.1 1100880.0
41.24 1100900.0
41.24 1100920.0
41.24 1100940.0
41.24 1100960.0
41.24 1100980.0
41.24 1101000.0
41.24 1101020.0
41.24 1101040.0
40.1 1101060.0
41.24 1101080.0
41.24 1101100.0
41.24 1101120.0
41.24 1101140.0
41.24 1101160.0
40.1 1101180.0
40.1 1101200.0
41.24 1101220.0
40.1 1101240.0
41.24 1101260.0
40.1 1101280.0
41.24 1101300.0
41.24 1101320.0
41.24 1101340.0
41.24 1101360.0
41.24 1101380.0
41.24 1101400.0
41.24 1101420.0
41.24 1101440.0
41.24 1101460.0
41.24 1101480.0
41.24 1101500.0
40.1 1101520.0
40.1 1101540.0
40.1 1101560.0
41.24 1101580.0
41.24 1101600.0
41.24 1101620.0
41.24 1101640.0
41.24 1101660.0
40.1 1101680.0
41.24 1101700.0
41.24 1101720.0
40.1 1101740.0
41.24 1101760.0
41.24 1101780.0
40.1 1101800.0
41.24 1101820.0
41.24 1101840.0
40.1 1101860.0
41.24 1101880.0
41.24 1101900.0
41.24 1101920.0
41.24 1101940.0
41.24 1101960.0
41.24 1101980.0
41.24 1102000.0
41.24 1102020.0
41.24 1102040.0
41.24 1102060.0
41.24 1102080.0
40.1 1102100.0
41.24 1102120.0
41.24 1102140.0
41.24 1102160.0
40.1 1102180.0
40.1 1102200.0
41.24 1102220.0
40.1 1102240.0
40.1 1102260.0
41.24 1102280.0
41.24 1102300.0
40.1 1102320.0
41.24 1102340.0
41.24 1102360.0
40.1 1102380.0
41.24 1102400.0
40.1 1102420.0
41.24 1102440.0
41.24 1102460.0
41.24 1102480.0
41.24 1102500.0
41.24 1102520.0
40.1 1102540.0
41.24 1102560.0
41.24 1102580.0
41.24 1102600.0
41.24 1102620.0
41.24 1102640.0
40.1 1102660.0
41.24 1102680.0
41.24 1102700.0
40.1 1102720.0
41.24 1102740.0
41.24 1102760.0
41.24 1102780.0
40.1 1102800.0
41.24 1102820.0
41.24 1102840.0
41.24 1102860.0
40.1 1102880.0
40.1 1102900.0
41.24 1102920.0
41.24 1102940.0
41.24 1102960.0
41.24 1102980.0
41.24 1103000.0
41.24 1103020.0
41.24 1103040.0
41.24 1103060.0
41.24 1103080.0
41.24 1103100.0
41.24 1103120.0
41.24 1103140.0
41.24 1103160.0
40.1 1103180.0
41.24 1103200.0
41.24 1103220.0
41.24 1103240.0
41.24 1103260.0
41.24 1103280.0
41.24 1103300.0
41.24 1103320.0
41.24 1103340.0
41.24 1103360.0
41.24 1103380.0
41.24 1103400.0
41.24 1103420.0
41.24 1103440.0
41.24 1103460.0
41.24 1103480.0
41.24 1103500.0
41.24 1103520.0
41.24 1103540.0
41.24 1103560.0
41.24 1103580.0
41.24 1103600.0
40.1 1103620.0
40.1 1103640.0
41.24 1103660.0
41.24 1103680.0
41.24 1103700.0
41.24 1103720.0
40.1 1103740.0
40.1 1103760.0
41.24 1103780.0
41.24 1103800.0
41.24 1103820.0
41.24 1103840.0
40.1 1103860.0
41.24 1103880.0
41.24 1103900.0
41.24 1103920.0
41.24 1103940.0
41.24 1103960.0
41.24 1103980.0
41.24 1104000.0
41.24 1104020.0
41.24 1104040.0
41.24 1104060.0
41.24 1104080.0
41.24 1104100.0
41.24 1104120.0
41.24 1104140.0
41.24 1104160.0
41.24 1104180.0
41.24 1104200.0
40.1 1104220.0
41.24 1104240.0
41.24 1104260.0
41.24 1104280.0
41.24 1104300.0
41.24 1104320.0
41.24 1104340.0
41.24 1104360.0
41.24 1104380.0
41.24 1104400.0
41.24 1104420.0
41.24 1104440.0
40.1 1104460.0
41.24 1104480.0
40.1 1104500.0
41.24 1104520.0
41.24 1104540.0
41.24 1104560.0
40.1 1104580.0
40.1 1104600.0
41.24 1104620.0
41.24 1104640.0
41.24 1104660.0
40.1 1104680.0
41.24 1104700.0
41.24 1104720.0
41.24 1104740.0
41.24 1104760.0
41.24 1104780.0
40.1 1104800.0
41.24 1104820.0
40.1 1104840.0
41.24 1104860.0
41.24 1104880.0
41.24 1104900.0
41.24 1104920.0
41.24 1104940.0
41.24 1104960.0
41.24 1104980.0
41.24 1105000.0
41.24 1105020.0
41.24 1105040.0
41.24 1105060.0
41.24 1105080.0
41.24 1105100.0
41.24 1105120.0
41.24 1105140.0
41.24 1105160.0
41.24 1105180.0
41.24 1105200.0
41.24 1105220.0
40.1 1105240.0
41.24 1105260.0
40.1 1105280.0
41.24 1105300.0
41.24 1105320.0
41.24 1105340.0
40.1 1105360.0
41.24 1105380.0
41.24 1105400.0
41.24 1105420.0
41.24 1105440.0
41.24 1105460.0
41.24 1105480.0
41.24 1105500.0
41.24 1105520.0
40.1 1105540.0
40.1 1105560.0
40.1 1105580.0
41.24 1105600.0
41.24 1105620.0
41.24 1105640.0
41.24 1105660.0
41.24 1105680.0
40.1 1105700.0
41.24 1105720.0
41.24 1105740.0
41.24 1105760.0
41.24 1105780.0
41.24 1105800.0
40.1 1105820.0
41.24 1105840.0
40.1 1105860.0
41.24 1105880.0
41.24 1105900.0
41.24 1105920.0
41.24 1105940.0
40.1 1105960.0
41.24 1105980.0
41.24 1106000.0
41.24 1106020.0
41.24 1106040.0
41.24 1106060.0
41.24 1106080.0
41.24 1106100.0
41.24 1106120.0
41.24 1106140.0
41.24 1106160.0
41.24 1106180.0
41.24 1106200.0
41.24 1106220.0
41.24 1106240.0
41.24 1106260.0
41.24 1106280.0
40.1 1106300.0
40.1 1106320.0
40.1 1106340.0
41.24 1106360.0
41.24 1106380.0
40.1 1106400.0
41.24 1106420.0
41.24 1106440.0
40.1 1106460.0
41.24 1106480.0
40.1 1106500.0
41.24 1106520.0
41.24 1106540.0
40.1 1106560.0
41.24 1106580.0
41.24 1106600.0
41.24 1106620.0
41.24 1106640.0
41.24 1106660.0
41.24 1106680.0
41.24 1106700.0
41.24 1106720.0
41.24 1106740.0
41.24 1106760.0
41.24 1106780.0
40.1 1106800.0
41.24 1106820.0
41.24 1106840.0
41.24 1106860.0
41.24 1106880.0
41.24 1106900.0
41.24 1106920.0
41.24 1106940.0
41.24 1106960.0
41.24 1106980.0
41.24 1107000.0
41.24 1107020.0
41.24 1107040.0
41.24 1107060.0
40.1 1107080.0
41.24 1107100.0
41.24 1107120.0
41.24 1107140.0
41.24 1107160.0
41.24 1107180.0
41.24 1107200.0
41.24 1107220.0
40.1 1107240.0
40.1 1107260.0
41.24 1107280.0
41.24 1107300.0
41.24 1107320.0
41.24 1107340.0
41.24 1107360.0
41.24 1107380.0
41.24 1107400.0
41.24 1107420.0
41.24 1107440.0
41.24 1107460.0
41.24 1107480.0
41.24 1107500.0
41.24 1107520.0
40.1 1107540.0
41.24 1107560.0
41.24 1107580.0
41.24 1107600.0
41.24 1107620.0
41.24 1107640.0
41.24 1107660.0
41.24 1107680.0
41.24 1107700.0
41.24 1107720.0
41.24 1107740.0
41.24 1107760.0
41.24 1107780.0
41.24 1107800.0
41.24 1107820.0
41.24 1107840.0
41.24 1107860.0
41.24 1107880.0
41.24 1107900.0
41.24 1107920.0
41.24 1107940.0
41.24 1107960.0
41.24 1107980.0
41.24 1108000.0
41.24 1108020.0
41.24 1108040.0
40.1 1108060.0
41.24 1108080.0
40.1 1108100.0
41.24 1108120.0
41.24 1108140.0
41.24 1108160.0
41.24 1108180.0
41.24 1108200.0
41.24 1108220.0
41.24 1108240.0
41.24 1108260.0
40.1 1108280.0
41.24 1108300.0
41.24 1108320.0
40.1 1108340.0
41.24 1108360.0
40.1 1108380.0
40.1 1108400.0
41.24 1108420.0
41.24 1108440.0
41.24 1108460.0
41.24 1108480.0
41.24 1108500.0
41.24 1108520.0
41.24 1108540.0
41.24 1108560.0
41.24 1108580.0
41.24 1108600.0
41.24 1108620.0
41.24 1108640.0
41.24 1108660.0
40.1 1108680.0
41.24 1108700.0
40.1 1108720.0
41.24 1108740.0
41.24 1108760.0
41.24 1108780.0
41.24 1108800.0
41.24 1108820.0
40.1 1108840.0
41.24 1108860.0
41.24 1108880.0
41.24 1108900.0
41.24 1108920.0
41.24 1108940.0
41.24 1108960.0
41.24 1108980.0
41.24 1109000.0
41.24 1109020.0
41.24 1109040.0
41.24 1109060.0
41.24 1109080.0
41.24 1109100.0
41.24 1109120.0
41.24 1109140.0
41.24 1109160.0
41.24 1109180.0
41.24 1109200.0
40.1 1109220.0
40.1 1109240.0
41.24 1109260.0
41.24 1109280.0
40.1 1109300.0
41.24 1109320.0
41.24 1109340.0
41.24 1109360.0
41.24 1109380.0
41.24 1109400.0
41.24 1109420.0
41.24 1109440.0
41.24 1109460.0
41.24 1109480.0
41.24 1109500.0
41.24 1109520.0
40.1 1109540.0
41.24 1109560.0
41.24 1109580.0
41.24 1109600.0
41.24 1109620.0
41.24 1109640.0
40.1 1109660.0
41.24 1109680.0
41.24 1109700.0
41.24 1109720.0
41.24 1109740.0
40.1 1109760.0
41.24 1109780.0
41.24 1109800.0
41.24 1109820.0
41.24 1109840.0
41.24 1109860.0
41.24 1109880.0
40.1 1109900.0
41.24 1109920.0
41.24 1109940.0
41.24 1109960.0
40.1 1109980.0
41.24 1110000.0
41.24 1110020.0
41.24 1110040.0
41.24 1110060.0
41.24 1110080.0
40.1 1110100.0
41.24 1110120.0
41.24 1110140.0
41.24 1110160.0
41.24 1110180.0
41.24 1110200.0
41.24 1110220.0
41.24 1110240.0
41.24 1110260.0
41.24 1110280.0
41.24 1110300.0
41.24 1110320.0
41.24 1110340.0
41.24 1110360.0
41.24 1110380.0
40.1 1110400.0
40.1 1110420.0
41.24 1110440.0
41.24 1110460.0
41.24 1110480.0
41.24 1110500.0
41.24 1110520.0
41.24 1110540.0
40.1 1110560.0
41.24 1110580.0
40.1 1110600.0
41.24 1110620.0
40.1 1110640.0
40.1 1110660.0
41.24 1110680.0
40.1 1110700.0
41.24 1110720.0
41.24 1110740.0
40.1 1110760.0
41.24 1110780.0
41.24 1110800.0
41.24 1110820.0
40.1 1110840.0
41.24 1110860.0
41.24 1110880.0
41.24 1110900.0
41.24 1110920.0
41.24 1110940.0
40.1 1110960.0
41.24 1110980.0
41.24 1111000.0
41.24 1111020.0
41.24 1111040.0
41.24 1111060.0
41.24 1111080.0
41.24 1111100.0
41.24 1111120.0
41.24 1111140.0
41.24 1111160.0
41.24 1111180.0
41.24 1111200.0
41.24 1111220.0
41.24 1111240.0
41.24 1111260.0
41.24 1111280.0
40.1 1111300.0
41.24 1111320.0
41.24 1111340.0
41.24 1111360.0
41.24 1111380.0
41.24 1111400.0
41.24 1111420.0
41.24 1111440.0
40.1 1111460.0
40.1 1111480.0
41.24 1111500.0
41.24 1111520.0
41.24 1111540.0
41.24 1111560.0
40.1 1111580.0
40.1 1111600.0
41.24 1111620.0
41.24 1111640.0
41.24 1111660.0
41.24 1111680.0
41.24 1111700.0
41.24 1111720.0
41.24 1111740.0
41.24 1111760.0
41.24 1111780.0
40.1 1111800.0
41.24 1111820.0
41.24 1111840.0
41.24 1111860.0
41.24 1111880.0
40.1 1111900.0
41.24 1111920.0
40.1 1111940.0
41.24 1111960.0
41.24 1111980.0
41.24 1112000.0
40.1 1112020.0
41.24 1112040.0
41.24 1112060.0
41.24 1112080.0
41.24 1112100.0
41.24 1112120.0
40.1 1112140.0
41.24 1112160.0
41.24 1112180.0
41.24 1112200.0
41.24 1112220.0
41.24 1112240.0
40.1 1112260.0
41.24 1112280.0
41.24 1112300.0
41.24 1112320.0
40.1 1112340.0
40.1 1112360.0
41.24 1112380.0
41.24 1112400.0
41.24 1112420.0
41.24 1112440.0
41.24 1112460.0
41.24 1112480.0
41.24 1112500.0
41.24 1112520.0
41.24 1112540.0
41.24 1112560.0
41.24 1112580.0
41.24 1112600.0
41.24 1112620.0
41.24 1112640.0
40.1 1112660.0
41.24 1112680.0
41.24 1112700.0
41.24 1112720.0
41.24 1112740.0
40.1 1112760.0
41.24 1112780.0
41.24 1112800.0
41.24 1112820.0
41.24 1112840.0
41.24 1112860.0
40.1 1112880.0
41.24 1112900.0
41.24 1112920.0
41.24 1112940.0
41.24 1112960.0
41.24 1112980.0
41.24 1113000.0
41.24 1113020.0
41.24 1113040.0
41.24 1113060.0
40.1 1113080.0
41.24 1113100.0
41.24 1113120.0
41.24 1113140.0
41.24 1113160.0
41.24 1113180.0
41.24 1113200.0
41.24 1113220.0
41.24 1113240.0
41.24 1113260.0
41.24 1113280.0
41.24 1113300.0
40.1 1113320.0
41.24 1113340.0
41.24 1113360.0
41.24 1113380.0
41.24 1113400.0
41.24 1113420.0
41.24 1113440.0
41.24 1113460.0
41.24 1113480.0
41.24 1113500.0
41.24 1113520.0
40.1 1113540.0
41.24 1113560.0
41.24 1113580.0
41.24 1113600.0
