42.38 11.61
43.52 11.47
44.66 11.46
43.52 11.52
43.52 11.43
44.66 11.36
44.66 11.27
44.66 11.42
44.66 11.49
45.8 11.47
45.8 11.38
45.8 11.33
45.8 11.53
45.8 11.2
44.66 11.73
45.8 11.41
45.8 11.57
45.8 11.53
46.94 11.46
45.8 11.41
46.94 11.47
45.8 11.38
46.94 11.23
46.94 11.31
46.94 11.45
46.94 11.55
46.94 11.43
46.94 11.38
46.94 11.56
46.94 11.45
46.94 11.49
46.94 11.57
46.94 11.46
48.08 11.41
46.94 11.31
46.94 11.54
46.94 11.31
48.08 11.37
48.08 11.43
46.94 11.64
48.08 11.22
48.08 11.3
48.08 11.56
48.08 11.38
48.08 11.44
48.08 11.43
46.94 11.51
46.94 11.3
48.08 11.4
48.08 11.24
46.94 11.49
48.08 11.4
48.08 11.39
48.08 11.45
48.08 11.33
48.08 11.38
48.08 11.54
48.08 11.32
48.08 11.49
48.08 11.22
48.08 11.39
48.08 11.34
48.08 11.35
48.08 11.31
49.22 11.35
48.08 11.37
48.08 11.25
48.08 11.37
49.22 11.59
48.08 11.45
49.22 11.27
48.08 11.33
49.22 11.32
48.08 11.27
48.08 11.23
48.08 11.27
49.22 11.15
49.22 11.33
49.22 11.25
49.22 11.43
49.22 11.25
48.08 11.11
49.22 11.37
49.22 11.57
49.22 11.28
49.22 11.23
49.22 11.3
49.22 11.33
49.22 11.19
50.36 11.2
49.22 11.26
49.22 11.29
49.22 11.24
49.22 11.2
49.22 11.24
50.36 11.15
49.22 11.25
49.22 11.38
49.22 11.35
49.22 11.25
50.36 11.13
49.22 11.32
49.22 11.33
49.22 11.28
50.36 11.21
49.22 11.11
49.22 11.16
49.22 11.2
49.22 11.19
50.36 11.28
50.36 11.3
49.22 11.2
50.36 11.23
50.36 11.04
50.36 11.22
50.36 11.27
50.36 11.22
50.36 11.32
50.36 11.09
50.36 11.28
50.36 11.18
50.36 11.15
50.36 10.9
50.36 11.22
49.22 11.21
50.36 11.18
49.22 11.04
50.36 11.01
50.36 10.9
50.36 11.3
50.36 11.23
49.22 11.03
50.36 11.13
49.22 11.29
50.36 11.5
50.36 11.1
50.36 11.25
51.5 11.2
50.36 11.11
50.36 11.18
50.36 11.04
50.36 11.12
50.36 11.19
51.5 11.12
50.36 11.25
50.36 11.44
50.36 11.25
50.36 11.28
50.36 11.37
50.36 11.35
50.36 10.96
50.36 11.12
50.36 10.94
51.5 11.22
50.36 11.13
50.36 11.17
50.36 11.31
50.36 11.15
50.36 11.16
51.5 11.19
50.36 11.19
50.36 11.21
50.36 11.2
51.5 11.07
50.36 11.09
50.36 11.32
50.36 11.11
50.36 11.15
50.36 11.24
51.5 11.19
50.36 11.04
50.36 11.11
50.36 11.16
50.36 11.46
51.5 11.21
50.36 11.26
50.36 11.12
51.5 11.44
50.36 11.15
51.5 11.27
50.36 10.96
50.36 11.12
51.5 11.24
50.36 11.01
51.5 11.17
50.36 11.11
51.5 11.34
51.5 11.25
51.5 11.44
51.5 11.28
51.5 11.21
50.36 11.19
50.36 11.07
50.36 11.19
51.5 11.26
50.36 11.16
51.5 11.04
51.5 11.07
51.5 11.33
50.36 11.29
51.5 11.12
51.5 11.29
50.36 11.14
51.5 11.09
51.5 11.39
51.5 11.36
51.5 11.17
51.5 11.12
51.5 11.27
50.36 11.44
50.36 11.1
50.36 11.2
51.5 11.37
51.5 11.34
51.5 11.27
51.5 11.34
51.5 11.26
51.5 10.93
51.5 11.17
51.5 11.25
51.5 11.14
51.5 11.23
51.5 11.34
51.5 11.19
51.5 11.44
52.64 11.15
51.5 11.06
51.5 11.4
51.5 11.31
51.5 10.93
51.5 11.26
50.36 11.12
51.5 11.25
51.5 11.2
52.64 11.33
51.5 11.37
51.5 11.18
50.36 11.18
52.64 11.3
51.5 11.2
51.5 11.09
51.5 11.09
51.5 11.23
51.5 11.13
51.5 10.88
51.5 11.3
52.64 11.24
51.5 11.36
52.64 11.24
51.5 11.31
51.5 11.19
51.5 11.12
52.64 11.2
51.5 11.03
51.5 11.4
51.5 11.09
51.5 11.23
51.5 11.03
51.5 11.03
51.5 11.14
51.5 11.09
51.5 11.28
51.5 11.2
51.5 11.22
51.5 11.41
52.64 11.35
51.5 11.39
51.5 11.28
51.5 11.27
51.5 11.15
51.5 11.07
52.64 11.2
51.5 11.11
51.5 11.24
51.5 11.11
52.64 11.22
52.64 11.32
51.5 11.13
52.64 11.29
51.5 11.3
52.64 11.28
52.64 11.25
51.5 11.2
51.5 11.39
52.64 11.11
52.64 11.05
51.5 11.24
51.5 11.31
52.64 11.04
51.5 11.23
52.64 11.23
51.5 11.26
51.5 11.24
51.5 11.24
52.64 11.23
51.5 11.31
51.5 11.3
52.64 11.05
52.64 11.23
51.5 11.22
52.64 11.19
51.5 11.2
52.64 11.23
51.5 11.18
52.64 11.27
52.64 11.28
51.5 11.22
51.5 11.38
52.64 11.24
52.64 11.28
52.64 11.44
51.5 11.38
52.64 11.22
52.64 11.09
52.64 11.55
51.5 11.2
51.5 11.13
52.64 11.01
52.64 11.14
52.64 11.4
51.5 11.19
51.5 11.12
52.64 11.13
52.64 11.07
51.5 11.23
52.64 11.15
52.64 11.27
52.64 11.26
52.64 11.01
52.64 11.07
52.64 11.24
52.64 11.09
52.64 11.25
52.64 11.3
52.64 11.3
52.64 11.06
52.64 11.15
52.64 11.19
51.5 10.98
51.5 11.22
52.64 11.03
52.64 11.08
52.64 11.31
52.64 11.06
51.5 11.01
52.64 11.19
52.64 11.34
52.64 11.1
52.64 11.1
52.64 11.16
52.64 11.27
52.64 10.84
52.64 11.25
52.64 11.21
52.64 11.2
52.64 11.19
52.64 11.15
52.64 11.04
52.64 10.75
52.64 11.36
53.78 11.04
52.64 11.21
52.64 10.83
52.64 11.13
52.64 11.29
52.64 11.27
52.64 11.17
52.64 10.92
52.64 10.86
52.64 11.35
52.64 11.28
52.64 11.01
52.64 11.02
52.64 11.07
52.64 11.06
52.64 11.15
52.64 11.25
52.64 10.92
52.64 11.07
52.64 11.03
52.64 10.96
52.64 11.36
52.64 10.99
52.64 11.05
52.64 11.12
52.64 11.22
52.64 11.09
52.64 11.19
52.64 11.26
52.64 11.3
52.64 11.2
52.64 11.02
52.64 11.11
52.64 10.95
52.64 11.0
52.64 11.0
52.64 10.98
53.78 11.19
53.78 11.22
51.5 10.93
52.64 11.11
52.64 10.93
52.64 11.01
52.64 11.08
53.78 10.76
52.64 11.27
52.64 11.03
52.64 11.06
52.64 11.17
53.78 11.05
53.78 11.11
52.64 11.03
53.78 11.04
52.64 10.99
53.78 10.99
52.64 11.02
52.64 11.08
52.64 10.99
53.78 11.07
52.64 10.86
52.64 11.1
52.64 11.03
52.64 11.04
53.78 10.74
52.64 10.98
52.64 10.9
52.64 10.91
52.64 11.0
53.78 11.15
52.64 11.03
52.64 10.98
52.64 10.96
52.64 11.14
52.64 11.09
52.64 11.09
54.92 10.9
53.78 10.9
52.64 11.14
52.64 10.76
53.78 10.75
52.64 10.9
53.78 10.79
52.64 10.99
53.78 10.75
53.78 11.11
53.78 11.11
53.78 10.9
52.64 11.08
52.64 11.12
53.78 10.88
53.78 10.96
53.78 10.96
53.78 10.93
52.64 11.01
53.78 10.98
53.78 10.92
53.78 11.01
53.78 10.88
53.78 10.66
52.64 11.14
52.64 10.94
53.78 10.88
53.78 10.87
53.78 11.14
52.64 10.95
53.78 10.89
53.78 11.07
53.78 10.85
52.64 11.1
53.78 11.1
53.78 10.9
52.64 11.05
53.78 11.07
53.78 10.9
53.78 10.95
53.78 10.96
53.78 10.63
53.78 11.09
53.78 10.98
53.78 10.86
53.78 10.82
53.78 10.88
53.78 11.0
53.78 11.21
53.78 10.49
53.78 10.99
53.78 10.86
53.78 10.75
53.78 10.84
53.78 10.97
53.78 11.03
53.78 11.01
53.78 10.87
52.64 10.89
53.78 10.92
53.78 10.85
53.78 10.9
52.64 11.01
53.78 10.99
53.78 10.93
53.78 10.82
53.78 11.03
53.78 10.99
53.78 10.77
52.64 10.89
53.78 10.92
53.78 10.87
53.78 10.88
53.78 10.99
53.78 10.8
53.78 10.74
53.78 10.81
53.78 10.64
52.64 10.98
52.64 10.94
53.78 10.93
53.78 11.06
53.78 11.11
53.78 10.95
53.78 10.72
53.78 10.96
53.78 11.12
53.78 10.84
53.78 11.17
53.78 10.85
53.78 10.78
53.78 10.98
53.78 10.8
53.78 10.79
53.78 11.05
53.78 11.12
53.78 10.93
53.78 10.88
53.78 10.87
53.78 11.03
53.78 11.01
53.78 10.91
54.92 10.71
54.92 11.03
53.78 10.87
53.78 10.75
53.78 11.13
53.78 10.75
53.78 10.9
53.78 10.93
53.78 11.04
53.78 10.89
53.78 10.84
53.78 10.83
54.92 10.75
53.78 10.96
53.78 10.76
53.78 10.88
54.92 10.79
53.78 10.8
53.78 10.87
53.78 10.91
54.92 10.94
53.78 10.83
53.78 10.83
53.78 11.17
53.78 11.15
53.78 10.63
53.78 10.81
53.78 11.23
53.78 11.06
52.64 11.05
53.78 10.89
53.78 11.11
54.92 10.69
53.78 10.98
54.92 10.87
53.78 11.0
53.78 10.96
53.78 10.87
54.92 10.85
53.78 10.98
53.78 10.8
53.78 10.86
53.78 10.97
53.78 10.93
53.78 10.91
53.78 10.95
54.92 10.95
53.78 10.85
53.78 10.97
53.78 10.81
53.78 11.03
54.92 10.95
54.92 10.99
53.78 10.9
53.78 11.14
53.78 10.88
54.92 11.05
53.78 10.97
53.78 10.92
54.92 10.96
53.78 10.96
53.78 11.04
53.78 10.87
54.92 11.09
53.78 11.03
53.78 10.76
54.92 11.09
53.78 10.81
53.78 10.98
53.78 10.99
53.78 10.89
53.78 10.86
54.92 11.01
53.78 10.99
53.78 10.85
54.92 10.82
54.92 10.96
53.78 10.96
53.78 10.87
54.92 10.92
53.78 10.92
54.92 10.98
53.78 10.64
53.78 10.7
54.92 10.83
54.92 10.87
53.78 10.79
54.92 10.86
54.92 10.9
53.78 10.79
53.78 10.8
53.78 10.92
54.92 10.93
53.78 10.96
53.78 10.92
54.92 11.0
53.78 10.91
54.92 11.19
53.78 11.02
54.92 10.98
54.92 10.74
54.92 11.12
53.78 11.09
54.92 11.15
54.92 10.83
53.78 11.01
54.92 10.8
54.92 11.04
54.92 11.09
53.78 11.07
54.92 10.92
54.92 10.97
53.78 11.07
54.92 11.1
53.78 10.84
54.92 10.85
53.78 11.22
54.92 10.93
53.78 10.82
53.78 10.85
53.78 10.79
53.78 11.01
54.92 11.01
53.78 10.88
53.78 10.99
54.92 10.91
54.92 10.81
54.92 11.01
53.78 10.83
54.92 10.92
54.92 11.07
54.92 11.04
53.78 11.0
53.78 10.95
56.06 11.03
54.92 10.87
54.92 10.87
54.92 10.91
54.92 10.91
53.78 10.95
54.92 10.9
54.92 11.04
53.78 11.03
53.78 10.87
54.92 11.0
54.92 10.96
54.92 10.8
54.92 10.95
54.92 11.15
54.92 10.96
54.92 11.2
54.92 10.77
54.92 11.04
53.78 11.06
54.92 10.83
54.92 10.98
54.92 11.16
54.92 10.8
53.78 10.99
54.92 11.02
54.92 10.93
54.92 10.82
54.92 11.16
54.92 10.86
54.92 10.96
54.92 10.95
54.92 10.99
53.78 10.95
54.92 11.17
54.92 10.95
54.92 10.91
54.92 11.01
54.92 10.99
54.92 11.04
54.92 11.26
54.92 10.72
54.92 11.1
54.92 10.96
54.92 10.93
54.92 10.83
54.92 10.93
54.92 11.07
54.92 10.91
54.92 11.01
53.78 11.06
54.92 11.11
54.92 10.65
54.92 11.06
54.92 10.88
54.92 11.27
54.92 11.05
54.92 11.14
54.92 10.99
54.92 10.96
54.92 10.74
54.92 10.96
54.92 11.09
54.92 11.2
54.92 10.79
53.78 11.03
54.92 11.03
54.92 10.92
54.92 10.93
54.92 10.88
54.92 11.17
54.92 10.98
54.92 11.03
54.92 11.03
54.92 10.99
56.06 10.98
54.92 11.22
54.92 11.03
54.92 10.94
53.78 10.9
56.06 10.98
54.92 10.84
54.92 11.04
53.78 10.99
54.92 10.77
54.92 10.99
56.06 10.87
54.92 10.95
54.92 10.98
54.92 10.97
54.92 11.02
54.92 11.04
54.92 11.05
53.78 11.08
54.92 10.85
54.92 10.91
56.06 10.96
54.92 11.04
54.92 10.85
54.92 11.11
54.92 11.26
54.92 11.09
54.92 11.04
54.92 10.89
53.78 11.15
54.92 11.11
54.92 10.77
54.92 11.03
54.92 10.96
54.92 10.97
54.92 10.78
54.92 11.15
54.92 10.96
54.92 10.97
54.92 11.01
54.92 10.92
54.92 10.91
54.92 10.88
54.92 10.85
54.92 11.1
54.92 10.97
54.92 10.95
54.92 10.89
54.92 10.85
54.92 10.98
54.92 10.98
56.06 10.94
54.92 11.02
54.92 11.02
54.92 10.84
54.92 10.87
54.92 10.91
54.92 10.99
54.92 10.85
56.06 11.17
54.92 10.87
54.92 11.09
54.92 11.09
56.06 10.9
54.92 10.93
56.06 11.16
54.92 11.11
54.92 10.85
54.92 10.88
54.92 10.99
54.92 10.74
54.92 10.94
54.92 10.96
54.92 10.84
54.92 11.0
54.92 10.8
54.92 10.79
54.92 11.18
54.92 11.01
56.06 10.83
54.92 11.18
54.92 11.07
54.92 10.98
54.92 11.09
54.92 11.12
56.06 11.13
54.92 10.98
54.92 10.93
54.92 11.16
54.92 10.94
54.92 10.99
54.92 11.04
54.92 10.8
54.92 10.75
54.92 11.11
54.92 10.9
54.92 10.79
54.92 10.96
54.92 10.91
56.06 10.94
54.92 10.71
54.92 10.94
56.06 10.85
54.92 11.08
54.92 10.9
56.06 11.06
56.06 11.04
56.06 10.87
56.06 10.84
56.06 11.01
54.92 11.09
56.06 11.0
54.92 10.82
54.92 10.75
56.06 11.13
54.92 10.77
54.92 11.07
56.06 10.85
56.06 11.03
56.06 10.87
54.92 11.02
54.92 10.98
56.06 11.04
54.92 10.79
54.92 10.8
56.06 10.94
56.06 10.88
56.06 10.93
56.06 10.84
54.92 10.8
54.92 10.94
54.92 10.75
54.92 10.93
54.92 10.96
54.92 11.05
54.92 10.85
54.92 10.88
54.92 10.98
56.06 10.83
54.92 11.05
54.92 11.01
56.06 10.87
56.06 11.1
54.92 10.93
56.06 10.91
56.06 10.91
54.92 10.94
54.92 11.02
56.06 11.11
56.06 10.94
54.92 10.9
56.06 10.86
54.92 10.8
56.06 10.92
54.92 10.63
56.06 10.71
56.06 10.8
54.92 10.74
56.06 10.93
54.92 10.93
54.92 11.07
54.92 10.75
56.06 10.88
56.06 10.89
56.06 10.95
56.06 10.96
54.92 10.85
56.06 10.93
54.92 11.01
56.06 11.01
54.92 11.12
56.06 10.83
56.06 10.87
56.06 10.9
56.06 11.01
56.06 10.84
56.06 10.89
56.06 10.88
56.06 10.97
56.06 10.9
54.92 10.79
54.92 10.85
56.06 10.75
54.92 10.87
54.92 10.68
54.92 10.96
54.92 10.9
56.06 10.79
56.06 10.8
56.06 10.82
56.06 11.17
54.92 10.77
54.92 10.98
56.06 10.76
56.06 10.87
56.06 10.9
56.06 10.98
56.06 10.78
56.06 10.87
54.92 10.9
56.06 10.66
56.06 10.79
56.06 10.75
54.92 10.79
56.06 10.71
56.06 10.69
56.06 10.9
56.06 10.85
56.06 10.87
56.06 10.89
56.06 11.04
54.92 10.82
56.06 11.08
56.06 10.99
54.92 10.76
54.92 10.75
56.06 10.93
56.06 11.03
56.06 10.94
56.06 10.75
54.92 10.75
56.06 10.8
56.06 10.96
56.06 10.82
56.06 11.06
56.06 10.82
56.06 10.91
54.92 10.84
54.92 10.76
56.06 10.84
56.06 10.8
56.06 11.04
56.06 10.82
56.06 10.87
56.06 10.81
56.06 11.04
56.06 10.82
56.06 10.62
56.06 10.82
57.2 10.89
57.2 10.87
56.06 11.03
56.06 10.94
54.92 10.77
56.06 10.99
56.06 10.96
56.06 10.93
56.06 10.88
56.06 11.14
56.06 10.62
56.06 10.97
56.06 10.64
54.92 10.82
56.06 10.75
56.06 10.7
56.06 10.89
54.92 10.98
56.06 10.79
56.06 10.97
56.06 10.89
56.06 10.72
54.92 10.71
56.06 10.69
56.06 10.75
56.06 10.52
56.06 10.82
56.06 10.63
56.06 10.87
54.92 10.9
56.06 10.88
56.06 10.83
56.06 10.96
56.06 10.95
54.92 10.85
56.06 10.85
56.06 10.87
56.06 10.91
56.06 10.68
56.06 10.86
56.06 10.72
56.06 10.6
54.92 10.9
56.06 10.83
56.06 11.08
56.06 10.62
56.06 10.79
57.2 10.61
56.06 10.99
56.06 10.98
56.06 10.72
56.06 10.83
56.06 10.75
56.06 10.78
56.06 10.79
56.06 10.7
56.06 10.77
56.06 10.79
56.06 10.85
56.06 10.79
56.06 10.8
57.2 10.87
56.06 10.74
56.06 10.93
56.06 10.89
56.06 10.77
56.06 10.45
57.2 10.95
56.06 10.88
56.06 10.63
56.06 10.84
56.06 10.76
56.06 10.86
56.06 10.9
56.06 10.94
56.06 10.9
57.2 10.63
56.06 11.04
56.06 10.49
56.06 10.89
56.06 10.55
56.06 10.72
56.06 10.88
54.92 10.77
56.06 10.88
56.06 10.65
56.06 10.99
56.06 10.77
56.06 10.8
56.06 10.86
56.06 10.64
56.06 10.89
56.06 10.72
56.06 10.69
56.06 10.75
56.06 10.7
56.06 10.89
56.06 10.74
56.06 10.7
56.06 10.97
56.06 10.75
56.06 10.56
56.06 10.73
56.06 10.95
56.06 10.69
56.06 10.81
56.06 10.78
56.06 10.68
56.06 10.77
56.06 10.86
57.2 10.7
56.06 10.7
56.06 10.9
56.06 10.9
57.2 10.6
56.06 10.74
56.06 10.56
56.06 10.75
56.06 10.85
57.2 10.82
56.06 10.75
56.06 10.83
57.2 10.94
56.06 10.64
56.06 10.62
56.06 10.78
56.06 10.74
56.06 10.75
57.2 10.82
56.06 10.85
56.06 10.92
56.06 10.82
56.06 10.79
56.06 10.93
57.2 10.75
57.2 10.69
56.06 10.99
56.06 10.72
56.06 10.79
56.06 10.94
57.2 10.74
56.06 10.85
57.2 10.53
56.06 10.59
57.2 10.84
56.06 10.8
56.06 10.63
56.06 10.77
56.06 10.62
56.06 10.83
56.06 10.75
56.06 10.66
56.06 10.69
57.2 10.6
57.2 10.78
56.06 10.77
57.2 10.93
57.2 10.87
56.06 10.82
57.2 10.61
56.06 10.89
56.06 10.85
56.06 10.94
57.2 10.58
57.2 10.85
57.2 10.68
57.2 10.66
56.06 10.6
57.2 10.63
56.06 10.94
56.06 10.96
56.06 10.68
57.2 10.66
56.06 10.87
57.2 10.83
57.2 10.57
56.06 10.93
56.06 10.89
56.06 10.69
57.2 10.88
57.2 10.72
57.2 10.71
56.06 10.61
57.2 10.72
57.2 10.74
57.2 10.77
56.06 10.64
57.2 10.72
56.06 10.99
56.06 10.57
56.06 10.53
57.2 10.77
57.2 10.69
57.2 10.85
56.06 10.87
57.2 10.64
56.06 10.73
57.2 10.77
57.2 10.87
57.2 10.83
56.06 10.77
56.06 10.77
57.2 10.57
57.2 10.87
56.06 10.45
56.06 10.71
57.2 10.64
56.06 10.89
57.2 10.69
57.2 10.69
57.2 10.55
56.06 10.9
56.06 10.9
56.06 10.77
57.2 10.88
56.06 10.76
57.2 10.72
57.2 10.64
56.06 10.79
56.06 10.76
57.2 10.87
57.2 10.77
57.2 10.8
57.2 10.89
57.2 10.66
56.06 10.57
57.2 10.86
57.2 10.91
57.2 10.8
57.2 10.68
56.06 10.57
57.2 10.32
57.2 10.77
57.2 10.55
56.06 10.74
57.2 10.77
57.2 10.65
57.2 10.81
57.2 10.75
57.2 10.55
57.2 10.47
56.06 10.51
57.2 10.71
56.06 10.66
57.2 10.85
57.2 10.74
57.2 10.78
57.2 10.8
57.2 10.64
57.2 10.87
57.2 10.71
56.06 10.86
56.06 10.81
56.06 10.67
56.06 10.62
57.2 10.62
57.2 10.53
56.06 10.56
57.2 10.51
56.06 10.53
57.2 10.79
56.06 10.72
57.2 10.66
57.2 10.77
57.2 10.67
56.06 10.7
57.2 10.91
57.2 10.61
57.2 10.69
56.06 10.67
57.2 10.53
57.2 10.71
57.2 10.81
56.06 10.69
57.2 10.52
56.06 10.72
57.2 10.5
57.2 10.71
57.2 10.76
57.2 10.69
57.2 10.71
57.2 10.69
57.2 10.77
57.2 10.85
57.2 10.66
56.06 10.73
57.2 10.57
57.2 10.66
57.2 10.72
57.2 10.77
57.2 10.72
56.06 10.8
57.2 10.64
57.2 10.74
57.2 10.92
57.2 10.71
57.2 10.7
57.2 10.56
57.2 10.71
57.2 10.47
57.2 10.96
57.2 10.63
57.2 10.73
57.2 10.82
56.06 10.87
57.2 10.74
57.2 10.55
57.2 10.79
57.2 10.61
57.2 10.7
57.2 10.64
57.2 10.45
57.2 10.91
57.2 10.38
56.06 11.0
57.2 10.51
57.2 10.74
56.06 10.58
57.2 10.63
57.2 10.71
57.2 10.6
57.2 10.75
57.2 10.52
57.2 10.7
57.2 10.83
56.06 10.77
57.2 10.93
57.2 10.64
57.2 10.85
57.2 10.72
57.2 10.69
56.06 10.6
57.2 10.77
57.2 10.77
57.2 10.58
57.2 10.56
57.2 10.5
57.2 10.66
57.2 10.83
57.2 10.53
57.2 10.64
57.2 10.47
57.2 10.61
57.2 10.79
57.2 10.66
57.2 10.54
57.2 10.81
58.34 10.64
57.2 10.6
57.2 10.53
57.2 10.81
57.2 10.74
57.2 10.6
57.2 10.71
57.2 10.49
57.2 10.73
58.34 10.69
57.2 10.82
57.2 10.82
57.2 10.69
57.2 10.78
57.2 10.72
57.2 10.58
57.2 10.79
57.2 10.75
57.2 10.61
57.2 10.59
57.2 10.56
57.2 10.67
57.2 10.56
57.2 10.7
57.2 10.55
57.2 10.71
57.2 10.83
57.2 10.78
57.2 10.57
57.2 10.72
57.2 10.78
58.34 10.74
57.2 10.64
58.34 10.73
57.2 10.68
57.2 10.75
57.2 10.61
56.06 10.65
57.2 10.79
58.34 10.67
57.2 10.67
57.2 10.83
58.34 10.61
57.2 10.66
57.2 10.72
57.2 10.9
57.2 10.56
57.2 10.59
57.2 10.49
57.2 10.82
57.2 10.68
57.2 10.65
57.2 10.5
58.34 10.68
57.2 10.53
57.2 10.64
57.2 10.67
57.2 10.58
57.2 10.72
57.2 10.61
57.2 10.79
57.2 10.71
58.34 10.74
57.2 10.63
58.34 10.57
57.2 10.66
57.2 10.86
58.34 10.52
57.2 10.53
57.2 10.75
57.2 10.44
57.2 10.82
57.2 10.69
57.2 10.45
57.2 10.55
57.2 10.76
57.2 10.88
57.2 10.58
57.2 10.5
57.2 10.55
57.2 10.64
58.34 10.91
57.2 10.66
58.34 10.8
57.2 10.67
58.34 10.71
57.2 10.63
57.2 10.55
57.2 10.63
57.2 10.7
57.2 10.75
57.2 10.6
57.2 10.67
57.2 10.75
57.2 10.62
57.2 10.66
57.2 10.6
57.2 10.63
58.34 10.61
57.2 10.69
57.2 10.77
58.34 10.42
57.2 10.6
57.2 10.83
57.2 10.56
57.2 10.72
57.2 10.97
57.2 10.8
58.34 10.81
57.2 10.78
58.34 10.73
57.2 10.79
57.2 10.63
57.2 10.83
58.34 10.69
58.34 10.75
57.2 10.9
57.2 10.56
58.34 10.75
57.2 10.92
57.2 10.75
57.2 10.79
57.2 10.56
57.2 10.69
58.34 10.37
57.2 10.68
57.2 10.58
57.2 10.67
58.34 10.71
58.34 10.7
58.34 10.46
57.2 10.91
57.2 10.71
57.2 10.6
57.2 10.57
57.2 10.75
57.2 10.45
57.2 10.67
57.2 10.69
57.2 10.67
57.2 10.71
58.34 10.66
58.34 10.77
58.34 10.39
58.34 10.69
57.2 10.66
57.2 10.67
57.2 10.73
58.34 10.35
57.2 10.73
57.2 10.7
57.2 10.55
57.2 10.56
58.34 10.72
58.34 10.55
58.34 11.04
57.2 10.55
58.34 10.81
57.2 10.88
57.2 10.63
57.2 10.61
57.2 10.72
58.34 10.73
57.2 10.58
58.34 10.73
57.2 10.63
57.2 10.44
57.2 10.6
58.34 10.75
58.34 10.69
58.34 10.61
58.34 10.69
57.2 10.72
58.34 10.56
58.34 10.45
57.2 10.93
57.2 10.61
58.34 10.71
58.34 10.77
58.34 10.76
58.34 10.77
58.34 10.72
58.34 10.9
58.34 10.62
58.34 10.75
59.48 10.82
57.2 10.52
58.34 10.77
58.34 10.74
57.2 10.47
58.34 10.62
57.2 10.59
58.34 10.66
57.2 10.54
57.2 10.87
58.34 10.77
57.2 10.68
58.34 10.61
57.2 10.8
58.34 10.63
57.2 10.74
57.2 10.52
58.34 10.52
57.2 10.67
57.2 10.39
57.2 10.71
58.34 10.79
58.34 10.67
58.34 10.53
57.2 10.56
58.34 10.64
58.34 10.66
58.34 10.67
58.34 10.74
58.34 10.73
58.34 10.71
57.2 10.76
58.34 10.6
58.34 10.8
57.2 10.69
58.34 10.48
58.34 10.76
58.34 10.6
58.34 10.66
58.34 10.42
58.34 10.63
57.2 10.74
57.2 10.84
58.34 10.56
58.34 10.55
58.34 10.85
57.2 10.69
58.34 10.63
57.2 10.56
58.34 10.81
57.2 10.79
57.2 10.81
58.34 10.51
57.2 10.63
58.34 10.56
58.34 10.45
57.2 10.76
58.34 10.59
58.34 10.86
57.2 10.63
58.34 10.8
57.2 10.92
58.34 10.64
57.2 10.84
58.34 10.67
58.34 10.69
58.34 10.89
58.34 10.56
58.34 10.59
58.34 10.76
58.34 10.88
57.2 10.7
57.2 10.79
57.2 10.76
57.2 10.77
58.34 10.64
58.34 10.71
58.34 10.82
58.34 10.74
58.34 10.69
58.34 10.77
58.34 10.76
58.34 10.74
58.34 10.69
58.34 10.64
58.34 10.63
58.34 10.71
57.2 10.7
58.34 10.73
57.2 10.67
58.34 10.92
58.34 10.63
58.34 10.6
58.34 10.82
58.34 10.67
58.34 10.77
58.34 10.86
58.34 10.59
58.34 10.53
58.34 10.71
58.34 10.65
58.34 10.85
58.34 10.69
57.2 10.75
57.2 10.71
58.34 10.68
58.34 10.75
58.34 10.6
57.2 10.71
58.34 10.64
58.34 10.73
58.34 10.66
58.34 10.7
58.34 10.55
58.34 10.95
57.2 10.67
58.34 10.56
58.34 10.69
58.34 10.64
58.34 10.65
58.34 10.51
59.48 10.7
58.34 10.74
57.2 10.77
58.34 10.79
58.34 10.61
58.34 10.6
58.34 10.55
57.2 10.79
58.34 10.74
57.2 10.75
58.34 10.56
58.34 10.52
58.34 10.75
57.2 10.99
58.34 10.64
58.34 10.81
58.34 10.77
58.34 10.46
58.34 10.74
58.34 10.48
59.48 10.68
58.34 10.54
58.34 10.67
58.34 10.78
58.34 10.37
59.48 10.69
58.34 10.66
58.34 10.79
58.34 10.67
58.34 10.65
59.48 10.7
58.34 10.88
58.34 10.62
58.34 10.66
57.2 10.64
58.34 10.74
58.34 10.58
58.34 11.09
59.48 10.58
58.34 10.81
57.2 10.64
58.34 10.86
58.34 10.74
59.48 10.66
58.34 10.66
58.34 10.72
59.48 10.58
58.34 10.55
58.34 10.75
59.48 10.9
58.34 10.79
58.34 10.71
58.34 10.64
58.34 10.75
58.34 10.72
58.34 10.52
58.34 10.69
58.34 10.44
58.34 10.73
58.34 10.71
58.34 10.77
58.34 10.56
58.34 10.64
58.34 10.82
58.34 10.64
59.48 10.77
58.34 10.54
58.34 10.63
59.48 10.66
58.34 10.87
58.34 10.61
58.34 10.72
58.34 10.72
58.34 10.66
58.34 10.5
58.34 10.77
58.34 10.67
58.34 10.66
59.48 10.67
57.2 10.69
58.34 10.8
58.34 10.71
59.48 10.55
58.34 10.71
58.34 10.72
58.34 10.84
58.34 10.66
58.34 10.47
58.34 10.79
58.34 10.79
57.2 10.65
58.34 10.67
58.34 10.64
58.34 10.67
59.48 10.78
58.34 10.61
58.34 10.77
58.34 10.7
59.48 10.52
58.34 10.68
58.34 10.64
58.34 10.85
58.34 10.66
58.34 10.6
57.2 10.72
58.34 10.47
59.48 10.8
58.34 10.91
58.34 10.77
58.34 10.74
58.34 10.58
58.34 10.46
58.34 10.61
59.48 10.67
58.34 10.66
58.34 10.62
58.34 10.8
58.34 10.74
59.48 10.93
58.34 10.89
59.48 10.82
58.34 10.83
58.34 10.71
58.34 10.8
58.34 10.77
58.34 10.66
58.34 10.68
59.48 10.65
58.34 10.79
58.34 10.55
58.34 10.56
58.34 10.55
59.48 10.73
58.34 10.71
58.34 10.74
58.34 10.6
58.34 10.65
58.34 10.73
58.34 10.65
58.34 10.81
58.34 10.64
58.34 10.91
58.34 10.77
59.48 10.77
59.48 10.45
59.48 10.64
57.2 10.55
58.34 10.9
59.48 10.79
58.34 10.67
59.48 10.75
58.34 10.61
58.34 10.82
59.48 10.82
58.34 10.55
58.34 10.65
58.34 10.49
59.48 10.47
58.34 10.67
58.34 10.75
58.34 10.74
58.34 10.79
59.48 10.6
58.34 10.66
58.34 10.6
58.34 10.74
58.34 10.66
59.48 10.63
58.34 10.6
59.48 10.58
58.34 10.45
58.34 10.63
59.48 10.76
58.34 10.66
58.34 10.75
58.34 10.86
59.48 10.78
59.48 10.81
59.48 10.65
58.34 10.81
59.48 10.74
58.34 10.66
58.34 10.69
59.48 10.75
58.34 10.7
58.34 10.79
58.34 10.77
58.34 10.8
58.34 10.56
58.34 10.75
58.34 10.64
58.34 10.95
58.34 10.85
58.34 10.84
58.34 10.74
58.34 10.87
58.34 10.92
59.48 10.72
59.48 10.77
58.34 10.64
58.34 10.6
58.34 10.8
58.34 10.42
58.34 10.58
58.34 10.53
58.34 10.73
58.34 10.77
59.48 10.54
58.34 10.89
58.34 10.91
58.34 10.88
59.48 10.79
58.34 10.78
58.34 10.51
59.48 10.78
58.34 10.53
58.34 10.71
58.34 10.8
59.48 10.53
58.34 10.79
58.34 10.6
59.48 10.59
58.34 10.54
58.34 10.7
58.34 10.75
59.48 10.81
58.34 10.64
58.34 10.63
59.48 10.85
58.34 10.5
59.48 10.77
58.34 10.56
59.48 10.69
59.48 10.64
58.34 10.76
59.48 10.58
59.48 10.59
59.48 10.71
58.34 10.72
59.48 10.63
59.48 10.88
59.48 10.77
58.34 10.79
58.34 10.66
58.34 10.67
58.34 10.79
59.48 10.75
58.34 10.7
58.34 10.8
58.34 10.56
58.34 10.61
59.48 10.71
59.48 10.75
59.48 10.67
58.34 10.61
58.34 10.71
59.48 10.69
58.34 10.68
58.34 10.77
59.48 10.6
59.48 10.86
59.48 10.98
58.34 10.8
59.48 10.77
59.48 10.93
58.34 10.78
59.48 10.79
59.48 10.63
58.34 10.61
58.34 10.72
58.34 10.55
59.48 10.49
59.48 10.56
58.34 10.63
58.34 10.75
58.34 10.66
58.34 10.52
58.34 10.62
58.34 10.9
58.34 10.67
59.48 10.82
59.48 10.74
59.48 10.63
59.48 10.69
58.34 10.67
58.34 10.77
59.48 10.72
59.48 10.76
58.34 10.74
58.34 10.6
57.2 10.46
59.48 10.56
59.48 10.69
59.48 10.74
60.62 10.75
59.48 10.71
59.48 10.66
59.48 10.67
58.34 10.75
59.48 10.61
58.34 10.63
59.48 10.86
58.34 10.83
59.48 10.77
58.34 10.71
59.48 10.56
59.48 10.62
58.34 10.59
59.48 10.62
59.48 10.82
58.34 10.56
59.48 10.69
59.48 10.75
59.48 10.63
59.48 10.64
58.34 10.5
59.48 10.8
59.48 10.73
59.48 10.79
59.48 10.67
58.34 10.62
59.48 10.9
59.48 10.52
58.34 10.6
59.48 10.77
59.48 10.82
58.34 10.78
58.34 10.73
59.48 10.7
59.48 10.58
58.34 11.1
59.48 10.57
58.34 10.49
58.34 10.8
59.48 10.65
59.48 10.89
59.48 10.7
59.48 10.71
59.48 10.72
59.48 10.7
59.48 10.59
59.48 10.6
59.48 10.83
59.48 10.75
59.48 10.83
59.48 10.54
59.48 10.78
58.34 10.79
59.48 10.6
59.48 10.71
58.34 10.69
58.34 10.7
59.48 10.8
59.48 10.69
59.48 10.66
59.48 10.66
59.48 10.75
59.48 10.51
59.48 10.67
59.48 10.58
59.48 10.6
59.48 10.67
58.34 10.9
59.48 10.68
59.48 10.74
59.48 10.66
59.48 10.72
59.48 10.67
59.48 10.57
58.34 10.93
59.48 10.98
59.48 10.78
59.48 10.71
59.48 10.77
59.48 10.79
59.48 10.8
59.48 10.57
59.48 10.65
59.48 10.82
59.48 10.57
59.48 10.8
59.48 10.67
59.48 10.61
59.48 10.75
58.34 10.72
59.48 10.61
59.48 10.71
59.48 10.64
59.48 10.59
59.48 10.66
59.48 10.47
59.48 10.71
59.48 10.61
59.48 10.66
59.48 10.84
59.48 10.69
59.48 10.82
59.48 10.74
59.48 10.64
59.48 10.52
59.48 10.77
59.48 10.87
58.34 10.56
59.48 10.6
59.48 10.66
59.48 10.87
59.48 10.66
59.48 10.72
59.48 10.78
59.48 10.69
58.34 10.9
59.48 10.7
59.48 10.65
59.48 10.8
59.48 10.87
59.48 10.56
59.48 10.71
59.48 10.67
59.48 10.86
58.34 10.79
60.62 10.77
58.34 10.73
59.48 10.74
59.48 10.63
58.34 10.65
59.48 10.67
59.48 10.54
59.48 10.54
59.48 10.69
59.48 10.61
59.48 10.83
59.48 10.66
59.48 10.82
59.48 10.58
59.48 10.77
59.48 10.75
59.48 10.5
58.34 10.87
59.48 10.77
59.48 10.52
59.48 10.69
59.48 10.74
59.48 10.7
60.62 10.78
59.48 10.75
59.48 10.64
59.48 10.78
59.48 10.69
59.48 10.57
59.48 10.8
58.34 10.67
59.48 10.69
59.48 10.75
59.48 10.78
59.48 10.56
59.48 10.92
59.48 10.85
59.48 10.58
59.48 10.91
59.48 10.75
59.48 10.73
59.48 10.71
59.48 10.71
59.48 10.58
59.48 10.72
59.48 10.71
59.48 10.74
59.48 10.74
58.34 10.83
59.48 10.91
59.48 10.9
59.48 10.99
59.48 10.83
59.48 10.8
59.48 10.53
59.48 10.75
59.48 10.71
59.48 10.65
59.48 10.62
59.48 10.59
59.48 11.02
58.34 10.75
59.48 10.78
59.48 10.61
59.48 10.69
59.48 10.71
59.48 10.79
59.48 10.63
59.48 10.68
59.48 10.63
59.48 10.59
59.48 10.65
59.48 10.6
59.48 10.73
59.48 10.88
59.48 10.87
59.48 10.91
59.48 10.79
59.48 10.78
59.48 10.79
59.48 10.63
59.48 10.71
59.48 10.91
59.48 10.58
59.48 10.79
59.48 10.43
59.48 10.72
59.48 10.54
60.62 10.99
59.48 10.66
59.48 10.48
59.48 10.8
59.48 10.54
59.48 10.79
59.48 10.87
60.62 10.72
59.48 10.85
59.48 10.6
59.48 10.87
60.62 10.77
59.48 10.88
59.48 10.76
59.48 10.66
59.48 10.74
59.48 10.69
59.48 10.72
59.48 10.77
60.62 10.72
59.48 10.75
59.48 10.68
60.62 10.62
59.48 10.85
59.48 10.85
59.48 10.48
59.48 10.74
59.48 10.8
59.48 10.67
59.48 10.8
59.48 10.82
59.48 10.58
59.48 10.8
59.48 10.99
59.48 10.83
59.48 10.76
59.48 10.83
59.48 10.9
59.48 10.79
59.48 10.62
59.48 10.93
59.48 10.76
59.48 10.85
59.48 10.79
59.48 10.69
60.62 10.59
59.48 10.61
59.48 10.61
59.48 10.56
59.48 10.57
59.48 10.72
59.48 10.62
59.48 10.67
59.48 10.64
60.62 10.66
59.48 10.61
59.48 10.82
58.34 10.47
59.48 10.71
59.48 10.7
59.48 10.74
59.48 10.72
59.48 10.79
59.48 10.69
60.62 10.61
59.48 10.74
59.48 10.82
59.48 10.88
59.48 10.79
59.48 10.8
59.48 10.63
59.48 10.75
59.48 10.6
59.48 10.62
59.48 10.87
59.48 10.72
59.48 10.78
59.48 10.53
59.48 10.63
59.48 10.67
60.62 10.54
59.48 10.6
60.62 10.67
59.48 10.69
59.48 10.73
59.48 10.66
59.48 10.53
59.48 10.64
60.62 10.66
59.48 10.77
59.48 10.58
59.48 10.85
59.48 10.67
59.48 10.82
59.48 10.78
59.48 10.66
59.48 10.75
59.48 10.58
59.48 10.63
59.48 10.67
59.48 10.88
59.48 10.66
59.48 10.74
59.48 10.65
59.48 10.71
59.48 10.69
59.48 10.73
60.62 10.8
59.48 10.79
59.48 10.66
59.48 10.66
59.48 10.72
59.48 10.55
59.48 10.85
60.62 10.63
59.48 10.77
59.48 10.75
59.48 10.88
59.48 10.95
59.48 10.77
60.62 10.61
59.48 10.84
60.62 10.78
59.48 10.68
60.62 10.77
59.48 10.67
59.48 10.75
59.48 10.67
59.48 11.0
59.48 10.69
59.48 10.73
60.62 10.69
59.48 10.68
59.48 10.52
59.48 10.71
59.48 10.73
59.48 10.61
60.62 10.71
59.48 10.84
60.62 10.64
59.48 10.81
59.48 10.76
59.48 10.83
60.62 10.74
59.48 10.53
60.62 10.95
59.48 10.71
59.48 10.8
59.48 10.9
59.48 10.9
60.62 10.86
59.48 10.83
60.62 10.64
59.48 10.86
59.48 10.75
59.48 10.61
59.48 10.67
59.48 10.77
60.62 10.93
59.48 10.87
60.62 10.77
60.62 10.83
60.62 10.82
59.48 10.52
59.48 10.73
60.62 10.6
59.48 10.69
59.48 10.74
60.62 10.84
60.62 10.75
60.62 10.82
59.48 10.68
59.48 10.56
59.48 10.72
60.62 10.64
60.62 10.67
59.48 10.68
59.48 10.58
59.48 10.53
59.48 10.66
60.62 10.71
59.48 10.72
59.48 10.64
59.48 10.79
60.62 10.65
59.48 10.68
59.48 10.73
60.62 10.77
59.48 10.79
60.62 10.85
60.62 10.64
59.48 10.84
60.62 10.72
60.62 10.82
60.62 10.58
59.48 10.58
59.48 10.66
60.62 10.85
59.48 10.91
59.48 10.63
59.48 10.58
59.48 10.65
60.62 11.04
59.48 10.65
60.62 10.61
60.62 10.77
59.48 10.63
60.62 10.6
60.62 10.9
59.48 10.53
59.48 10.82
60.62 10.73
60.62 10.81
59.48 10.8
59.48 10.54
59.48 10.72
59.48 10.7
60.62 10.83
60.62 10.66
59.48 10.84
60.62 10.5
59.48 10.85
59.48 10.71
59.48 10.67
60.62 10.93
59.48 11.07
60.62 10.82
59.48 10.77
60.62 10.63
59.48 10.67
59.48 10.99
60.62 10.71
59.48 10.71
60.62 10.83
59.48 10.76
59.48 10.58
60.62 10.76
59.48 10.69
60.62 10.85
60.62 10.67
60.62 10.8
59.48 10.7
60.62 10.77
60.62 10.79
59.48 10.54
60.62 10.62
59.48 10.66
59.48 10.8
60.62 10.82
59.48 10.45
59.48 10.74
60.62 10.81
60.62 10.63
60.62 10.58
59.48 10.88
59.48 10.63
59.48 10.57
60.62 10.82
59.48 10.7
60.62 10.67
60.62 10.58
60.62 10.71
59.48 10.68
60.62 11.02
60.62 10.72
60.62 10.66
60.62 10.82
59.48 10.71
60.62 10.56
59.48 10.69
60.62 10.7
60.62 10.96
60.62 10.47
59.48 10.71
59.48 10.66
59.48 10.61
59.48 10.79
59.48 10.8
60.62 10.74
60.62 10.66
60.62 10.79
59.48 10.68
59.48 10.85
59.48 10.78
60.62 10.68
60.62 10.75
60.62 10.85
60.62 10.79
60.62 10.78
60.62 10.67
59.48 10.63
60.62 10.67
60.62 10.97
60.62 10.84
60.62 10.71
60.62 10.75
60.62 10.63
60.62 10.55
60.62 10.6
60.62 10.9
60.62 10.6
60.62 10.75
60.62 10.75
59.48 10.74
59.48 10.72
60.62 10.73
59.48 10.9
60.62 10.93
60.62 10.55
59.48 10.83
60.62 10.79
60.62 10.89
60.62 10.63
60.62 10.65
59.48 10.72
60.62 10.71
60.62 10.85
60.62 10.8
59.48 10.75
60.62 10.72
60.62 10.7
59.48 10.72
59.48 10.87
60.62 10.74
60.62 10.87
60.62 10.69
59.48 10.55
60.62 10.63
59.48 10.87
60.62 10.74
60.62 10.79
60.62 10.7
60.62 10.52
60.62 10.71
60.62 10.52
60.62 10.81
60.62 10.58
60.62 10.64
59.48 10.78
60.62 10.72
59.48 10.8
60.62 10.6
60.62 10.72
60.62 10.61
60.62 10.84
60.62 10.83
59.48 10.66
59.48 10.5
59.48 10.74
60.62 10.55
60.62 10.63
60.62 10.71
60.62 10.64
60.62 10.58
60.62 10.73
59.48 10.92
59.48 10.95
60.62 10.72
59.48 10.71
59.48 10.62
59.48 10.61
60.62 10.83
60.62 10.79
60.62 10.75
59.48 10.87
60.62 10.56
60.62 10.65
60.62 10.4
60.62 10.64
60.62 10.73
60.62 10.95
60.62 10.61
60.62 10.61
59.48 10.7
60.62 10.72
60.62 10.79
60.62 10.66
59.48 10.93
60.62 10.79
59.48 10.78
60.62 10.52
60.62 10.72
60.62 10.66
60.62 10.85
59.48 10.88
60.62 10.4
60.62 10.6
60.62 10.56
60.62 10.91
60.62 10.61
60.62 10.66
60.62 10.85
60.62 10.8
60.62 10.77
60.62 10.88
59.48 10.67
60.62 10.77
59.48 10.65
60.62 10.57
59.48 10.89
60.62 10.61
60.62 10.9
60.62 10.87
60.62 10.71
60.62 10.57
60.62 10.76
60.62 10.72
59.48 10.68
60.62 10.91
60.62 10.71
60.62 10.73
60.62 11.01
59.48 10.72
59.48 10.84
59.48 10.81
60.62 10.75
60.62 10.8
60.62 10.71
60.62 10.72
60.62 10.75
59.48 10.78
60.62 10.77
60.62 10.82
60.62 10.76
60.62 10.77
60.62 10.62
60.62 10.82
60.62 10.53
60.62 10.75
60.62 10.69
60.62 10.61
61.76 10.8
60.62 10.85
60.62 10.88
60.62 10.66
60.62 10.59
60.62 10.77
60.62 10.79
61.76 10.88
60.62 10.64
60.62 10.61
60.62 10.96
59.48 10.96
59.48 10.85
60.62 10.69
60.62 10.75
60.62 10.9
60.62 10.78
60.62 10.81
60.62 10.72
60.62 10.85
60.62 10.66
60.62 10.83
60.62 10.79
59.48 10.83
60.62 10.43
59.48 10.66
60.62 10.74
60.62 10.55
59.48 10.76
60.62 10.75
60.62 10.7
60.62 10.69
60.62 10.55
60.62 10.63
60.62 10.66
60.62 10.92
60.62 10.81
60.62 10.7
60.62 10.82
60.62 10.51
60.62 10.63
60.62 10.8
60.62 10.69
60.62 10.75
60.62 10.51
61.76 10.88
60.62 10.85
59.48 10.7
60.62 10.61
60.62 10.8
60.62 10.8
60.62 10.72
60.62 10.67
60.62 10.8
60.62 10.67
59.48 10.77
60.62 10.71
59.48 10.58
60.62 10.6
60.62 10.72
60.62 10.65
60.62 10.64
60.62 10.87
60.62 10.77
60.62 10.61
60.62 10.74
60.62 10.71
60.62 10.73
60.62 10.47
60.62 10.83
60.62 10.82
60.62 10.72
60.62 10.64
60.62 10.77
60.62 10.71
60.62 10.72
60.62 10.72
60.62 10.58
59.48 10.79
59.48 10.71
60.62 10.64
60.62 10.88
60.62 10.67
60.62 10.78
60.62 10.81
60.62 10.75
60.62 10.68
59.48 10.66
60.62 10.91
59.48 10.77
60.62 10.82
60.62 10.82
60.62 10.52
61.76 10.66
60.62 10.74
60.62 10.67
61.76 10.9
59.48 10.77
59.48 10.58
60.62 10.58
60.62 10.83
60.62 10.7
59.48 10.58
60.62 10.7
61.76 10.7
60.62 10.63
60.62 10.78
60.62 10.69
61.76 10.7
59.48 10.69
60.62 10.83
60.62 10.77
60.62 10.8
60.62 10.59
59.48 10.64
60.62 10.93
60.62 10.58
60.62 10.77
60.62 10.95
60.62 10.6
60.62 10.66
60.62 10.73
60.62 10.66
60.62 10.74
60.62 10.61
60.62 10.71
60.62 10.9
60.62 10.74
60.62 10.69
60.62 10.75
60.62 10.56
60.62 10.79
60.62 10.66
60.62 10.79
60.62 10.75
60.62 10.69
60.62 10.6
59.48 10.72
60.62 10.47
60.62 10.64
60.62 10.58
61.76 10.68
60.62 10.81
59.48 10.87
60.62 10.65
60.62 10.68
60.62 10.75
60.62 10.87
60.62 10.67
60.62 10.72
60.62 10.64
60.62 10.58
60.62 10.93
60.62 10.99
60.62 10.78
60.62 10.87
60.62 10.58
60.62 10.75
60.62 10.77
60.62 10.66
60.62 10.73
60.62 10.66
60.62 10.69
60.62 10.61
60.62 10.8
60.62 10.72
60.62 10.74
60.62 10.81
61.76 10.63
60.62 10.88
60.62 10.85
60.62 10.67
60.62 10.63
60.62 10.73
60.62 10.93
60.62 10.72
60.62 10.65
60.62 10.8
60.62 10.79
60.62 10.86
60.62 10.66
60.62 10.78
60.62 10.82
60.62 10.67
60.62 10.71
60.62 10.83
60.62 10.58
60.62 10.87
60.62 10.55
61.76 10.74
60.62 10.79
61.76 10.8
60.62 10.4
60.62 10.55
60.62 10.63
60.62 10.47
60.62 10.72
60.62 10.64
60.62 10.84
61.76 10.54
60.62 10.77
60.62 10.78
60.62 10.6
60.62 10.69
61.76 10.61
61.76 10.74
60.62 10.61
60.62 10.72
60.62 10.68
60.62 10.85
60.62 10.72
60.62 10.88
60.62 10.73
60.62 10.72
60.62 10.55
61.76 11.03
60.62 10.69
60.62 10.79
61.76 10.92
59.48 10.76
60.62 10.88
60.62 10.73
60.62 10.69
59.48 10.75
61.76 10.82
61.76 10.87
60.62 10.85
60.62 10.74
60.62 10.6
60.62 10.61
60.62 10.69
60.62 10.82
60.62 10.67
61.76 10.77
60.62 10.86
60.62 10.71
61.76 10.51
60.62 10.69
60.62 10.77
60.62 10.63
61.76 10.63
61.76 10.75
60.62 10.91
60.62 10.71
60.62 10.5
60.62 10.69
61.76 10.71
60.62 10.7
60.62 10.72
60.62 10.72
60.62 10.79
60.62 10.59
61.76 10.7
60.62 10.59
60.62 10.64
60.62 10.6
60.62 10.71
60.62 10.71
60.62 10.75
60.62 10.77
61.76 10.89
60.62 10.59
60.62 10.59
60.62 10.56
61.76 10.73
60.62 10.87
60.62 10.77
60.62 10.87
61.76 10.81
61.76 10.81
60.62 10.6
60.62 10.85
60.62 10.78
60.62 10.9
61.76 10.91
60.62 10.53
60.62 10.94
60.62 10.8
60.62 10.56
61.76 10.63
60.62 10.56
60.62 10.83
60.62 10.63
60.62 10.74
60.62 10.83
60.62 10.78
60.62 10.85
60.62 10.97
60.62 10.71
61.76 10.58
60.62 10.75
60.62 10.58
61.76 10.72
61.76 10.69
60.62 10.61
60.62 10.59
61.76 10.72
60.62 10.77
60.62 10.88
60.62 10.69
60.62 10.79
60.62 10.6
60.62 10.65
60.62 10.88
60.62 10.71
60.62 10.76
60.62 10.56
60.62 10.81
61.76 10.79
60.62 10.77
60.62 10.9
60.62 10.71
60.62 10.67
60.62 10.69
60.62 10.85
60.62 10.73
60.62 10.85
60.62 10.79
60.62 10.71
60.62 10.86
60.62 10.64
60.62 10.79
61.76 10.74
61.76 10.57
60.62 10.76
60.62 10.63
60.62 10.74
60.62 10.8
60.62 10.84
61.76 10.69
61.76 10.77
60.62 10.75
60.62 10.75
60.62 10.75
60.62 10.67
60.62 10.63
61.76 10.74
60.62 10.77
61.76 10.68
61.76 10.58
60.62 10.9
60.62 10.71
60.62 10.73
60.62 10.72
60.62 10.81
60.62 10.87
61.76 11.0
60.62 10.85
61.76 10.98
61.76 10.65
61.76 10.69
61.76 10.67
61.76 10.6
60.62 10.66
61.76 10.75
60.62 10.72
60.62 10.78
60.62 10.86
60.62 10.87
60.62 10.66
60.62 10.8
60.62 10.71
60.62 10.73
60.62 10.77
61.76 10.94
60.62 10.75
60.62 10.8
61.76 10.74
61.76 10.56
60.62 10.73
60.62 10.62
60.62 10.75
60.62 10.52
61.76 10.65
60.62 10.78
60.62 10.64
60.62 10.77
60.62 10.58
60.62 10.7
60.62 10.66
60.62 10.53
61.76 10.74
61.76 10.88
61.76 10.83
61.76 10.65
60.62 10.65
60.62 10.7
60.62 10.75
60.62 10.62
60.62 10.61
61.76 10.7
60.62 10.84
61.76 10.85
61.76 10.64
60.62 10.58
60.62 10.7
60.62 10.6
60.62 10.67
60.62 10.77
60.62 10.72
60.62 10.54
60.62 10.66
60.62 10.71
60.62 10.61
60.62 10.66
60.62 10.67
61.76 10.72
61.76 10.69
60.62 10.84
60.62 10.66
60.62 10.66
61.76 10.72
60.62 10.53
61.76 10.59
60.62 10.92
60.62 10.66
61.76 10.53
60.62 10.62
60.62 10.6
60.62 10.88
61.76 10.78
61.76 10.62
60.62 10.82
60.62 10.62
60.62 10.64
61.76 10.63
61.76 10.83
61.76 11.0
61.76 10.79
60.62 10.88
61.76 10.52
60.62 10.83
60.62 10.6
60.62 10.77
61.76 10.66
61.76 10.85
61.76 10.55
60.62 10.81
60.62 10.68
60.62 10.87
61.76 10.63
61.76 10.8
61.76 10.74
60.62 10.64
61.76 10.66
61.76 10.74
60.62 10.82
60.62 10.64
61.76 10.69
61.76 10.77
60.62 10.74
60.62 10.69
60.62 10.63
60.62 10.72
61.76 10.77
61.76 10.5
61.76 10.62
60.62 10.62
61.76 10.85
60.62 10.85
60.62 10.65
60.62 10.61
60.62 10.82
61.76 10.71
61.76 10.74
61.76 10.77
61.76 10.71
61.76 11.02
61.76 10.58
60.62 10.77
61.76 10.69
60.62 10.69
60.62 10.75
60.62 10.52
60.62 10.55
60.62 10.81
60.62 10.6
60.62 10.55
60.62 10.83
61.76 10.72
60.62 10.74
60.62 10.54
61.76 10.71
60.62 10.46
61.76 10.65
61.76 10.92
61.76 10.72
61.76 10.63
60.62 10.63
60.62 10.75
60.62 10.83
60.62 10.72
61.76 10.85
61.76 10.75
61.76 10.79
60.62 10.72
60.62 10.84
60.62 10.79
60.62 10.7
61.76 10.72
60.62 10.69
61.76 10.78
61.76 10.67
61.76 10.59
60.62 10.63
61.76 10.78
60.62 10.56
61.76 10.86
61.76 10.91
61.76 10.63
60.62 10.69
61.76 10.67
61.76 10.82
60.62 10.52
61.76 10.86
61.76 10.85
61.76 10.62
60.62 10.9
61.76 10.83
61.76 10.65
60.62 10.85
60.62 10.69
60.62 10.95
61.76 10.71
60.62 10.59
60.62 10.71
60.62 10.73
61.76 10.78
61.76 10.63
60.62 10.69
61.76 10.64
60.62 10.66
61.76 10.74
61.76 10.81
61.76 10.8
60.62 10.9
60.62 10.78
61.76 10.48
61.76 10.69
61.76 10.53
61.76 10.43
61.76 10.67
61.76 10.75
61.76 10.73
61.76 10.62
60.62 10.64
60.62 10.85
61.76 10.8
60.62 10.8
61.76 10.8
60.62 10.52
60.62 10.77
61.76 10.67
61.76 10.67
61.76 10.64
60.62 10.65
61.76 10.48
61.76 10.8
61.76 10.94
61.76 10.64
61.76 10.45
61.76 10.79
60.62 10.8
61.76 10.69
61.76 10.69
61.76 10.68
60.62 10.62
61.76 10.63
60.62 10.99
61.76 10.42
60.62 10.78
61.76 10.62
61.76 10.7
61.76 10.53
61.76 10.82
61.76 10.77
60.62 10.58
61.76 10.51
60.62 10.63
61.76 10.72
61.76 10.74
61.76 10.44
61.76 10.64
61.76 10.44
61.76 10.82
61.76 10.76
60.62 10.72
61.76 10.55
60.62 10.75
61.76 10.77
61.76 10.85
61.76 10.7
60.62 10.85
61.76 10.87
61.76 10.67
60.62 10.7
61.76 10.4
61.76 10.77
60.62 10.74
61.76 10.87
61.76 10.67
61.76 10.62
60.62 10.53
61.76 10.8
61.76 10.72
61.76 10.63
61.76 10.74
60.62 10.6
61.76 10.81
61.76 10.67
61.76 10.58
61.76 10.84
61.76 10.57
61.76 10.8
60.62 10.79
61.76 10.7
61.76 10.53
61.76 10.47
60.62 10.74
61.76 10.64
61.76 10.76
61.76 10.66
61.76 10.67
61.76 10.63
61.76 10.79
61.76 10.68
61.76 10.79
61.76 10.53
61.76 10.82
61.76 10.46
60.62 10.82
61.76 10.89
61.76 10.51
60.62 10.71
61.76 10.91
61.76 10.53
61.76 10.83
61.76 10.83
61.76 10.73
60.62 10.79
60.62 10.63
61.76 10.74
60.62 10.67
61.76 10.72
61.76 10.61
61.76 10.72
61.76 10.52
61.76 10.8
60.62 10.58
61.76 10.7
61.76 10.7
60.62 10.71
61.76 10.57
61.76 10.7
61.76 10.8
60.62 10.85
61.76 10.79
61.76 10.61
61.76 10.75
61.76 10.57
60.62 10.79
61.76 10.49
61.76 10.79
61.76 10.91
61.76 10.69
61.76 10.58
61.76 10.71
61.76 10.72
60.62 10.48
61.76 10.61
61.76 10.72
61.76 10.75
60.62 10.61
60.62 10.88
61.76 10.68
61.76 10.82
61.76 10.66
62.9 10.57
61.76 10.76
61.76 10.61
60.62 10.74
61.76 10.75
61.76 10.8
61.76 10.8
61.76 10.48
61.76 10.82
61.76 10.63
61.76 10.78
61.76 10.62
61.76 10.85
61.76 10.82
61.76 10.68
61.76 10.77
61.76 10.87
61.76 10.66
61.76 10.85
61.76 10.71
60.62 10.6
61.76 10.64
61.76 10.67
61.76 10.72
61.76 10.82
61.76 10.85
61.76 10.75
60.62 10.74
60.62 10.87
60.62 10.75
61.76 10.56
61.76 10.68
61.76 10.76
61.76 10.8
61.76 10.51
61.76 10.63
61.76 10.78
61.76 10.87
60.62 10.8
60.62 10.77
61.76 10.8
61.76 10.71
61.76 10.74
61.76 10.67
61.76 10.79
61.76 10.63
61.76 10.61
61.76 10.5
61.76 10.6
62.9 10.87
61.76 10.75
61.76 10.6
61.76 10.91
61.76 10.71
61.76 10.76
61.76 10.76
61.76 10.62
61.76 10.79
61.76 10.8
61.76 10.69
61.76 10.64
61.76 10.82
61.76 10.39
61.76 10.67
61.76 10.71
61.76 10.77
61.76 10.94
61.76 10.85
61.76 10.81
61.76 10.94
61.76 10.8
61.76 10.56
61.76 10.87
61.76 10.56
61.76 10.66
61.76 10.5
61.76 10.59
61.76 10.84
60.62 10.63
61.76 10.75
61.76 10.8
61.76 10.71
61.76 10.61
61.76 10.89
61.76 10.64
61.76 10.65
62.9 10.74
61.76 10.63
61.76 10.79
61.76 10.67
61.76 10.82
61.76 10.62
61.76 10.69
61.76 10.69
61.76 10.77
61.76 10.63
61.76 10.84
61.76 10.72
61.76 10.94
62.9 10.69
61.76 10.7
61.76 10.64
61.76 10.62
60.62 10.66
61.76 10.77
62.9 11.07
61.76 10.75
61.76 10.7
62.9 10.59
61.76 10.91
61.76 10.66
61.76 10.67
61.76 10.83
62.9 10.63
61.76 10.76
61.76 10.76
61.76 10.83
61.76 10.72
61.76 10.76
61.76 10.7
61.76 10.76
61.76 10.71
61.76 10.65
61.76 10.68
61.76 10.5
61.76 10.95
61.76 10.5
61.76 10.74
61.76 10.77
61.76 10.66
61.76 10.82
61.76 10.74
61.76 10.6
61.76 10.58
61.76 10.85
61.76 10.6
61.76 10.88
61.76 10.9
61.76 10.82
61.76 10.9
61.76 10.88
62.9 10.34
61.76 10.74
61.76 10.71
61.76 10.83
61.76 10.44
62.9 10.65
61.76 10.53
61.76 10.61
61.76 10.56
61.76 10.83
61.76 10.87
61.76 10.67
61.76 10.66
61.76 10.67
61.76 10.58
61.76 10.76
61.76 10.74
60.62 10.8
61.76 10.69
61.76 10.63
61.76 10.74
61.76 10.82
61.76 10.8
62.9 10.71
61.76 10.74
61.76 10.54
62.9 10.56
61.76 10.81
61.76 10.77
61.76 10.68
61.76 10.59
61.76 10.77
61.76 10.53
61.76 10.72
61.76 10.63
61.76 10.71
61.76 10.71
61.76 10.84
61.76 10.85
61.76 10.64
61.76 10.57
61.76 10.83
61.76 10.68
61.76 10.56
61.76 10.62
61.76 10.56
61.76 10.56
61.76 10.85
61.76 10.8
61.76 10.67
62.9 10.71
61.76 10.58
61.76 10.83
61.76 10.7
61.76 10.63
61.76 10.75
61.76 10.69
61.76 10.82
61.76 10.6
61.76 10.64
61.76 10.84
61.76 10.72
62.9 10.71
61.76 10.7
62.9 10.74
61.76 10.7
61.76 10.95
61.76 10.72
61.76 10.53
61.76 10.79
61.76 10.63
61.76 10.73
61.76 10.81
61.76 10.61
61.76 10.6
61.76 10.69
61.76 10.57
61.76 10.63
61.76 10.86
61.76 10.66
61.76 10.64
61.76 10.63
61.76 10.85
61.76 10.71
61.76 10.67
61.76 10.73
62.9 10.9
61.76 10.55
61.76 10.8
61.76 10.84
60.62 10.76
61.76 10.78
61.76 10.63
61.76 10.61
61.76 10.7
61.76 10.61
61.76 10.88
61.76 10.61
61.76 10.48
61.76 10.67
62.9 10.82
61.76 10.69
62.9 10.73
61.76 10.98
61.76 10.66
61.76 10.44
61.76 10.73
61.76 10.7
61.76 10.5
61.76 10.86
61.76 10.7
61.76 10.72
62.9 10.7
61.76 10.71
61.76 10.55
61.76 10.91
61.76 10.79
61.76 10.53
61.76 10.64
61.76 10.79
61.76 10.72
61.76 10.8
62.9 10.72
61.76 10.61
61.76 10.64
61.76 10.64
61.76 10.77
61.76 10.67
61.76 10.72
61.76 10.77
61.76 10.54
61.76 10.75
61.76 10.64
61.76 10.57
62.9 10.72
61.76 10.8
61.76 10.77
61.76 10.73
61.76 10.57
61.76 10.57
61.76 10.55
61.76 10.78
61.76 10.86
61.76 10.71
61.76 10.73
61.76 10.68
61.76 10.47
61.76 10.74
61.76 10.71
61.76 10.93
61.76 10.64
61.76 10.79
61.76 11.06
61.76 10.71
61.76 10.6
61.76 10.93
61.76 10.48
61.76 10.64
62.9 10.6
61.76 10.87
61.76 10.61
62.9 10.75
61.76 10.72
61.76 10.71
62.9 10.66
62.9 11.07
61.76 10.7
61.76 10.48
61.76 10.7
61.76 10.96
61.76 10.85
61.76 10.85
62.9 10.84
61.76 10.78
62.9 10.69
61.76 10.77
61.76 10.94
61.76 10.7
61.76 10.71
61.76 11.0
61.76 10.82
61.76 10.63
61.76 10.47
61.76 10.76
61.76 10.82
61.76 10.49
62.9 10.89
61.76 10.6
62.9 10.66
61.76 10.88
62.9 10.67
61.76 10.74
62.9 10.65
61.76 10.9
62.9 10.74
61.76 10.6
61.76 10.7
61.76 10.77
61.76 10.61
62.9 10.64
61.76 10.75
62.9 10.56
61.76 10.65
62.9 10.64
61.76 10.63
62.9 10.63
62.9 10.66
61.76 10.66
61.76 10.75
61.76 10.88
61.76 10.52
61.76 10.67
61.76 10.88
61.76 10.82
61.76 10.47
61.76 10.66
61.76 10.95
61.76 10.72
61.76 10.72
62.9 10.66
61.76 10.58
62.9 10.75
61.76 10.87
61.76 10.69
61.76 10.68
61.76 10.72
62.9 10.66
61.76 10.67
61.76 10.69
61.76 10.75
62.9 10.55
61.76 10.71
61.76 10.85
61.76 10.6
62.9 10.76
61.76 10.69
61.76 10.73
62.9 10.78
61.76 10.72
61.76 10.57
61.76 10.56
61.76 10.65
61.76 10.58
61.76 10.67
62.9 10.74
61.76 10.75
61.76 10.67
61.76 10.74
61.76 10.71
61.76 10.79
61.76 10.75
62.9 10.6
61.76 10.69
61.76 10.5
61.76 10.52
62.9 10.93
61.76 10.66
62.9 10.79
61.76 10.63
62.9 10.75
61.76 10.77
62.9 10.87
61.76 10.64
61.76 10.63
62.9 10.7
61.76 10.61
61.76 10.77
61.76 10.77
61.76 10.58
61.76 10.53
61.76 10.9
62.9 10.53
61.76 10.7
62.9 10.68
62.9 10.71
62.9 10.61
62.9 10.74
61.76 10.72
61.76 10.42
62.9 10.66
62.9 10.71
61.76 10.83
61.76 10.58
61.76 10.66
61.76 10.69
61.76 10.87
61.76 10.61
61.76 10.67
62.9 10.88
62.9 10.77
61.76 10.79
61.76 10.65
62.9 10.75
62.9 10.77
61.76 10.63
61.76 10.88
62.9 10.55
61.76 10.67
62.9 10.67
62.9 10.63
61.76 10.64
62.9 10.65
61.76 10.84
61.76 10.74
61.76 10.56
61.76 10.77
61.76 10.67
62.9 10.75
62.9 10.67
61.76 10.77
61.76 10.64
62.9 10.64
61.76 10.71
61.76 10.76
62.9 10.51
61.76 10.78
61.76 10.58
62.9 10.72
61.76 10.82
61.76 10.6
62.9 10.83
61.76 10.79
61.76 10.74
62.9 10.69
62.9 10.64
61.76 10.59
61.76 10.59
62.9 10.87
62.9 10.71
62.9 10.7
61.76 10.88
62.9 10.71
61.76 10.72
62.9 10.83
62.9 10.42
62.9 10.38
62.9 10.67
61.76 10.69
61.76 10.68
61.76 10.87
62.9 10.74
61.76 10.87
61.76 10.64
61.76 10.63
62.9 10.82
62.9 10.65
62.9 10.64
62.9 10.7
62.9 10.79
62.9 10.66
61.76 10.63
61.76 10.67
62.9 10.66
62.9 10.72
61.76 10.64
62.9 10.73
62.9 10.84
62.9 10.75
61.76 10.69
61.76 10.8
61.76 10.64
62.9 10.81
62.9 10.55
62.9 10.67
61.76 10.81
61.76 10.85
62.9 10.89
62.9 10.63
62.9 10.72
61.76 10.66
62.9 10.6
62.9 10.78
62.9 10.55
61.76 10.93
61.76 10.74
61.76 10.68
62.9 10.94
61.76 10.48
61.76 10.69
61.76 10.85
61.76 10.78
62.9 10.75
61.76 10.92
61.76 10.91
61.76 10.78
62.9 10.68
62.9 10.72
61.76 10.79
62.9 10.74
62.9 10.55
62.9 10.45
62.9 10.86
62.9 10.55
61.76 10.61
62.9 10.76
62.9 10.53
61.76 10.79
61.76 10.64
62.9 10.61
62.9 10.76
61.76 10.45
62.9 10.95
62.9 10.88
61.76 10.73
62.9 10.56
61.76 10.61
61.76 10.67
61.76 10.72
61.76 10.87
61.76 10.65
61.76 10.6
61.76 10.61
62.9 10.62
62.9 10.69
61.76 10.76
62.9 10.74
62.9 10.78
61.76 10.8
62.9 10.59
62.9 10.56
62.9 10.68
61.76 11.04
61.76 10.54
61.76 10.84
61.76 10.48
61.76 10.65
62.9 10.37
62.9 10.74
62.9 10.78
61.76 10.76
61.76 10.69
61.76 10.77
61.76 10.55
62.9 10.74
62.9 10.69
62.9 10.75
62.9 10.64
61.76 10.61
61.76 10.71
62.9 10.67
61.76 10.96
61.76 10.66
62.9 10.58
62.9 10.84
62.9 10.67
62.9 10.63
61.76 10.93
61.76 10.67
62.9 10.9
62.9 10.85
61.76 10.57
62.9 10.6
61.76 10.69
61.76 10.83
62.9 10.63
61.76 10.52
62.9 10.8
62.9 10.85
62.9 10.76
62.9 10.77
61.76 10.88
62.9 10.69
61.76 10.56
61.76 10.67
61.76 10.72
62.9 10.71
62.9 10.7
62.9 10.42
62.9 10.71
62.9 10.54
61.76 10.75
61.76 10.84
61.76 10.74
62.9 10.7
61.76 10.75
62.9 10.71
62.9 10.75
62.9 10.7
62.9 10.89
61.76 10.62
62.9 10.72
62.9 10.66
62.9 10.76
62.9 10.77
62.9 10.91
62.9 10.76
61.76 10.63
61.76 10.92
61.76 10.56
62.9 10.71
62.9 10.71
62.9 10.8
62.9 10.91
61.76 10.71
62.9 10.64
61.76 10.61
62.9 10.8
62.9 10.88
62.9 10.72
62.9 10.61
62.9 10.63
61.76 10.85
62.9 10.76
62.9 10.82
62.9 10.82
62.9 10.71
62.9 10.58
61.76 10.8
62.9 10.73
62.9 10.91
62.9 10.81
62.9 10.72
62.9 10.61
62.9 10.85
62.9 10.64
61.76 10.79
62.9 10.81
62.9 10.73
62.9 10.64
62.9 10.84
62.9 10.53
61.76 10.64
62.9 10.52
62.9 10.61
61.76 10.69
62.9 10.61
62.9 10.71
62.9 10.82
61.76 11.03
62.9 10.79
62.9 10.67
62.9 10.69
62.9 10.83
61.76 10.74
61.76 10.85
62.9 10.56
62.9 10.7
62.9 10.87
62.9 10.61
62.9 10.69
61.76 10.51
62.9 10.79
62.9 10.98
61.76 10.56
62.9 10.52
61.76 10.8
62.9 10.56
62.9 10.69
62.9 10.73
61.76 10.69
62.9 10.83
62.9 10.54
62.9 10.67
62.9 10.61
62.9 10.61
62.9 10.58
62.9 10.64
62.9 11.02
61.76 10.94
62.9 10.86
61.76 10.85
61.76 10.73
62.9 10.68
61.76 10.77
62.9 10.83
62.9 10.76
61.76 10.44
62.9 10.59
62.9 10.71
62.9 10.77
61.76 10.9
62.9 10.62
62.9 10.72
62.9 10.65
62.9 10.9
62.9 10.65
62.9 10.74
62.9 10.88
61.76 10.58
62.9 10.72
62.9 10.77
62.9 10.71
62.9 10.77
62.9 10.64
61.76 10.85
62.9 10.67
62.9 10.74
62.9 10.79
61.76 10.88
62.9 10.73
62.9 10.65
61.76 10.68
61.76 10.71
61.76 10.71
62.9 10.66
62.9 10.79
62.9 10.44
62.9 10.83
62.9 10.66
62.9 10.6
61.76 10.71
62.9 10.79
61.76 10.62
62.9 10.76
62.9 10.66
62.9 10.84
62.9 10.63
62.9 10.68
62.9 10.71
62.9 10.65
62.9 10.99
62.9 10.77
62.9 10.6
62.9 10.82
62.9 10.69
62.9 10.91
62.9 10.59
62.9 10.72
61.76 10.88
62.9 10.75
62.9 10.74
62.9 10.8
61.76 10.69
62.9 10.81
62.9 10.59
62.9 10.48
62.9 10.64
62.9 10.61
62.9 10.74
61.76 10.71
62.9 10.83
62.9 10.76
62.9 10.42
62.9 10.68
62.9 10.84
64.04 10.82
61.76 10.66
62.9 10.69
62.9 10.71
62.9 10.77
62.9 10.67
62.9 10.79
62.9 10.52
62.9 10.72
62.9 10.55
62.9 10.8
62.9 10.72
62.9 10.75
62.9 10.91
62.9 10.74
61.76 10.62
61.76 10.73
62.9 10.64
62.9 10.58
61.76 10.68
62.9 10.65
62.9 10.6
62.9 10.68
62.9 10.68
62.9 10.77
61.76 10.56
62.9 10.76
62.9 10.75
62.9 10.81
62.9 10.74
62.9 10.87
62.9 10.8
62.9 10.63
62.9 10.7
61.76 10.69
62.9 10.58
62.9 10.81
62.9 10.6
62.9 10.77
62.9 10.71
62.9 10.72
62.9 10.56
61.76 10.83
62.9 10.77
62.9 10.66
62.9 10.75
62.9 10.94
62.9 10.67
62.9 10.73
62.9 10.56
62.9 10.73
62.9 10.84
61.76 10.89
62.9 10.79
62.9 10.72
62.9 10.66
62.9 10.79
62.9 10.76
62.9 10.91
62.9 10.61
62.9 10.75
62.9 10.83
62.9 10.56
62.9 10.6
64.04 10.57
62.9 10.66
62.9 10.82
62.9 10.75
62.9 10.62
62.9 10.76
62.9 10.9
62.9 10.81
62.9 10.48
62.9 10.61
62.9 10.95
61.76 10.69
62.9 10.72
62.9 10.88
62.9 10.63
62.9 10.67
62.9 10.91
62.9 10.73
62.9 11.01
61.76 10.6
62.9 10.77
62.9 10.8
62.9 10.63
62.9 10.84
61.76 10.58
62.9 10.76
62.9 10.51
62.9 10.69
62.9 10.8
62.9 10.86
62.9 10.66
61.76 10.72
62.9 10.72
62.9 10.69
62.9 11.0
62.9 10.65
62.9 10.85
64.04 10.88
62.9 10.62
62.9 10.71
62.9 10.71
62.9 10.72
62.9 10.85
62.9 10.72
62.9 10.85
62.9 10.8
62.9 10.69
62.9 10.58
62.9 10.57
62.9 10.75
62.9 10.83
62.9 10.8
62.9 10.63
61.76 10.58
62.9 10.77
62.9 10.63
62.9 10.89
62.9 10.57
62.9 10.75
62.9 10.6
62.9 10.81
61.76 10.64
62.9 10.78
62.9 10.9
62.9 10.71
61.76 10.83
62.9 10.72
62.9 10.88
62.9 10.64
62.9 10.78
62.9 10.71
61.76 10.78
62.9 10.64
62.9 10.79
62.9 10.64
62.9 10.64
62.9 10.75
62.9 10.71
62.9 10.75
62.9 10.64
62.9 10.73
62.9 10.81
62.9 10.6
62.9 10.66
61.76 10.72
62.9 10.56
64.04 10.77
62.9 10.85
62.9 10.74
62.9 10.9
62.9 10.66
62.9 10.85
64.04 11.01
62.9 10.85
62.9 10.85
62.9 10.67
62.9 10.55
62.9 10.83
62.9 10.85
62.9 10.52
62.9 10.74
62.9 10.79
62.9 10.88
62.9 11.01
62.9 10.61
62.9 10.71
62.9 10.8
62.9 10.6
62.9 10.6
62.9 10.89
62.9 10.77
62.9 10.7
64.04 10.77
61.76 10.66
62.9 10.83
64.04 10.75
62.9 10.68
62.9 10.69
62.9 10.81
62.9 10.61
62.9 10.69
62.9 10.45
62.9 10.93
62.9 10.67
62.9 10.64
61.76 10.56
62.9 10.68
62.9 10.45
62.9 10.69
62.9 10.65
62.9 10.74
62.9 10.69
62.9 11.02
61.76 10.8
62.9 10.85
62.9 10.72
62.9 10.63
62.9 10.63
62.9 10.61
62.9 10.76
62.9 10.7
62.9 10.74
62.9 10.6
62.9 10.73
62.9 10.79
62.9 10.8
62.9 10.54
62.9 10.81
64.04 10.77
64.04 10.74
62.9 10.67
61.76 10.5
62.9 10.71
62.9 10.73
62.9 10.81
62.9 10.66
62.9 10.64
62.9 10.57
62.9 10.69
62.9 10.72
62.9 10.64
62.9 10.61
62.9 10.58
62.9 10.59
62.9 10.93
62.9 10.7
62.9 10.74
62.9 10.68
62.9 10.63
62.9 10.67
62.9 10.6
62.9 10.71
62.9 10.6
62.9 10.61
62.9 10.58
61.76 10.77
62.9 10.64
62.9 10.6
62.9 10.8
61.76 10.75
62.9 10.79
62.9 10.88
62.9 10.82
62.9 10.56
62.9 10.67
62.9 10.67
62.9 10.7
62.9 10.62
62.9 10.55
62.9 10.82
62.9 10.69
62.9 10.53
64.04 10.69
62.9 10.78
62.9 10.86
62.9 10.61
62.9 10.6
64.04 10.88
62.9 10.83
62.9 10.67
62.9 10.63
62.9 10.67
62.9 10.69
62.9 10.9
62.9 10.84
62.9 11.07
62.9 10.81
62.9 10.57
62.9 10.64
64.04 10.69
62.9 10.79
62.9 10.6
62.9 10.84
61.76 10.6
62.9 10.71
62.9 10.66
62.9 10.77
62.9 10.74
62.9 10.77
62.9 10.63
62.9 10.71
64.04 10.71
61.76 10.56
62.9 10.83
62.9 10.6
62.9 10.8
62.9 10.74
64.04 10.95
62.9 10.69
62.9 10.92
62.9 10.8
62.9 10.71
62.9 10.78
62.9 10.73
62.9 10.8
62.9 10.8
62.9 10.72
62.9 10.65
64.04 10.65
62.9 10.69
62.9 10.7
62.9 10.61
62.9 10.81
62.9 10.66
61.76 10.68
64.04 10.63
62.9 10.81
62.9 10.53
62.9 10.92
62.9 10.69
62.9 10.6
62.9 10.73
62.9 10.7
62.9 10.86
64.04 10.79
62.9 10.55
62.9 10.77
62.9 10.67
62.9 10.59
64.04 10.75
62.9 10.6
62.9 10.82
62.9 10.58
62.9 10.83
64.04 10.59
62.9 10.76
62.9 10.81
62.9 10.79
62.9 10.64
64.04 10.78
64.04 10.74
62.9 10.81
62.9 10.63
62.9 10.73
62.9 10.7
64.04 10.88
62.9 10.67
62.9 10.68
62.9 10.81
62.9 10.71
62.9 10.77
62.9 10.71
62.9 10.77
62.9 10.64
62.9 10.7
62.9 11.01
62.9 10.81
62.9 10.58
62.9 10.91
62.9 10.63
62.9 10.66
62.9 10.85
62.9 10.88
64.04 10.61
62.9 10.81
62.9 10.72
62.9 10.6
62.9 10.92
62.9 10.67
64.04 10.8
64.04 10.72
62.9 10.64
62.9 10.65
62.9 10.79
62.9 10.76
62.9 10.66
62.9 10.78
64.04 10.64
61.76 10.87
62.9 10.65
64.04 10.86
64.04 10.67
62.9 10.56
62.9 10.87
62.9 10.59
62.9 10.69
62.9 10.69
64.04 10.72
62.9 10.63
62.9 10.65
64.04 10.61
62.9 10.63
62.9 10.58
62.9 10.71
62.9 10.64
62.9 10.86
62.9 10.53
62.9 10.67
61.76 10.79
62.9 10.79
61.76 10.64
62.9 10.74
62.9 10.67
62.9 10.79
64.04 10.79
62.9 10.7
64.04 10.69
64.04 10.69
61.76 10.56
62.9 10.69
62.9 10.85
62.9 10.99
62.9 10.61
62.9 10.61
62.9 10.7
62.9 10.64
62.9 10.88
62.9 10.67
62.9 10.84
62.9 10.64
62.9 10.65
62.9 10.71
64.04 10.47
62.9 10.79
62.9 10.69
62.9 10.67
64.04 10.79
62.9 10.93
62.9 10.86
62.9 10.59
62.9 10.49
64.04 10.67
64.04 10.74
62.9 10.55
62.9 10.65
64.04 10.67
62.9 10.8
64.04 10.85
62.9 10.69
62.9 10.62
64.04 10.86
62.9 10.74
62.9 10.66
62.9 10.91
62.9 10.66
62.9 10.72
64.04 10.76
62.9 10.71
62.9 10.83
64.04 10.6
62.9 10.74
64.04 10.59
62.9 10.66
62.9 10.63
62.9 10.78
62.9 10.72
62.9 10.75
62.9 10.66
62.9 10.79
62.9 10.55
64.04 10.71
62.9 10.71
62.9 10.79
62.9 10.64
62.9 10.63
64.04 10.75
62.9 10.82
64.04 10.74
62.9 10.72
64.04 10.98
62.9 10.67
62.9 10.77
62.9 10.67
64.04 10.79
62.9 10.55
64.04 10.9
62.9 10.69
62.9 10.7
64.04 10.54
62.9 10.56
62.9 10.53
62.9 10.69
64.04 10.73
62.9 10.84
62.9 10.79
62.9 10.54
64.04 10.61
62.9 10.79
64.04 10.5
62.9 10.72
62.9 10.61
64.04 10.63
64.04 10.64
64.04 10.83
62.9 10.59
62.9 10.75
62.9 10.74
64.04 10.7
62.9 10.88
62.9 10.76
62.9 10.85
62.9 10.82
64.04 10.9
62.9 10.66
62.9 10.81
62.9 10.73
64.04 10.74
62.9 10.77
62.9 10.83
62.9 10.56
62.9 10.75
62.9 10.68
62.9 10.66
62.9 10.74
62.9 10.85
64.04 10.47
62.9 10.74
64.04 10.92
62.9 10.65
62.9 10.87
64.04 10.77
62.9 10.71
62.9 10.82
64.04 10.73
62.9 10.79
64.04 10.75
62.9 10.63
62.9 10.83
62.9 10.78
64.04 10.87
64.04 10.72
62.9 10.6
62.9 10.56
62.9 10.75
62.9 10.56
62.9 10.97
62.9 10.67
64.04 10.82
62.9 10.73
62.9 10.53
64.04 10.63
64.04 10.53
62.9 10.64
62.9 10.85
64.04 10.68
62.9 10.62
62.9 10.77
64.04 10.76
64.04 10.81
64.04 10.67
62.9 10.72
64.04 10.84
62.9 10.71
62.9 10.77
62.9 10.71
62.9 10.79
62.9 10.64
62.9 10.63
62.9 10.83
62.9 10.65
62.9 10.76
62.9 10.63
64.04 10.73
62.9 10.87
62.9 10.79
64.04 10.77
62.9 10.78
64.04 10.98
62.9 10.84
64.04 10.69
64.04 10.68
62.9 10.67
62.9 10.72
62.9 10.6
64.04 10.76
62.9 10.72
62.9 10.94
62.9 10.81
64.04 10.72
62.9 10.61
62.9 10.81
64.04 10.56
64.04 10.64
62.9 10.82
62.9 10.75
62.9 10.84
62.9 10.75
64.04 10.53
64.04 10.81
64.04 10.7
64.04 10.72
64.04 10.78
62.9 10.89
64.04 10.69
62.9 10.66
62.9 10.58
64.04 10.61
62.9 10.69
64.04 10.69
62.9 10.9
62.9 10.62
64.04 10.72
64.04 10.69
64.04 10.64
62.9 10.6
64.04 10.74
64.04 10.74
64.04 10.83
62.9 10.76
62.9 10.63
64.04 10.72
64.04 10.63
62.9 10.74
64.04 10.8
64.04 10.68
64.04 11.04
62.9 10.74
62.9 10.69
62.9 10.77
62.9 10.95
62.9 10.73
62.9 10.83
62.9 10.72
64.04 10.71
62.9 10.69
62.9 10.7
64.04 10.71
62.9 10.67
62.9 10.82
62.9 10.84
62.9 10.98
62.9 10.64
64.04 10.67
62.9 10.57
62.9 10.93
62.9 10.83
62.9 10.73
64.04 10.5
64.04 10.77
64.04 10.63
64.04 10.52
64.04 10.85
64.04 10.69
62.9 10.75
64.04 10.82
62.9 10.85
62.9 10.87
64.04 10.58
62.9 10.73
64.04 10.85
64.04 10.9
62.9 10.62
64.04 10.64
62.9 10.71
64.04 10.8
64.04 10.86
64.04 10.61
64.04 10.83
62.9 10.77
62.9 10.88
62.9 10.66
62.9 10.77
62.9 10.69
64.04 10.79
64.04 10.73
62.9 10.95
64.04 10.62
62.9 10.71
64.04 10.62
64.04 10.74
62.9 10.59
64.04 10.78
62.9 10.67
64.04 10.59
62.9 10.72
62.9 10.43
64.04 10.67
62.9 10.49
62.9 10.69
62.9 10.72
64.04 10.85
62.9 10.91
62.9 10.9
62.9 10.71
64.04 10.8
64.04 10.77
64.04 10.55
62.9 10.83
62.9 10.63
62.9 10.54
62.9 10.7
62.9 10.74
64.04 10.72
62.9 11.04
64.04 10.7
62.9 10.73
64.04 10.79
62.9 10.75
62.9 10.75
62.9 10.87
62.9 10.75
62.9 10.9
64.04 10.55
64.04 10.47
62.9 10.64
64.04 10.88
64.04 10.75
62.9 10.83
64.04 10.74
64.04 10.64
64.04 10.84
64.04 10.82
64.04 10.75
64.04 10.93
62.9 10.72
64.04 10.69
62.9 10.69
62.9 10.66
64.04 11.04
64.04 10.77
62.9 10.71
62.9 10.83
62.9 10.69
62.9 10.56
62.9 10.85
62.9 10.8
62.9 10.81
64.04 10.67
64.04 10.9
64.04 10.83
64.04 10.87
64.04 10.8
64.04 10.55
62.9 10.62
64.04 10.73
64.04 10.77
62.9 10.85
64.04 10.84
64.04 10.72
62.9 10.77
64.04 10.61
64.04 10.87
62.9 10.72
62.9 10.8
62.9 10.56
62.9 10.54
64.04 10.68
64.04 10.76
64.04 10.73
64.04 10.69
64.04 10.7
64.04 10.63
62.9 10.65
64.04 10.71
62.9 10.95
64.04 11.01
62.9 10.58
64.04 10.71
64.04 10.65
64.04 10.77
64.04 10.69
62.9 10.89
62.9 10.64
64.04 10.79
64.04 10.67
64.04 10.8
62.9 10.75
62.9 10.5
64.04 10.66
62.9 10.69
64.04 10.76
62.9 10.69
64.04 10.67
64.04 10.69
64.04 10.52
64.04 10.67
62.9 10.69
62.9 10.65
64.04 10.87
64.04 10.72
64.04 10.74
62.9 10.73
61.76 10.78
64.04 10.82
64.04 10.73
64.04 10.96
64.04 10.79
64.04 10.96
64.04 10.69
64.04 10.77
62.9 10.56
62.9 10.74
64.04 10.59
64.04 10.84
62.9 10.75
64.04 10.61
62.9 10.37
62.9 10.84
64.04 10.69
64.04 10.74
64.04 10.51
64.04 10.71
64.04 10.44
64.04 10.88
64.04 10.71
62.9 10.96
62.9 10.83
64.04 10.64
62.9 10.75
62.9 10.93
62.9 10.7
64.04 10.92
64.04 10.72
62.9 10.76
62.9 10.46
64.04 10.69
64.04 10.71
64.04 10.67
62.9 10.88
64.04 10.54
64.04 10.87
64.04 10.8
64.04 10.71
64.04 10.68
64.04 10.54
62.9 10.82
62.9 10.7
64.04 10.71
64.04 10.67
64.04 10.79
64.04 10.74
64.04 10.8
64.04 10.76
64.04 10.83
62.9 10.93
62.9 10.82
64.04 10.77
62.9 10.5
62.9 10.66
64.04 10.79
64.04 10.71
64.04 10.63
64.04 10.65
64.04 10.97
64.04 10.75
64.04 10.74
64.04 10.61
64.04 10.62
64.04 10.66
64.04 10.61
64.04 10.83
64.04 10.79
62.9 10.71
64.04 10.63
64.04 10.63
62.9 10.69
64.04 10.9
64.04 10.59
64.04 10.67
64.04 10.75
64.04 10.77
64.04 10.65
64.04 10.84
62.9 10.65
62.9 10.62
62.9 10.91
64.04 10.82
64.04 10.67
64.04 10.53
64.04 10.91
64.04 10.79
64.04 10.73
62.9 10.56
62.9 10.69
62.9 10.85
64.04 10.7
64.04 10.75
64.04 10.78
64.04 10.5
64.04 10.79
64.04 10.54
62.9 10.67
62.9 10.82
62.9 10.78
62.9 10.67
64.04 10.79
64.04 10.71
62.9 10.66
64.04 10.82
64.04 10.75
62.9 10.62
62.9 10.8
64.04 10.57
64.04 10.73
64.04 10.81
64.04 10.63
62.9 10.65
64.04 10.77
62.9 10.59
64.04 10.79
64.04 10.59
64.04 10.7
64.04 10.84
64.04 10.5
62.9 10.74
62.9 10.74
64.04 10.71
64.04 10.76
64.04 10.79
62.9 10.61
64.04 10.56
64.04 10.82
62.9 10.68
64.04 10.67
64.04 10.83
64.04 10.79
64.04 10.67
62.9 10.63
64.04 10.76
64.04 10.6
64.04 10.57
64.04 10.73
64.04 10.75
64.04 10.78
62.9 10.6
64.04 10.72
64.04 10.7
64.04 10.59
64.04 10.58
62.9 10.97
62.9 10.82
64.04 10.82
64.04 10.63
64.04 10.79
64.04 10.78
62.9 10.7
64.04 10.72
64.04 10.74
62.9 10.56
64.04 10.83
64.04 10.79
62.9 10.83
64.04 10.61
62.9 10.68
62.9 10.86
64.04 10.6
64.04 10.71
64.04 10.79
64.04 10.77
64.04 10.78
64.04 10.72
64.04 10.7
64.04 10.51
64.04 10.47
64.04 10.76
62.9 10.93
64.04 10.72
62.9 10.67
62.9 10.83
64.04 10.68
64.04 10.51
64.04 10.71
64.04 10.9
62.9 10.61
64.04 10.5
64.04 10.74
62.9 10.75
62.9 10.71
64.04 10.81
62.9 10.8
62.9 10.67
64.04 10.61
64.04 10.61
64.04 10.68
64.04 10.27
62.9 10.84
64.04 10.81
62.9 10.63
64.04 10.57
62.9 10.63
62.9 10.74
64.04 10.66
62.9 10.8
64.04 10.72
64.04 10.64
64.04 10.75
64.04 10.74
62.9 10.72
64.04 10.71
64.04 10.67
64.04 10.54
64.04 10.78
62.9 10.63
64.04 10.55
64.04 10.72
64.04 10.8
64.04 10.75
64.04 10.73
64.04 10.85
64.04 10.64
64.04 10.67
64.04 10.73
62.9 10.77
64.04 10.54
64.04 10.77
64.04 10.89
64.04 10.69
62.9 10.83
64.04 10.83
64.04 10.79
64.04 10.66
64.04 10.55
64.04 10.72
64.04 10.75
64.04 10.76
64.04 10.77
64.04 10.7
64.04 10.74
64.04 10.63
62.9 10.73
64.04 10.77
64.04 10.54
62.9 10.78
64.04 10.74
64.04 10.59
64.04 10.66
64.04 10.79
62.9 10.85
64.04 10.6
64.04 10.69
64.04 10.82
64.04 10.88
64.04 10.64
64.04 10.52
64.04 10.69
64.04 10.77
64.04 10.8
64.04 10.72
64.04 10.66
62.9 10.69
62.9 10.75
62.9 10.46
64.04 10.67
64.04 10.68
64.04 10.49
64.04 10.83
62.9 10.69
64.04 10.75
64.04 10.79
64.04 10.69
62.9 10.72
62.9 10.53
62.9 10.63
64.04 10.56
64.04 10.67
64.04 10.6
62.9 10.63
62.9 10.85
64.04 10.85
64.04 10.73
62.9 10.71
62.9 10.8
62.9 10.83
64.04 10.74
64.04 10.63
62.9 10.72
64.04 10.64
62.9 10.67
62.9 10.83
62.9 10.82
64.04 10.98
64.04 10.93
64.04 10.77
64.04 10.68
64.04 10.64
64.04 10.68
64.04 10.68
62.9 10.63
64.04 10.72
64.04 10.63
62.9 10.79
64.04 10.73
64.04 10.75
64.04 10.83
64.04 10.62
64.04 10.72
62.9 10.57
64.04 10.6
64.04 10.75
64.04 10.61
62.9 10.71
62.9 10.82
62.9 10.87
62.9 10.83
62.9 10.88
64.04 10.71
64.04 10.81
64.04 10.93
64.04 10.53
64.04 10.85
62.9 10.46
64.04 10.68
64.04 10.64
64.04 10.81
64.04 10.81
64.04 10.63
64.04 10.68
64.04 10.98
64.04 10.69
64.04 10.64
64.04 10.79
64.04 10.72
64.04 10.52
62.9 10.73
64.04 10.73
64.04 10.79
64.04 10.74
64.04 10.77
64.04 10.83
64.04 10.67
64.04 10.72
64.04 10.65
64.04 10.66
64.04 10.74
64.04 11.09
64.04 10.79
64.04 10.65
64.04 10.74
64.04 10.75
64.04 10.87
62.9 10.61
64.04 10.66
64.04 10.65
64.04 10.93
64.04 10.77
64.04 10.71
64.04 10.8
64.04 10.71
64.04 10.69
64.04 10.71
64.04 10.79
64.04 10.67
64.04 10.76
64.04 10.66
64.04 10.72
64.04 10.44
64.04 10.5
64.04 10.82
64.04 10.44
64.04 10.77
64.04 10.81
64.04 10.62
64.04 10.69
64.04 10.75
64.04 10.85
64.04 10.72
64.04 10.6
64.04 10.66
62.9 10.79
64.04 10.67
62.9 10.6
62.9 10.71
64.04 10.75
64.04 10.83
64.04 10.73
62.9 10.6
64.04 10.85
64.04 10.71
64.04 10.97
64.04 10.66
64.04 10.73
64.04 10.56
64.04 10.9
64.04 10.83
64.04 10.82
64.04 10.6
64.04 11.01
64.04 11.01
64.04 10.58
64.04 10.6
64.04 10.7
62.9 10.66
64.04 10.53
62.9 10.64
64.04 10.8
64.04 10.75
64.04 10.83
64.04 10.85
64.04 10.6
64.04 10.74
64.04 10.86
64.04 10.76
64.04 10.79
64.04 10.64
64.04 10.6
64.04 10.76
64.04 10.79
64.04 10.87
64.04 10.9
64.04 10.67
64.04 10.58
64.04 10.78
64.04 10.74
64.04 10.8
64.04 10.61
64.04 10.45
64.04 10.82
64.04 10.79
64.04 10.77
64.04 10.67
64.04 10.84
64.04 10.87
64.04 10.66
64.04 10.56
64.04 10.82
64.04 10.78
64.04 10.54
64.04 10.61
64.04 10.85
64.04 10.79
64.04 10.73
64.04 10.69
64.04 10.8
64.04 10.56
64.04 10.67
64.04 10.61
64.04 10.84
64.04 10.75
64.04 10.62
64.04 10.6
64.04 10.66
64.04 10.69
64.04 10.91
64.04 10.64
64.04 10.64
64.04 10.69
64.04 10.69
64.04 10.96
64.04 10.66
64.04 10.63
64.04 10.8
64.04 10.91
64.04 10.75
64.04 10.77
62.9 10.54
64.04 10.81
64.04 10.77
64.04 10.82
62.9 10.71
62.9 10.63
64.04 10.85
64.04 10.72
64.04 10.66
64.04 10.64
64.04 10.71
64.04 10.74
64.04 10.66
64.04 10.95
64.04 10.69
62.9 10.89
64.04 10.79
64.04 10.93
64.04 10.68
64.04 10.6
64.04 10.76
64.04 10.55
64.04 10.85
64.04 10.64
64.04 10.66
62.9 10.73
64.04 10.96
64.04 10.75
64.04 10.62
64.04 10.63
64.04 10.67
64.04 10.88
62.9 10.66
64.04 10.66
64.04 10.66
64.04 10.84
64.04 10.58
64.04 10.7
64.04 10.6
64.04 10.82
64.04 10.88
64.04 10.7
64.04 10.82
64.04 10.67
64.04 10.79
64.04 10.62
64.04 10.89
64.04 10.71
64.04 10.69
64.04 10.65
64.04 10.74
64.04 10.58
64.04 10.71
64.04 10.81
64.04 10.55
62.9 10.58
64.04 10.75
64.04 10.42
64.04 10.64
64.04 10.6
64.04 10.55
64.04 10.8
64.04 10.73
64.04 10.88
64.04 10.84
64.04 10.75
64.04 10.69
64.04 10.57
64.04 10.68
64.04 10.71
64.04 10.76
64.04 10.48
64.04 10.77
64.04 10.77
64.04 10.69
62.9 10.61
64.04 10.8
64.04 10.69
64.04 10.67
64.04 10.64
64.04 10.71
64.04 10.9
64.04 10.79
64.04 10.96
64.04 10.69
62.9 10.91
64.04 10.59
64.04 10.59
62.9 10.88
64.04 10.87
64.04 10.86
64.04 10.8
64.04 10.89
64.04 10.56
64.04 10.8
64.04 10.76
64.04 10.86
64.04 10.81
64.04 10.87
64.04 10.58
64.04 10.87
64.04 10.72
64.04 10.8
64.04 10.62
64.04 10.6
64.04 10.59
64.04 10.85
64.04 10.51
64.04 10.77
64.04 10.48
64.04 10.73
64.04 10.62
64.04 10.72
64.04 10.66
64.04 10.65
64.04 10.73
64.04 10.74
64.04 10.65
64.04 10.56
64.04 10.71
64.04 10.77
64.04 10.66
64.04 10.72
64.04 10.36
64.04 10.72
64.04 10.88
64.04 10.54
64.04 10.68
64.04 10.61
64.04 10.58
64.04 10.65
64.04 10.55
64.04 10.89
64.04 10.72
64.04 10.75
64.04 10.83
64.04 10.77
64.04 10.66
64.04 10.64
64.04 10.79
64.04 10.75
64.04 10.69
64.04 10.64
64.04 10.66
64.04 10.82
64.04 10.72
64.04 10.72
64.04 10.58
64.04 10.71
64.04 10.74
64.04 10.72
64.04 10.51
64.04 10.78
64.04 10.87
64.04 10.71
64.04 10.71
64.04 10.31
64.04 10.73
64.04 10.7
64.04 10.77
64.04 10.81
64.04 10.66
64.04 10.75
64.04 10.71
64.04 10.8
64.04 10.85
64.04 10.77
64.04 10.73
64.04 10.87
64.04 10.74
64.04 10.63
64.04 10.74
64.04 10.64
64.04 10.79
64.04 10.79
64.04 10.72
64.04 10.5
64.04 10.88
64.04 10.63
64.04 10.71
64.04 10.95
64.04 10.61
62.9 10.76
64.04 10.75
64.04 10.67
64.04 10.69
64.04 10.58
64.04 10.69
64.04 10.87
64.04 10.79
62.9 10.63
64.04 10.76
64.04 10.74
64.04 10.76
64.04 10.74
64.04 10.71
64.04 10.63
64.04 10.76
64.04 10.74
64.04 10.75
64.04 10.67
64.04 10.56
64.04 10.72
64.04 10.75
64.04 10.85
64.04 10.71
64.04 10.79
64.04 10.75
64.04 10.71
64.04 10.61
64.04 10.57
64.04 10.68
64.04 10.8
64.04 10.86
62.9 10.84
64.04 10.63
64.04 10.85
64.04 10.65
64.04 10.62
64.04 10.7
64.04 10.59
64.04 10.81
64.04 10.82
64.04 10.8
64.04 10.81
64.04 10.81
64.04 10.56
64.04 10.56
64.04 10.71
64.04 10.72
64.04 10.6
64.04 10.79
64.04 10.55
64.04 10.72
64.04 10.75
64.04 10.67
64.04 10.76
64.04 10.71
62.9 10.84
64.04 10.69
62.9 10.67
64.04 10.71
64.04 10.74
64.04 10.64
64.04 10.94
64.04 10.73
64.04 10.85
64.04 10.72
64.04 10.8
64.04 10.67
64.04 10.65
64.04 10.79
64.04 10.78
64.04 10.74
64.04 10.79
64.04 10.74
64.04 10.77
64.04 10.72
64.04 10.5
64.04 10.56
64.04 10.77
64.04 10.74
64.04 10.63
64.04 10.79
64.04 10.75
64.04 10.75
64.04 10.81
64.04 10.63
64.04 10.71
64.04 10.66
64.04 10.68
64.04 10.72
64.04 10.53
62.9 10.77
64.04 10.63
64.04 10.79
64.04 10.91
64.04 10.62
64.04 10.88
64.04 10.71
64.04 10.5
64.04 10.72
64.04 10.7
64.04 10.78
64.04 10.67
64.04 10.56
64.04 10.88
64.04 10.81
64.04 10.95
64.04 10.82
64.04 10.62
64.04 10.79
64.04 10.84
64.04 10.55
64.04 10.75
64.04 10.62
64.04 10.56
64.04 10.75
64.04 10.55
64.04 10.82
64.04 10.61
64.04 10.72
64.04 10.96
64.04 10.68
64.04 10.78
64.04 10.76
64.04 10.64
64.04 10.8
64.04 10.69
64.04 10.66
64.04 10.72
64.04 10.8
64.04 10.64
64.04 10.79
62.9 10.58
64.04 10.77
64.04 10.67
64.04 10.87
64.04 10.73
64.04 10.7
64.04 10.82
64.04 10.69
64.04 10.78
64.04 10.63
64.04 10.96
64.04 10.56
64.04 10.58
64.04 10.63
64.04 10.68
64.04 10.65
64.04 10.74
64.04 10.85
64.04 10.7
64.04 10.56
64.04 10.67
64.04 10.77
64.04 10.75
64.04 10.77
64.04 10.57
64.04 10.88
64.04 10.71
64.04 10.57
64.04 10.55
64.04 10.81
64.04 10.63
64.04 10.53
64.04 11.06
64.04 10.58
64.04 10.57
64.04 10.66
64.04 10.77
64.04 10.59
64.04 10.67
64.04 10.6
64.04 10.74
64.04 10.74
64.04 10.87
64.04 10.83
64.04 10.57
64.04 10.75
62.9 10.61
64.04 10.74
64.04 10.91
64.04 10.71
62.9 10.71
64.04 10.79
64.04 10.91
64.04 10.64
64.04 10.64
64.04 10.78
64.04 10.71
64.04 10.81
64.04 10.8
64.04 10.68
64.04 10.87
64.04 10.56
64.04 10.6
64.04 10.83
64.04 10.81
64.04 10.45
64.04 10.67
64.04 10.66
64.04 10.75
64.04 10.53
64.04 10.66
64.04 10.75
64.04 10.55
64.04 10.93
64.04 10.61
64.04 10.78
64.04 10.91
64.04 10.93
64.04 10.68
64.04 10.9
64.04 10.72
64.04 10.53
64.04 10.72
64.04 10.87
64.04 10.9
64.04 10.87
64.04 10.63
64.04 10.88
64.04 10.64
64.04 10.67
64.04 10.72
64.04 10.66
64.04 10.7
64.04 10.63
64.04 10.65
64.04 10.6
64.04 10.82
64.04 11.03
64.04 10.8
64.04 10.77
64.04 10.9
64.04 10.77
64.04 10.61
64.04 10.48
64.04 10.86
64.04 10.79
64.04 10.67
