35.54 13.84
34.4 13.9
34.4 13.53
34.4 13.84
34.4 13.81
34.4 13.73
35.54 13.68
35.54 13.92
34.4 13.8
34.4 13.7
35.54 13.8
34.4 13.79
34.4 13.63
35.54 13.75
35.54 13.78
35.54 13.72
34.4 13.41
34.4 13.7
35.54 13.67
35.54 13.71
35.54 13.74
35.54 13.62
34.4 13.71
34.4 13.8
34.4 13.79
35.54 13.98
35.54 13.78
35.54 13.79
35.54 13.83
35.54 13.79
35.54 13.8
34.4 13.76
35.54 13.71
35.54 13.57
35.54 13.63
35.54 13.52
34.4 13.55
35.54 13.71
35.54 13.67
35.54 13.74
35.54 13.84
35.54 13.86
35.54 13.71
35.54 13.65
35.54 13.79
36.68 13.83
35.54 13.84
36.68 13.52
35.54 13.87
35.54 13.76
35.54 13.72
34.4 13.62
35.54 13.68
35.54 13.54
35.54 13.94
35.54 13.81
35.54 13.66
35.54 13.78
36.68 13.71
36.68 13.91
36.68 13.67
35.54 13.72
36.68 13.76
36.68 13.71
35.54 13.59
36.68 13.77
35.54 13.76
36.68 13.68
36.68 13.75
35.54 13.68
36.68 13.75
35.54 13.76
36.68 13.7
35.54 13.86
36.68 13.65
36.68 13.9
36.68 13.68
36.68 13.67
36.68 13.65
35.54 13.58
36.68 13.91
36.68 13.78
36.68 13.72
36.68 13.33
35.54 13.73
36.68 13.6
36.68 13.71
35.54 13.71
36.68 13.63
36.68 13.48
36.68 13.57
36.68 13.67
36.68 13.63
36.68 13.55
35.54 13.7
36.68 13.67
36.68 13.62
36.68 13.47
36.68 13.7
36.68 13.54
36.68 13.51
36.68 13.41
36.68 13.57
36.68 13.63
36.68 13.45
36.68 13.62
36.68 13.85
36.68 13.54
36.68 13.6
36.68 13.71
36.68 13.65
36.68 13.35
36.68 13.41
36.68 13.39
36.68 13.49
36.68 13.55
37.82 13.52
36.68 13.41
36.68 13.39
37.82 13.67
36.68 13.54
36.68 13.66
36.68 13.49
36.68 13.62
36.68 13.45
36.68 13.3
37.82 13.37
36.68 13.58
36.68 13.42
37.82 13.71
36.68 13.23
36.68 13.27
36.68 13.46
37.82 13.61
35.54 13.36
37.82 13.57
36.68 13.51
36.68 13.46
36.68 13.71
36.68 13.47
36.68 13.33
37.82 13.34
37.82 13.41
36.68 13.54
37.82 13.54
36.68 13.46
37.82 13.36
36.68 13.42
37.82 13.39
37.82 13.52
36.68 13.57
36.68 13.27
36.68 13.44
37.82 13.63
37.82 13.44
36.68 13.55
37.82 13.41
37.82 13.45
37.82 13.54
37.82 13.36
37.82 13.42
37.82 13.35
37.82 13.53
37.82 13.49
36.68 13.6
36.68 13.59
37.82 13.31
36.68 13.64
37.82 13.45
37.82 13.77
37.82 13.45
37.82 13.44
37.82 13.44
37.82 13.51
36.68 13.76
37.82 13.28
37.82 13.5
37.82 13.48
37.82 13.42
37.82 13.54
37.82 13.5
36.68 13.62
36.68 13.53
37.82 13.52
36.68 13.63
37.82 13.47
37.82 13.57
37.82 13.56
37.82 13.33
37.82 13.52
37.82 13.3
36.68 13.3
37.82 13.51
37.82 13.34
37.82 13.37
37.82 13.54
37.82 13.46
37.82 13.52
37.82 13.55
37.82 13.57
37.82 13.41
37.82 13.59
37.82 13.39
37.82 13.29
37.82 13.49
37.82 13.36
36.68 13.41
37.82 13.41
37.82 13.38
37.82 13.5
37.82 13.49
38.96 13.67
37.82 13.44
37.82 13.54
37.82 13.52
37.82 13.44
37.82 13.6
37.82 13.62
37.82 13.47
37.82 13.27
37.82 13.24
37.82 13.58
38.96 13.57
37.82 13.44
37.82 13.25
38.96 13.2
38.96 13.57
37.82 13.39
37.82 13.35
37.82 13.23
38.96 13.65
37.82 13.45
37.82 13.25
37.82 13.28
38.96 13.38
37.82 13.31
37.82 13.47
37.82 13.39
38.96 13.39
37.82 13.27
37.82 13.27
37.82 13.51
37.82 13.44
37.82 13.24
37.82 13.36
38.96 13.51
37.82 13.31
38.96 13.28
37.82 13.37
38.96 13.28
38.96 13.25
37.82 13.22
38.96 13.33
37.82 13.19
37.82 13.31
37.82 13.45
38.96 13.3
37.82 13.52
38.96 13.35
38.96 13.66
37.82 13.31
38.96 13.46
37.82 13.29
37.82 13.24
37.82 13.41
37.82 13.37
37.82 13.19
37.82 13.47
38.96 13.22
38.96 13.2
37.82 13.3
38.96 13.28
38.96 13.15
38.96 13.36
38.96 13.36
38.96 13.15
38.96 13.4
38.96 13.35
38.96 13.31
38.96 13.27
38.96 13.27
38.96 13.28
38.96 13.06
38.96 13.25
38.96 13.41
38.96 13.47
38.96 13.22
38.96 13.36
38.96 13.25
38.96 13.12
38.96 13.41
38.96 13.36
37.82 13.31
37.82 13.44
37.82 13.37
38.96 13.12
37.82 13.27
38.96 13.4
38.96 13.35
38.96 13.37
38.96 13.18
38.96 13.36
37.82 13.26
38.96 13.26
38.96 13.28
38.96 13.17
38.96 13.36
38.96 13.36
38.96 13.39
38.96 13.41
38.96 13.19
37.82 13.14
38.96 13.23
38.96 13.11
38.96 13.39
38.96 13.36
38.96 13.35
38.96 13.03
38.96 13.31
38.96 13.22
38.96 13.32
38.96 13.2
38.96 13.31
37.82 13.28
38.96 13.14
38.96 13.34
38.96 13.19
38.96 13.38
38.96 13.23
38.96 13.17
38.96 13.37
38.96 13.21
38.96 13.22
38.96 13.13
38.96 13.36
38.96 13.32
38.96 13.3
37.82 13.43
38.96 13.3
38.96 13.22
40.1 13.3
38.96 13.36
38.96 13.11
38.96 13.23
38.96 13.35
38.96 13.11
38.96 13.34
38.96 13.39
38.96 13.2
38.96 13.19
38.96 13.38
40.1 13.32
38.96 13.15
38.96 13.27
40.1 13.23
38.96 13.26
37.82 13.23
38.96 13.31
38.96 13.26
38.96 13.2
38.96 13.13
38.96 13.17
40.1 13.04
38.96 13.2
38.96 13.32
40.1 13.01
38.96 13.22
38.96 13.35
38.96 13.27
38.96 13.23
38.96 13.32
38.96 13.07
38.96 13.35
38.96 13.09
40.1 13.35
40.1 13.17
38.96 13.19
38.96 13.28
38.96 13.14
38.96 13.27
40.1 13.1
38.96 13.19
38.96 13.1
38.96 13.22
40.1 13.33
40.1 13.14
38.96 13.14
40.1 12.96
38.96 13.31
38.96 13.06
38.96 13.32
38.96 13.28
40.1 13.24
38.96 13.3
38.96 13.1
38.96 13.2
40.1 13.01
38.96 13.32
38.96 13.03
38.96 13.36
38.96 13.41
38.96 13.35
38.96 13.19
40.1 13.28
40.1 13.07
40.1 13.21
40.1 13.15
40.1 13.14
38.96 13.18
40.1 13.15
40.1 13.07
38.96 13.43
40.1 13.32
40.1 13.22
38.96 13.38
40.1 13.12
40.1 13.3
38.96 13.12
38.96 13.09
38.96 13.23
38.96 13.31
38.96 13.14
38.96 13.12
38.96 13.16
38.96 13.22
38.96 13.22
38.96 13.02
38.96 13.11
38.96 13.32
38.96 13.27
40.1 12.96
38.96 13.22
38.96 13.23
40.1 13.1
40.1 13.17
38.96 13.13
40.1 13.13
38.96 13.15
40.1 12.93
38.96 13.17
40.1 13.22
40.1 13.14
40.1 13.12
38.96 12.97
40.1 13.01
38.96 13.17
38.96 13.09
38.96 13.04
40.1 12.95
38.96 13.15
40.1 13.02
38.96 13.1
38.96 13.06
38.96 13.09
40.1 13.09
40.1 13.31
40.1 13.1
40.1 13.12
38.96 13.2
40.1 13.06
40.1 13.01
38.96 13.09
40.1 13.08
40.1 13.18
40.1 12.96
40.1 13.23
40.1 13.12
40.1 13.13
41.24 13.02
40.1 13.2
38.96 12.93
38.96 12.98
40.1 12.97
40.1 13.19
40.1 13.15
40.1 13.12
40.1 13.01
40.1 13.08
40.1 13.03
38.96 13.31
40.1 12.98
40.1 13.14
38.96 12.98
40.1 12.96
40.1 13.03
40.1 12.82
40.1 13.14
40.1 13.17
40.1 12.9
40.1 13.11
40.1 12.89
40.1 13.07
40.1 13.01
40.1 13.11
40.1 13.01
38.96 13.12
40.1 13.12
40.1 13.06
40.1 12.95
40.1 13.2
40.1 13.03
40.1 13.01
40.1 12.94
40.1 12.99
40.1 12.77
40.1 13.1
40.1 13.16
40.1 13.04
41.24 12.93
38.96 13.02
40.1 13.07
40.1 12.96
40.1 13.07
40.1 12.95
41.24 12.98
40.1 13.1
40.1 13.18
40.1 13.03
40.1 12.82
40.1 13.02
40.1 12.99
38.96 12.86
40.1 13.03
40.1 12.79
40.1 13.04
40.1 12.88
40.1 13.09
40.1 12.98
40.1 12.77
40.1 13.09
41.24 13.04
40.1 12.99
41.24 13.06
40.1 13.06
40.1 12.9
40.1 12.97
40.1 12.89
41.24 12.98
40.1 13.04
40.1 13.0
41.24 12.87
40.1 12.95
40.1 13.17
40.1 13.19
40.1 13.08
41.24 12.91
40.1 12.93
40.1 13.09
41.24 12.96
41.24 12.93
40.1 12.87
40.1 12.96
40.1 12.73
41.24 12.95
41.24 13.02
40.1 12.99
41.24 12.78
40.1 12.85
40.1 12.98
40.1 12.9
40.1 13.06
40.1 13.03
41.24 12.96
41.24 13.01
41.24 13.12
40.1 12.87
40.1 13.19
41.24 12.97
41.24 13.04
40.1 12.9
41.24 12.98
40.1 12.84
41.24 12.99
41.24 12.82
42.38 12.98
41.24 12.9
41.24 13.2
40.1 12.97
41.24 12.93
41.24 12.93
41.24 12.9
41.24 12.85
41.24 12.91
41.24 13.03
41.24 13.08
40.1 13.15
40.1 13.19
40.1 12.92
40.1 12.84
41.24 13.1
41.24 12.81
40.1 13.17
41.24 12.67
41.24 12.85
40.1 13.14
40.1 12.81
41.24 13.31
40.1 12.93
40.1 13.01
41.24 12.98
41.24 12.91
41.24 12.94
41.24 12.99
40.1 13.22
40.1 13.04
41.24 13.1
40.1 12.99
41.24 12.9
41.24 12.88
41.24 13.14
41.24 12.98
40.1 13.07
41.24 13.02
41.24 12.85
41.24 13.19
40.1 12.99
41.24 12.9
41.24 12.93
41.24 13.21
41.24 12.74
41.24 12.97
40.1 13.07
40.1 12.88
41.24 12.9
41.24 12.94
41.24 12.96
41.24 13.01
40.1 12.98
40.1 12.83
41.24 12.95
41.24 13.13
41.24 12.98
41.24 12.94
41.24 13.17
41.24 13.06
40.1 12.96
41.24 13.14
41.24 12.99
40.1 12.93
41.24 12.75
41.24 12.72
41.24 12.96
41.24 12.91
40.1 13.08
40.1 12.95
41.24 13.06
41.24 12.7
41.24 12.96
41.24 12.89
41.24 12.98
40.1 13.06
41.24 12.92
41.24 12.97
41.24 12.97
41.24 13.01
40.1 12.77
41.24 13.03
41.24 13.0
41.24 12.98
41.24 12.88
41.24 12.95
41.24 12.95
41.24 12.88
40.1 12.91
41.24 13.0
41.24 12.8
42.38 12.98
41.24 12.8
41.24 13.11
40.1 12.96
41.24 12.85
41.24 12.79
41.24 12.97
41.24 12.85
40.1 12.81
41.24 12.96
41.24 12.97
41.24 12.93
41.24 12.93
41.24 12.82
40.1 12.86
41.24 13.07
41.24 13.03
42.38 13.0
41.24 13.03
41.24 13.04
41.24 12.93
41.24 13.02
41.24 13.01
41.24 12.72
41.24 12.84
41.24 12.93
42.38 12.97
41.24 12.74
41.24 12.82
41.24 12.87
41.24 12.72
41.24 12.87
41.24 12.74
41.24 12.8
41.24 12.93
41.24 12.78
41.24 12.88
41.24 12.95
41.24 12.8
41.24 12.75
41.24 12.64
41.24 12.93
41.24 12.91
42.38 12.96
41.24 12.76
41.24 12.84
41.24 12.78
42.38 12.77
41.24 12.9
41.24 12.88
41.24 12.71
42.38 12.84
41.24 12.82
41.24 12.98
41.24 12.89
41.24 12.87
41.24 12.79
41.24 12.79
42.38 12.77
41.24 12.76
41.24 12.91
41.24 12.89
41.24 12.79
41.24 12.96
41.24 12.74
41.24 12.93
41.24 12.77
42.38 12.97
41.24 12.91
41.24 12.84
41.24 12.9
41.24 12.75
41.24 12.8
41.24 12.79
42.38 12.96
42.38 12.82
41.24 12.66
42.38 12.89
41.24 12.85
42.38 13.04
41.24 12.74
41.24 12.68
42.38 12.83
42.38 13.0
41.24 12.96
41.24 12.92
41.24 12.56
42.38 12.56
41.24 12.84
41.24 12.91
41.24 12.64
42.38 12.95
41.24 12.62
41.24 12.79
41.24 12.82
41.24 12.79
42.38 12.88
42.38 12.85
42.38 12.83
42.38 12.53
41.24 12.79
41.24 12.84
42.38 12.74
41.24 12.72
42.38 12.85
41.24 12.71
41.24 12.72
42.38 12.85
42.38 12.8
41.24 12.47
41.24 12.67
42.38 12.68
41.24 12.61
41.24 12.73
42.38 12.74
42.38 12.73
42.38 12.87
42.38 12.53
42.38 12.85
42.38 12.87
42.38 12.59
42.38 12.76
41.24 12.8
42.38 12.8
41.24 12.69
41.24 12.95
42.38 12.86
41.24 12.49
41.24 12.88
41.24 12.85
42.38 12.83
42.38 12.8
42.38 12.95
41.24 12.72
41.24 12.91
41.24 12.87
41.24 12.83
42.38 12.79
42.38 12.85
42.38 12.8
41.24 12.79
41.24 12.87
42.38 12.73
42.38 12.77
42.38 12.75
41.24 12.58
42.38 12.67
42.38 12.84
42.38 12.72
42.38 12.72
42.38 12.93
42.38 12.63
42.38 12.75
42.38 12.87
42.38 12.73
42.38 12.79
42.38 12.66
42.38 12.91
42.38 12.68
42.38 12.88
42.38 12.48
42.38 12.62
41.24 12.75
41.24 12.8
42.38 12.75
41.24 12.73
42.38 12.75
42.38 12.71
42.38 12.77
42.38 12.69
42.38 12.71
42.38 12.77
42.38 12.82
42.38 12.7
41.24 12.74
42.38 12.78
42.38 12.91
42.38 12.8
42.38 12.62
42.38 12.71
42.38 12.8
42.38 12.64
42.38 12.61
42.38 12.66
42.38 12.61
42.38 12.78
42.38 12.63
42.38 12.67
42.38 12.74
42.38 12.58
42.38 12.64
42.38 12.71
42.38 12.78
41.24 12.59
42.38 12.75
41.24 12.64
41.24 12.59
42.38 12.81
41.24 12.69
41.24 12.92
41.24 12.87
41.24 12.72
42.38 12.64
41.24 12.71
43.52 12.67
41.24 12.74
42.38 12.72
42.38 12.56
42.38 12.77
42.38 12.67
42.38 12.57
42.38 12.76
42.38 12.79
42.38 12.67
42.38 12.64
41.24 12.56
42.38 12.63
41.24 12.82
42.38 12.9
42.38 12.8
42.38 12.9
42.38 12.59
42.38 12.77
42.38 12.89
42.38 12.9
42.38 12.61
42.38 12.9
42.38 12.73
42.38 12.72
42.38 12.67
42.38 12.5
42.38 12.7
42.38 12.7
42.38 12.66
42.38 12.5
42.38 12.9
42.38 12.63
42.38 12.7
42.38 12.9
42.38 12.71
42.38 12.72
42.38 12.59
42.38 12.79
42.38 12.64
42.38 12.77
42.38 12.74
42.38 12.72
42.38 12.91
42.38 12.72
42.38 12.72
43.52 12.73
42.38 12.85
42.38 12.72
42.38 12.75
42.38 12.77
43.52 12.67
42.38 12.69
42.38 12.83
42.38 12.58
42.38 12.58
42.38 12.71
42.38 12.64
42.38 12.64
42.38 12.69
42.38 12.78
42.38 12.74
42.38 12.57
42.38 12.78
42.38 12.8
42.38 12.75
42.38 12.67
42.38 12.73
42.38 12.78
42.38 12.87
42.38 12.69
42.38 12.53
42.38 12.83
42.38 12.69
42.38 12.68
42.38 12.81
43.52 12.77
42.38 12.74
43.52 12.7
42.38 12.81
42.38 12.93
42.38 12.82
42.38 12.56
42.38 12.76
42.38 12.85
42.38 12.8
42.38 12.93
42.38 12.74
42.38 12.89
42.38 12.7
42.38 12.59
43.52 12.66
42.38 12.55
42.38 12.78
42.38 12.65
43.52 12.47
43.52 12.55
43.52 12.54
42.38 12.74
42.38 12.71
42.38 12.73
42.38 12.61
42.38 12.68
42.38 12.67
42.38 12.62
43.52 12.63
42.38 12.64
42.38 12.72
42.38 12.72
42.38 12.71
42.38 12.64
42.38 12.64
42.38 12.72
42.38 12.81
42.38 12.64
42.38 12.59
42.38 12.72
43.52 12.66
42.38 12.69
43.52 12.72
42.38 12.73
42.38 12.66
42.38 12.64
42.38 12.56
42.38 12.57
43.52 12.68
42.38 12.76
43.52 12.5
42.38 12.53
43.52 12.61
43.52 12.78
42.38 12.69
42.38 12.57
42.38 12.74
43.52 12.53
43.52 12.61
43.52 12.63
42.38 12.71
43.52 12.59
42.38 12.55
42.38 12.56
43.52 12.64
42.38 12.54
43.52 12.81
42.38 12.71
42.38 12.88
43.52 12.68
42.38 12.72
43.52 12.79
43.52 12.87
43.52 12.74
42.38 12.75
42.38 12.7
43.52 12.83
42.38 12.44
43.52 12.63
42.38 12.61
43.52 12.67
42.38 12.55
42.38 12.73
42.38 12.59
43.52 12.32
43.52 12.72
42.38 12.71
42.38 12.74
43.52 12.72
43.52 12.67
42.38 12.51
43.52 12.63
43.52 12.71
43.52 12.72
43.52 12.52
43.52 12.63
42.38 12.8
43.52 12.55
43.52 12.59
42.38 12.53
43.52 12.75
43.52 12.84
42.38 12.6
43.52 12.63
42.38 12.42
43.52 12.69
42.38 12.47
42.38 12.6
42.38 12.71
43.52 12.5
43.52 12.69
43.52 12.63
43.52 12.46
43.52 12.49
43.52 12.51
43.52 12.62
42.38 12.43
43.52 12.41
43.52 12.53
43.52 12.69
43.52 12.61
43.52 12.5
43.52 12.58
43.52 12.47
43.52 12.71
42.38 12.45
43.52 12.47
42.38 12.59
43.52 12.36
42.38 12.59
42.38 12.48
43.52 12.58
43.52 12.55
43.52 12.55
43.52 12.53
42.38 12.44
43.52 12.39
43.52 12.38
43.52 12.58
43.52 12.49
42.38 12.63
43.52 12.64
43.52 12.64
43.52 12.67
43.52 12.57
43.52 12.39
43.52 12.66
43.52 12.36
43.52 12.47
43.52 12.48
44.66 12.52
42.38 12.39
43.52 12.43
43.52 12.38
42.38 12.56
43.52 12.66
43.52 12.51
43.52 12.43
43.52 12.39
43.52 12.48
43.52 12.55
43.52 12.59
43.52 12.58
43.52 12.62
43.52 12.53
43.52 12.35
43.52 12.4
43.52 12.63
42.38 12.75
42.38 12.45
43.52 12.5
43.52 12.61
43.52 12.51
43.52 12.43
43.52 12.66
43.52 12.68
43.52 12.45
43.52 12.66
43.52 12.43
43.52 12.43
43.52 12.34
43.52 12.67
43.52 12.55
44.66 12.47
43.52 12.5
43.52 12.59
43.52 12.55
43.52 12.42
43.52 12.69
43.52 12.59
43.52 12.47
43.52 12.37
43.52 12.55
43.52 12.36
43.52 12.54
43.52 12.62
43.52 12.45
43.52 12.53
43.52 12.56
43.52 12.62
43.52 12.51
43.52 12.55
43.52 12.48
43.52 12.56
43.52 12.57
43.52 12.53
43.52 12.52
44.66 12.5
43.52 12.43
43.52 12.63
42.38 12.29
43.52 12.39
43.52 12.54
43.52 12.55
43.52 12.44
43.52 12.69
43.52 12.66
43.52 12.54
44.66 12.48
43.52 12.51
43.52 12.45
44.66 12.6
43.52 12.51
43.52 12.63
43.52 12.36
42.38 12.5
43.52 12.39
43.52 12.55
43.52 12.45
44.66 12.48
43.52 12.37
43.52 12.58
43.52 12.37
43.52 12.56
43.52 12.58
43.52 12.45
43.52 12.5
44.66 12.44
43.52 12.34
43.52 12.48
43.52 12.37
43.52 12.47
44.66 12.61
43.52 12.58
43.52 12.43
43.52 12.67
43.52 12.55
43.52 12.4
42.38 12.56
43.52 12.55
43.52 12.42
43.52 12.61
43.52 12.59
43.52 12.39
43.52 12.43
43.52 12.41
43.52 12.7
43.52 12.47
43.52 12.39
43.52 12.38
44.66 12.44
43.52 12.29
43.52 12.42
43.52 12.3
43.52 12.58
43.52 12.45
43.52 12.35
43.52 12.57
43.52 12.48
43.52 12.45
43.52 12.52
43.52 12.56
44.66 12.4
43.52 12.51
43.52 12.48
43.52 12.5
43.52 12.63
43.52 12.43
43.52 12.5
43.52 12.47
43.52 12.5
43.52 12.4
44.66 12.51
43.52 12.3
44.66 12.37
43.52 12.52
43.52 12.55
44.66 12.5
43.52 12.6
43.52 12.51
43.52 12.59
43.52 12.38
43.52 12.47
43.52 12.39
43.52 12.48
44.66 12.48
43.52 12.38
43.52 12.66
43.52 12.42
43.52 12.42
44.66 12.59
43.52 12.53
44.66 12.58
43.52 12.67
44.66 12.46
43.52 12.52
43.52 12.7
44.66 12.48
43.52 12.37
43.52 12.59
43.52 12.64
43.52 12.42
43.52 12.63
44.66 12.46
44.66 12.41
43.52 12.46
43.52 12.7
43.52 12.59
44.66 12.68
43.52 12.51
44.66 12.48
43.52 12.37
43.52 12.53
44.66 12.18
44.66 12.46
43.52 12.53
43.52 12.66
44.66 12.24
43.52 12.42
43.52 12.41
44.66 12.41
43.52 12.56
44.66 12.67
44.66 12.61
43.52 12.72
43.52 12.59
44.66 12.48
44.66 12.48
43.52 12.35
43.52 12.35
44.66 12.37
43.52 12.36
44.66 12.51
44.66 12.39
44.66 12.63
43.52 12.45
43.52 12.64
44.66 12.35
43.52 12.5
43.52 12.54
43.52 12.39
44.66 12.33
44.66 12.34
43.52 12.42
43.52 12.4
44.66 12.58
43.52 12.53
44.66 12.5
43.52 12.37
44.66 12.53
43.52 12.35
43.52 12.36
43.52 12.56
44.66 12.55
44.66 12.45
44.66 12.67
44.66 12.5
44.66 12.57
43.52 12.47
44.66 12.58
44.66 12.66
44.66 12.49
44.66 12.56
43.52 12.37
44.66 12.47
43.52 12.42
44.66 12.4
44.66 12.53
44.66 12.41
44.66 12.63
43.52 12.44
44.66 12.53
44.66 12.42
44.66 12.47
43.52 12.64
44.66 12.57
44.66 12.31
44.66 12.32
45.8 12.48
44.66 12.28
44.66 12.5
44.66 12.47
44.66 12.52
44.66 12.27
44.66 12.21
44.66 12.49
43.52 12.48
44.66 12.32
44.66 12.35
44.66 12.42
44.66 12.37
44.66 12.54
44.66 12.47
44.66 12.46
43.52 12.39
44.66 12.36
44.66 12.46
44.66 12.37
44.66 12.45
44.66 12.39
44.66 12.42
44.66 12.31
44.66 12.46
44.66 12.64
44.66 12.34
44.66 12.35
44.66 12.26
44.66 12.39
44.66 12.49
44.66 12.26
43.52 12.53
44.66 12.48
43.52 12.39
44.66 12.45
44.66 12.21
44.66 12.18
44.66 12.45
44.66 12.27
44.66 12.18
43.52 12.31
44.66 12.48
44.66 12.33
43.52 12.37
43.52 12.5
44.66 12.55
44.66 12.25
44.66 12.36
43.52 12.51
45.8 12.23
43.52 12.67
44.66 12.28
44.66 12.4
44.66 12.5
43.52 12.52
44.66 12.11
43.52 12.44
44.66 12.19
44.66 12.3
44.66 12.28
44.66 12.41
44.66 12.18
45.8 12.44
44.66 12.45
44.66 12.37
44.66 12.21
44.66 12.23
44.66 12.29
43.52 12.19
45.8 12.29
44.66 12.5
44.66 12.56
44.66 12.35
44.66 12.51
44.66 12.44
43.52 12.52
44.66 12.27
44.66 12.43
44.66 12.35
44.66 12.4
44.66 12.29
44.66 12.4
44.66 12.27
44.66 12.29
44.66 12.47
44.66 12.42
44.66 12.26
44.66 12.42
44.66 12.35
44.66 12.3
44.66 12.38
44.66 12.34
44.66 12.28
44.66 12.55
44.66 12.63
44.66 12.23
44.66 12.27
44.66 12.32
44.66 12.27
44.66 12.52
44.66 12.37
45.8 12.41
44.66 12.34
44.66 12.32
44.66 12.22
45.8 12.36
44.66 12.34
44.66 12.48
44.66 12.21
44.66 12.34
44.66 12.48
44.66 12.18
44.66 12.35
44.66 12.39
44.66 12.18
44.66 12.31
44.66 12.32
44.66 12.72
44.66 12.41
44.66 12.31
44.66 12.37
44.66 12.29
44.66 12.24
44.66 12.27
43.52 12.03
44.66 12.2
44.66 12.22
44.66 12.31
44.66 12.35
44.66 12.37
44.66 12.56
44.66 12.38
44.66 12.23
43.52 12.37
44.66 12.09
44.66 12.31
44.66 12.24
44.66 12.3
44.66 12.31
44.66 12.39
45.8 12.21
44.66 12.46
44.66 12.24
44.66 12.35
44.66 12.22
44.66 12.45
44.66 12.27
44.66 12.4
44.66 12.42
44.66 12.29
44.66 12.21
44.66 12.45
44.66 12.39
44.66 12.47
45.8 12.09
44.66 12.37
44.66 12.31
44.66 12.47
44.66 12.37
44.66 12.15
44.66 12.26
44.66 12.28
44.66 12.34
44.66 12.29
45.8 12.23
44.66 12.42
45.8 12.21
44.66 12.28
44.66 12.27
44.66 12.31
45.8 12.27
44.66 12.08
44.66 12.27
44.66 12.2
44.66 12.39
45.8 12.34
43.52 12.45
44.66 12.39
44.66 12.28
45.8 12.34
45.8 12.4
44.66 12.41
44.66 12.21
44.66 12.37
45.8 12.42
44.66 12.21
45.8 12.29
44.66 12.19
44.66 12.28
45.8 12.29
44.66 12.2
44.66 12.35
44.66 12.51
45.8 12.3
44.66 12.31
44.66 12.1
44.66 12.31
44.66 12.32
44.66 12.35
45.8 12.26
44.66 12.08
45.8 12.21
45.8 12.4
44.66 12.45
44.66 12.29
44.66 12.44
45.8 12.23
44.66 12.32
44.66 12.37
44.66 12.25
44.66 12.31
44.66 12.43
44.66 12.18
44.66 12.38
44.66 12.18
44.66 12.24
44.66 12.61
44.66 12.27
44.66 12.24
44.66 12.35
44.66 12.4
44.66 12.16
45.8 12.36
44.66 12.3
44.66 12.25
45.8 12.28
45.8 12.18
44.66 12.1
44.66 12.02
45.8 12.19
45.8 12.32
44.66 12.33
44.66 12.23
45.8 12.18
44.66 12.41
45.8 12.28
44.66 12.38
45.8 12.15
44.66 12.15
45.8 12.16
44.66 12.26
45.8 11.97
45.8 12.33
44.66 12.37
45.8 12.47
44.66 12.21
45.8 12.25
44.66 12.39
44.66 12.13
45.8 12.18
45.8 12.29
45.8 12.18
44.66 12.19
44.66 12.25
45.8 12.2
44.66 12.26
45.8 12.14
44.66 12.11
44.66 12.19
44.66 12.18
45.8 12.24
44.66 12.15
44.66 12.18
44.66 12.29
45.8 12.18
45.8 12.0
45.8 12.39
45.8 12.29
45.8 12.27
44.66 12.26
45.8 12.08
45.8 12.37
45.8 12.16
45.8 12.17
45.8 12.22
44.66 12.26
45.8 12.26
44.66 12.16
44.66 12.29
44.66 12.27
45.8 12.26
45.8 12.2
45.8 12.08
45.8 12.33
45.8 12.31
44.66 12.03
45.8 12.13
45.8 12.27
45.8 12.27
44.66 12.31
45.8 12.18
45.8 12.23
45.8 12.13
45.8 12.43
45.8 12.14
44.66 12.21
44.66 12.43
45.8 12.2
45.8 12.4
45.8 12.31
44.66 12.29
44.66 12.25
45.8 12.34
44.66 12.06
45.8 12.21
44.66 12.15
45.8 12.32
44.66 12.31
45.8 12.14
45.8 12.21
45.8 12.22
45.8 12.41
44.66 12.16
44.66 12.32
45.8 12.26
44.66 12.23
45.8 12.29
44.66 12.39
44.66 12.22
45.8 11.95
45.8 12.33
44.66 12.3
45.8 12.26
45.8 12.17
45.8 12.35
45.8 12.08
45.8 12.26
44.66 12.23
45.8 12.24
45.8 12.16
45.8 12.23
45.8 12.22
45.8 12.21
45.8 12.23
44.66 12.19
45.8 12.32
45.8 12.31
45.8 12.38
45.8 12.27
45.8 12.04
45.8 12.45
44.66 12.19
45.8 12.24
45.8 12.24
44.66 12.21
45.8 12.19
45.8 12.37
45.8 12.08
45.8 12.08
45.8 12.18
44.66 12.26
44.66 12.29
45.8 12.21
45.8 12.25
45.8 12.09
45.8 12.49
45.8 12.22
45.8 12.15
44.66 12.37
45.8 12.11
45.8 12.16
45.8 12.38
45.8 12.17
44.66 12.45
44.66 12.29
45.8 12.23
45.8 12.22
44.66 12.27
45.8 12.05
44.66 12.02
45.8 12.27
45.8 12.21
45.8 12.29
44.66 12.05
45.8 12.29
45.8 12.04
45.8 12.33
45.8 12.28
44.66 12.28
45.8 12.19
45.8 12.19
44.66 12.44
45.8 12.13
45.8 12.26
45.8 12.13
45.8 12.18
45.8 12.34
45.8 12.16
45.8 12.25
44.66 12.03
45.8 12.22
45.8 12.1
45.8 12.23
45.8 12.32
45.8 12.1
45.8 12.24
45.8 12.24
45.8 12.29
45.8 12.16
45.8 12.26
45.8 12.26
44.66 12.27
45.8 12.3
45.8 12.18
45.8 12.33
45.8 12.23
45.8 12.48
45.8 12.22
45.8 12.35
45.8 12.24
45.8 12.15
45.8 12.24
45.8 12.28
45.8 12.26
45.8 12.19
44.66 12.34
45.8 12.31
45.8 12.28
45.8 12.19
45.8 12.26
45.8 12.21
45.8 12.27
45.8 12.23
45.8 12.28
45.8 12.12
44.66 12.15
45.8 12.21
44.66 12.23
45.8 12.23
45.8 12.34
45.8 12.19
45.8 12.33
45.8 12.19
45.8 12.31
45.8 12.32
46.94 12.29
45.8 12.13
45.8 12.19
45.8 12.29
45.8 12.22
45.8 12.25
45.8 12.17
45.8 12.34
45.8 12.24
45.8 12.18
45.8 12.32
45.8 12.33
45.8 12.18
45.8 12.28
45.8 11.95
45.8 12.12
45.8 12.34
45.8 12.35
45.8 12.19
45.8 12.42
45.8 12.21
45.8 12.27
45.8 12.18
45.8 12.06
45.8 12.28
46.94 12.15
45.8 12.02
45.8 12.2
46.94 12.04
45.8 12.15
45.8 12.32
45.8 12.19
45.8 12.55
45.8 12.26
45.8 12.25
45.8 12.39
45.8 12.1
45.8 12.06
46.94 12.23
45.8 12.27
45.8 12.11
45.8 12.07
45.8 12.24
44.66 12.18
45.8 12.23
46.94 12.21
45.8 12.15
46.94 12.34
45.8 12.16
45.8 12.08
46.94 12.08
45.8 12.24
45.8 12.08
44.66 12.21
45.8 12.11
45.8 12.39
46.94 12.19
45.8 12.23
45.8 12.41
45.8 12.36
45.8 12.07
45.8 12.4
45.8 12.18
46.94 12.16
45.8 12.21
46.94 12.29
45.8 12.35
45.8 12.38
45.8 12.36
45.8 12.25
45.8 12.3
45.8 12.42
45.8 12.31
45.8 12.2
45.8 12.13
45.8 12.1
45.8 12.35
45.8 12.27
45.8 12.07
45.8 12.19
45.8 12.01
45.8 12.35
46.94 12.07
45.8 12.13
46.94 12.1
45.8 12.26
45.8 12.16
45.8 12.02
45.8 12.29
46.94 12.23
45.8 12.18
45.8 12.19
45.8 12.23
45.8 12.07
46.94 12.08
45.8 12.27
46.94 12.14
45.8 12.4
45.8 12.46
46.94 12.12
45.8 12.12
45.8 12.27
45.8 12.31
46.94 12.42
45.8 12.13
45.8 12.11
45.8 12.08
46.94 11.98
46.94 12.08
45.8 12.02
45.8 12.24
45.8 12.11
45.8 12.26
46.94 12.21
45.8 12.17
46.94 12.03
45.8 12.11
45.8 12.16
45.8 12.24
45.8 12.03
46.94 12.07
46.94 12.18
45.8 12.27
45.8 12.11
45.8 12.12
45.8 12.26
45.8 11.98
45.8 12.01
45.8 12.04
45.8 12.24
45.8 12.15
45.8 12.13
45.8 12.18
46.94 12.05
46.94 12.14
45.8 12.21
46.94 12.25
45.8 12.13
45.8 12.2
45.8 12.35
45.8 12.35
45.8 12.26
45.8 12.02
46.94 12.3
46.94 12.0
46.94 12.22
46.94 12.36
46.94 12.24
45.8 12.31
45.8 12.2
45.8 12.01
46.94 12.25
45.8 12.0
45.8 12.16
46.94 12.12
46.94 12.0
45.8 12.12
46.94 12.12
45.8 12.18
46.94 12.33
46.94 12.03
45.8 12.2
46.94 12.25
45.8 12.24
46.94 12.22
46.94 12.28
45.8 12.32
45.8 12.22
45.8 12.11
45.8 12.08
44.66 12.27
45.8 11.96
45.8 11.94
45.8 12.0
45.8 11.94
45.8 12.19
45.8 12.26
46.94 12.15
46.94 12.19
46.94 12.1
46.94 12.27
46.94 12.13
45.8 12.07
46.94 12.01
46.94 12.03
45.8 12.19
46.94 11.91
45.8 12.11
45.8 12.19
45.8 12.23
46.94 12.1
45.8 12.15
45.8 11.95
46.94 12.08
45.8 12.05
46.94 12.15
46.94 12.13
45.8 12.02
45.8 12.34
46.94 12.01
45.8 12.19
46.94 12.08
45.8 12.24
45.8 12.19
46.94 12.1
46.94 11.84
46.94 12.23
45.8 12.07
46.94 12.21
45.8 12.05
45.8 12.0
45.8 12.0
45.8 12.26
46.94 12.18
45.8 12.03
45.8 12.08
46.94 12.06
46.94 12.06
45.8 12.19
45.8 12.21
46.94 12.28
45.8 12.17
46.94 12.18
46.94 11.88
46.94 12.22
46.94 12.09
46.94 11.99
46.94 12.19
46.94 12.28
46.94 12.09
45.8 11.97
46.94 12.06
46.94 12.15
46.94 12.15
46.94 12.36
46.94 12.12
46.94 11.91
46.94 12.16
46.94 12.03
46.94 12.23
45.8 12.06
46.94 12.05
46.94 12.03
45.8 12.13
46.94 12.19
46.94 12.07
46.94 12.13
46.94 11.9
46.94 12.04
45.8 12.05
46.94 12.06
45.8 11.89
45.8 12.16
45.8 12.02
46.94 11.94
45.8 12.18
46.94 12.1
46.94 12.24
46.94 12.1
46.94 12.03
45.8 12.24
46.94 12.08
45.8 11.86
46.94 12.05
46.94 12.01
46.94 12.13
46.94 12.07
46.94 12.11
45.8 12.07
46.94 12.18
46.94 11.91
45.8 12.15
46.94 12.15
46.94 11.87
46.94 12.21
46.94 12.03
46.94 11.92
46.94 12.24
45.8 12.01
45.8 11.92
45.8 12.05
45.8 12.06
46.94 12.01
46.94 12.04
46.94 12.31
46.94 12.03
46.94 12.26
46.94 12.03
46.94 12.03
46.94 12.17
46.94 12.08
46.94 12.02
45.8 11.91
46.94 12.05
46.94 12.03
46.94 12.16
46.94 12.14
46.94 11.99
45.8 12.07
46.94 11.89
46.94 12.12
46.94 12.1
46.94 11.94
46.94 11.84
45.8 12.01
46.94 11.87
45.8 12.28
46.94 11.84
45.8 11.96
46.94 12.02
46.94 11.99
46.94 12.15
46.94 12.07
46.94 12.14
46.94 12.05
46.94 12.05
45.8 12.08
46.94 12.09
46.94 12.15
46.94 12.03
46.94 12.03
45.8 12.03
46.94 12.03
46.94 12.16
46.94 11.97
45.8 12.06
45.8 12.03
46.94 12.0
46.94 12.03
46.94 12.08
46.94 12.06
45.8 11.94
46.94 12.23
46.94 11.99
46.94 12.07
46.94 11.94
46.94 12.03
46.94 12.03
46.94 12.04
46.94 12.15
46.94 12.07
45.8 12.0
46.94 11.88
45.8 12.04
45.8 12.03
46.94 11.97
46.94 11.92
46.94 11.98
46.94 12.06
45.8 11.99
46.94 12.32
45.8 11.88
46.94 11.69
46.94 11.86
46.94 12.0
46.94 12.0
46.94 11.99
46.94 11.82
46.94 11.87
45.8 11.94
46.94 11.76
46.94 12.02
46.94 12.04
46.94 11.91
46.94 11.98
46.94 12.07
46.94 12.1
46.94 11.99
46.94 12.01
46.94 12.04
46.94 12.03
46.94 11.94
46.94 12.2
46.94 12.03
46.94 12.12
46.94 12.13
45.8 12.05
46.94 12.05
45.8 12.07
46.94 12.12
46.94 12.13
46.94 12.02
46.94 11.76
46.94 11.84
46.94 11.97
46.94 11.91
46.94 11.84
46.94 11.83
46.94 12.21
46.94 12.01
46.94 12.11
46.94 12.12
46.94 11.91
46.94 12.15
46.94 11.84
46.94 11.95
46.94 11.87
46.94 12.09
46.94 12.11
46.94 12.22
46.94 12.04
46.94 12.09
46.94 12.02
46.94 11.9
46.94 11.94
46.94 11.94
46.94 11.94
46.94 11.94
46.94 12.02
46.94 11.88
46.94 11.97
46.94 11.87
46.94 12.13
46.94 11.96
46.94 12.05
48.08 12.13
46.94 12.1
46.94 11.84
46.94 11.91
46.94 12.11
48.08 12.1
46.94 12.15
46.94 12.11
46.94 12.04
46.94 11.92
46.94 11.99
46.94 11.89
45.8 12.05
46.94 12.03
48.08 12.01
46.94 11.92
46.94 11.97
46.94 12.02
46.94 11.85
46.94 11.84
46.94 12.11
46.94 12.16
46.94 11.92
46.94 11.95
46.94 12.08
46.94 11.99
46.94 12.02
45.8 12.24
46.94 11.9
46.94 11.76
46.94 12.18
46.94 12.12
46.94 11.92
46.94 12.08
46.94 11.84
46.94 12.13
46.94 11.91
46.94 12.13
46.94 12.15
46.94 11.88
46.94 11.97
46.94 11.73
48.08 11.94
46.94 12.01
46.94 12.05
48.08 12.05
48.08 11.91
45.8 11.99
46.94 11.99
46.94 12.03
46.94 11.89
48.08 12.04
46.94 11.89
46.94 11.95
46.94 11.97
48.08 12.06
48.08 12.1
46.94 11.98
46.94 12.25
48.08 11.93
46.94 11.89
46.94 11.98
48.08 12.08
48.08 12.03
48.08 11.76
46.94 11.86
48.08 12.07
46.94 11.97
46.94 12.13
46.94 11.91
46.94 11.94
46.94 11.88
46.94 12.28
46.94 11.96
46.94 11.94
46.94 11.77
46.94 11.9
48.08 11.83
46.94 11.82
48.08 12.0
46.94 11.93
46.94 11.97
46.94 11.96
46.94 11.89
46.94 11.97
46.94 12.15
46.94 11.85
46.94 11.91
46.94 11.96
48.08 12.0
46.94 11.97
46.94 12.16
46.94 12.03
46.94 12.06
46.94 11.81
48.08 11.99
46.94 11.99
46.94 11.93
46.94 12.05
46.94 12.09
46.94 11.77
46.94 11.83
46.94 11.94
46.94 12.1
46.94 12.08
46.94 12.17
48.08 12.0
46.94 11.95
46.94 12.07
46.94 11.97
48.08 12.27
46.94 11.84
46.94 11.91
46.94 11.98
46.94 12.2
46.94 12.0
46.94 11.87
46.94 12.03
46.94 11.97
46.94 12.08
46.94 12.0
48.08 11.85
48.08 12.06
48.08 11.75
46.94 11.89
46.94 11.96
46.94 12.0
46.94 11.84
48.08 12.1
48.08 12.13
46.94 12.09
48.08 11.83
48.08 11.73
46.94 12.07
48.08 11.84
46.94 12.13
46.94 11.94
48.08 12.02
46.94 12.06
46.94 11.87
48.08 11.81
48.08 11.97
48.08 11.92
48.08 12.07
48.08 11.95
46.94 11.9
46.94 12.08
48.08 11.79
48.08 12.03
48.08 12.08
46.94 12.0
46.94 11.93
46.94 12.0
48.08 11.95
48.08 11.89
46.94 11.85
46.94 11.91
46.94 11.95
46.94 11.91
48.08 11.94
46.94 11.77
48.08 12.14
48.08 12.13
46.94 11.84
48.08 11.84
46.94 12.01
48.08 11.86
48.08 12.03
48.08 11.91
48.08 11.65
46.94 11.99
46.94 12.09
48.08 11.83
46.94 12.09
48.08 12.12
46.94 11.79
48.08 12.19
48.08 11.89
48.08 12.13
48.08 11.73
46.94 12.18
46.94 11.93
46.94 12.03
46.94 11.89
48.08 11.88
46.94 11.91
46.94 11.81
48.08 12.18
48.08 12.11
46.94 11.93
46.94 12.03
48.08 11.95
46.94 11.73
46.94 11.94
46.94 12.05
48.08 12.05
48.08 12.03
46.94 11.85
48.08 11.92
46.94 12.03
48.08 11.95
48.08 12.13
46.94 12.07
48.08 12.1
48.08 12.15
48.08 11.91
46.94 11.78
48.08 12.02
48.08 11.99
48.08 12.05
48.08 11.81
46.94 11.88
48.08 11.88
48.08 11.9
48.08 11.77
46.94 12.13
48.08 11.97
46.94 11.89
48.08 11.77
48.08 12.18
48.08 12.16
46.94 11.83
48.08 11.96
48.08 12.09
48.08 12.06
46.94 12.11
48.08 12.14
48.08 11.89
46.94 11.91
46.94 11.97
48.08 12.17
48.08 12.01
48.08 11.97
48.08 12.03
46.94 12.04
46.94 11.88
48.08 11.83
48.08 11.99
48.08 11.86
48.08 12.04
48.08 11.94
46.94 11.79
48.08 11.93
48.08 12.05
48.08 12.16
48.08 12.0
48.08 12.08
46.94 12.1
46.94 11.95
48.08 12.16
46.94 12.12
48.08 11.83
46.94 12.0
46.94 11.71
48.08 12.0
48.08 12.02
48.08 12.0
46.94 12.1
48.08 11.92
48.08 11.84
48.08 12.13
48.08 11.92
48.08 11.95
48.08 12.02
46.94 12.06
46.94 12.05
48.08 11.85
48.08 12.13
48.08 11.95
48.08 11.88
46.94 11.96
48.08 11.91
46.94 11.92
48.08 12.03
48.08 12.03
46.94 12.1
48.08 11.95
46.94 11.78
48.08 11.87
48.08 11.91
48.08 11.95
46.94 11.95
46.94 12.02
46.94 12.0
48.08 11.95
46.94 11.85
48.08 11.94
46.94 11.68
48.08 11.96
48.08 11.99
46.94 12.05
48.08 11.78
48.08 12.24
48.08 11.94
46.94 11.94
48.08 12.15
48.08 11.79
48.08 12.11
48.08 11.99
48.08 11.89
48.08 11.99
48.08 12.16
48.08 12.1
46.94 11.88
46.94 12.03
48.08 11.86
48.08 12.0
46.94 12.11
48.08 12.1
48.08 12.07
48.08 11.82
48.08 11.92
46.94 11.83
48.08 12.14
48.08 12.11
48.08 12.01
48.08 11.87
48.08 11.9
48.08 11.94
48.08 11.95
48.08 11.99
48.08 12.1
48.08 12.03
48.08 12.0
48.08 11.84
48.08 11.91
48.08 11.91
48.08 12.1
48.08 11.84
48.08 11.83
48.08 11.97
48.08 11.91
48.08 11.89
48.08 11.91
48.08 12.1
48.08 11.78
48.08 12.0
46.94 12.14
46.94 12.03
48.08 11.99
48.08 12.15
48.08 11.81
48.08 11.96
48.08 11.88
48.08 11.97
48.08 12.18
48.08 11.97
46.94 12.11
48.08 12.13
46.94 11.76
48.08 11.69
48.08 12.16
48.08 12.05
48.08 11.92
48.08 11.86
49.22 12.18
48.08 12.03
48.08 12.2
46.94 11.95
48.08 11.78
48.08 11.94
48.08 11.81
46.94 12.09
48.08 11.9
49.22 12.21
48.08 11.87
48.08 11.84
48.08 11.71
48.08 12.07
48.08 11.84
46.94 11.99
48.08 12.05
48.08 11.75
48.08 11.89
49.22 12.16
48.08 11.91
48.08 11.87
48.08 11.94
48.08 11.73
48.08 11.86
48.08 12.22
48.08 12.12
48.08 11.89
48.08 11.93
48.08 11.83
48.08 11.82
48.08 11.9
48.08 12.01
48.08 12.4
48.08 11.96
48.08 11.78
48.08 11.8
48.08 11.96
48.08 11.99
48.08 11.87
48.08 12.03
48.08 11.87
48.08 12.04
48.08 11.94
48.08 11.94
46.94 12.05
48.08 11.87
48.08 11.78
48.08 11.99
48.08 11.95
48.08 11.99
48.08 11.89
48.08 12.13
48.08 11.81
48.08 12.08
48.08 11.99
48.08 12.05
48.08 11.78
48.08 11.86
48.08 11.93
48.08 12.1
48.08 12.03
48.08 11.87
48.08 11.97
48.08 11.78
48.08 11.82
48.08 11.91
48.08 12.0
48.08 11.81
48.08 11.94
48.08 11.81
48.08 11.95
48.08 12.13
48.08 11.92
48.08 11.97
49.22 11.93
48.08 11.92
48.08 12.01
48.08 11.86
48.08 11.8
48.08 12.03
48.08 12.21
48.08 12.0
48.08 11.89
48.08 11.92
48.08 11.95
48.08 12.17
48.08 11.95
48.08 11.76
48.08 12.02
48.08 11.87
48.08 12.03
48.08 11.92
48.08 11.89
48.08 11.78
48.08 12.13
48.08 11.94
48.08 11.98
48.08 11.85
48.08 11.71
48.08 11.89
49.22 12.18
48.08 11.76
48.08 11.81
48.08 11.79
48.08 12.02
48.08 11.94
48.08 11.89
48.08 12.11
48.08 11.98
48.08 11.97
48.08 12.05
48.08 11.91
48.08 11.9
49.22 11.99
48.08 11.78
48.08 11.81
48.08 11.65
48.08 11.91
48.08 11.92
48.08 11.83
48.08 11.95
48.08 11.81
48.08 11.73
48.08 11.9
48.08 11.71
49.22 11.89
48.08 11.84
48.08 12.1
48.08 11.81
48.08 11.92
49.22 11.55
48.08 11.84
49.22 11.77
49.22 11.59
48.08 11.91
49.22 11.9
48.08 12.03
48.08 11.91
48.08 11.83
49.22 11.86
48.08 12.18
48.08 12.0
48.08 11.83
49.22 12.17
48.08 12.05
48.08 12.09
48.08 12.0
48.08 11.97
48.08 11.97
48.08 11.89
48.08 12.06
48.08 11.92
48.08 11.95
48.08 11.7
49.22 11.94
49.22 11.96
49.22 11.92
49.22 11.87
48.08 11.9
48.08 11.92
48.08 11.86
48.08 11.97
48.08 11.94
48.08 11.88
48.08 11.87
48.08 11.86
49.22 11.92
49.22 11.9
49.22 11.79
49.22 11.89
48.08 11.81
49.22 11.75
48.08 12.07
48.08 11.93
49.22 11.83
48.08 11.78
48.08 11.95
48.08 11.76
49.22 11.9
49.22 11.76
48.08 11.84
49.22 11.95
48.08 12.02
49.22 11.79
48.08 11.82
48.08 12.0
48.08 11.91
48.08 11.67
48.08 11.7
48.08 11.59
48.08 11.94
48.08 11.98
48.08 11.8
49.22 11.99
48.08 11.79
49.22 12.02
49.22 11.85
49.22 12.02
48.08 11.94
49.22 11.87
48.08 11.97
49.22 11.87
49.22 11.85
48.08 11.77
49.22 11.91
48.08 11.81
49.22 11.87
49.22 11.76
48.08 12.01
48.08 11.76
49.22 11.98
49.22 11.79
48.08 11.75
48.08 11.98
49.22 11.96
48.08 11.76
49.22 11.74
49.22 11.73
48.08 11.93
49.22 11.6
49.22 11.86
48.08 11.78
48.08 11.8
48.08 11.99
48.08 11.83
49.22 11.81
49.22 12.03
49.22 12.11
49.22 11.99
48.08 11.9
48.08 12.11
48.08 11.76
48.08 11.81
46.94 12.05
49.22 11.86
49.22 11.86
48.08 11.78
49.22 11.86
48.08 11.69
48.08 11.85
49.22 11.86
49.22 11.69
50.36 11.75
48.08 11.77
48.08 11.77
48.08 11.86
48.08 11.9
48.08 11.93
49.22 11.73
48.08 11.79
49.22 11.76
48.08 11.86
48.08 11.73
48.08 12.07
49.22 11.79
49.22 11.94
49.22 11.97
49.22 11.92
48.08 11.67
49.22 11.79
49.22 11.7
49.22 11.86
49.22 11.87
50.36 11.93
48.08 11.67
49.22 11.73
48.08 11.87
48.08 11.78
48.08 11.69
49.22 11.92
49.22 11.79
48.08 11.85
49.22 11.79
48.08 11.67
49.22 11.8
48.08 11.78
49.22 12.15
49.22 11.71
48.08 11.8
48.08 11.82
48.08 11.55
49.22 11.86
49.22 11.85
49.22 11.95
48.08 11.93
49.22 11.91
48.08 11.55
49.22 11.97
49.22 11.79
49.22 11.86
49.22 11.81
49.22 11.65
49.22 11.86
49.22 11.79
49.22 11.79
49.22 12.0
49.22 11.79
49.22 11.89
49.22 11.83
48.08 11.85
49.22 11.68
49.22 11.81
48.08 11.74
49.22 11.82
48.08 11.87
49.22 11.73
48.08 11.58
49.22 11.81
49.22 11.91
48.08 11.84
48.08 11.72
49.22 11.61
48.08 11.81
49.22 12.03
49.22 11.81
49.22 11.73
49.22 11.86
49.22 11.76
49.22 11.77
48.08 11.68
48.08 11.83
49.22 11.8
48.08 11.64
49.22 11.84
49.22 11.64
48.08 11.92
49.22 11.79
49.22 11.7
49.22 11.86
48.08 11.68
48.08 11.55
49.22 12.01
49.22 11.67
48.08 11.77
49.22 11.7
48.08 11.77
49.22 11.54
48.08 11.57
48.08 11.65
49.22 11.79
49.22 11.66
49.22 11.7
49.22 11.82
49.22 11.71
49.22 11.73
49.22 11.94
49.22 11.79
49.22 11.82
49.22 11.81
49.22 11.79
49.22 11.9
49.22 11.74
49.22 12.05
49.22 11.83
49.22 11.83
49.22 11.67
49.22 11.73
49.22 11.55
49.22 11.73
49.22 11.71
48.08 11.85
49.22 11.97
49.22 11.93
49.22 11.59
49.22 11.72
49.22 11.72
48.08 11.58
48.08 11.79
49.22 11.76
48.08 11.51
48.08 11.65
49.22 11.63
49.22 11.71
49.22 11.65
49.22 11.59
49.22 11.91
48.08 11.6
49.22 11.75
48.08 11.59
48.08 11.73
49.22 11.65
49.22 11.73
49.22 11.79
48.08 11.71
49.22 11.76
49.22 11.73
48.08 11.95
49.22 11.66
49.22 11.92
49.22 11.73
49.22 11.86
49.22 12.03
49.22 11.71
49.22 11.71
50.36 11.68
49.22 11.76
49.22 11.72
49.22 12.04
49.22 11.7
49.22 11.84
49.22 11.76
49.22 11.85
49.22 11.76
49.22 11.55
49.22 11.49
49.22 11.9
48.08 11.92
49.22 11.84
48.08 11.93
49.22 11.71
49.22 11.81
49.22 11.63
49.22 11.87
49.22 11.98
49.22 11.92
49.22 11.67
49.22 11.79
49.22 11.8
48.08 11.79
49.22 11.57
49.22 11.77
49.22 11.74
49.22 11.87
49.22 11.97
49.22 11.6
49.22 11.68
49.22 11.7
49.22 11.84
49.22 11.62
49.22 11.83
49.22 11.64
50.36 11.67
50.36 11.76
49.22 11.93
48.08 11.71
49.22 11.86
49.22 11.79
49.22 11.81
48.08 11.71
49.22 11.57
49.22 11.68
49.22 12.06
49.22 11.91
49.22 11.89
49.22 11.62
49.22 11.82
48.08 11.83
49.22 11.76
49.22 11.69
49.22 11.83
49.22 11.81
48.08 11.65
48.08 11.76
49.22 11.84
49.22 12.01
49.22 11.54
50.36 11.87
49.22 11.73
50.36 11.58
49.22 11.73
49.22 11.56
49.22 11.75
49.22 11.64
49.22 11.75
49.22 11.74
49.22 11.63
49.22 11.82
49.22 11.81
49.22 11.64
48.08 11.71
49.22 11.71
49.22 11.97
49.22 11.68
49.22 11.68
49.22 11.72
49.22 11.84
49.22 11.89
49.22 11.96
49.22 11.55
49.22 11.91
49.22 11.73
49.22 11.64
49.22 11.76
49.22 11.56
49.22 11.87
49.22 11.67
49.22 11.97
48.08 11.81
49.22 11.73
49.22 11.82
49.22 11.71
50.36 11.75
50.36 11.74
49.22 11.64
49.22 11.86
49.22 11.59
49.22 11.65
49.22 11.52
49.22 11.89
49.22 11.72
49.22 11.82
49.22 11.94
50.36 11.87
50.36 11.69
49.22 11.76
49.22 11.52
49.22 11.73
49.22 11.78
48.08 11.78
50.36 11.78
49.22 11.92
49.22 11.9
48.08 11.71
50.36 11.86
49.22 11.59
50.36 12.03
49.22 11.63
49.22 11.83
49.22 11.6
49.22 11.74
49.22 11.84
48.08 11.74
49.22 11.46
49.22 11.77
49.22 11.67
49.22 11.72
49.22 11.74
49.22 11.63
49.22 11.84
48.08 11.67
49.22 11.76
49.22 11.68
49.22 11.71
49.22 11.59
49.22 11.85
49.22 11.77
49.22 11.63
49.22 11.67
49.22 11.71
49.22 11.65
50.36 11.62
49.22 11.74
49.22 11.81
49.22 11.7
49.22 11.92
49.22 11.8
49.22 11.7
49.22 11.81
50.36 11.76
49.22 11.76
49.22 11.54
50.36 11.59
49.22 11.81
49.22 11.82
49.22 11.72
49.22 11.81
49.22 11.61
49.22 11.86
49.22 11.63
49.22 11.75
49.22 11.78
49.22 11.59
49.22 11.72
49.22 11.87
49.22 11.77
49.22 11.69
49.22 11.87
50.36 11.75
49.22 11.75
49.22 11.65
49.22 11.74
49.22 11.49
50.36 11.63
50.36 11.83
49.22 11.87
49.22 11.67
49.22 11.76
50.36 11.78
49.22 11.63
49.22 11.67
49.22 11.81
50.36 11.9
50.36 11.86
49.22 11.75
50.36 11.67
49.22 11.65
50.36 11.68
49.22 11.68
49.22 12.26
49.22 11.6
49.22 11.94
49.22 11.85
50.36 11.75
49.22 11.81
50.36 11.75
49.22 11.84
49.22 11.83
49.22 11.71
50.36 11.91
49.22 11.72
49.22 11.71
49.22 11.69
49.22 11.69
49.22 11.8
49.22 12.04
49.22 11.79
49.22 11.68
50.36 11.76
50.36 11.86
49.22 11.89
50.36 11.77
50.36 11.71
50.36 11.68
50.36 11.93
49.22 11.92
50.36 11.7
49.22 11.7
49.22 11.66
49.22 11.83
49.22 11.79
49.22 11.63
49.22 11.71
49.22 11.81
50.36 11.86
49.22 11.84
49.22 11.88
49.22 11.71
49.22 11.7
49.22 11.66
49.22 11.7
49.22 11.81
49.22 11.82
49.22 11.88
50.36 11.52
50.36 11.75
49.22 11.86
50.36 11.71
49.22 11.68
50.36 11.54
50.36 11.71
49.22 11.97
49.22 11.95
50.36 11.67
49.22 11.89
50.36 11.75
50.36 11.75
49.22 11.7
49.22 11.62
49.22 12.05
49.22 11.99
49.22 11.75
49.22 11.67
49.22 11.7
50.36 11.88
49.22 11.78
49.22 11.6
50.36 11.59
50.36 11.77
50.36 11.68
49.22 11.62
49.22 11.74
49.22 11.62
49.22 11.53
49.22 12.0
49.22 11.71
49.22 11.98
50.36 11.53
50.36 11.7
50.36 11.84
50.36 11.71
49.22 11.65
49.22 11.71
49.22 11.89
49.22 11.78
50.36 11.65
49.22 11.76
49.22 11.94
50.36 11.68
50.36 11.7
50.36 11.51
50.36 11.75
50.36 11.53
50.36 11.77
49.22 11.79
50.36 11.75
49.22 11.81
49.22 11.55
49.22 11.63
49.22 11.84
50.36 11.94
50.36 11.78
50.36 11.7
50.36 11.81
49.22 11.72
50.36 11.62
50.36 11.75
50.36 11.58
49.22 11.69
50.36 11.55
49.22 11.76
49.22 11.75
49.22 11.85
49.22 11.67
50.36 11.54
49.22 11.75
49.22 11.92
49.22 11.87
50.36 11.72
50.36 11.67
49.22 11.67
50.36 11.63
50.36 11.77
49.22 11.94
49.22 11.69
49.22 11.53
50.36 11.77
49.22 11.87
49.22 11.74
49.22 11.81
50.36 11.83
49.22 11.62
50.36 11.87
49.22 11.67
50.36 11.65
49.22 11.51
50.36 11.72
49.22 11.73
50.36 11.46
49.22 11.85
49.22 11.54
50.36 11.79
49.22 11.73
50.36 11.84
50.36 11.71
49.22 11.8
50.36 11.78
50.36 11.73
49.22 11.81
49.22 11.86
50.36 11.72
49.22 11.71
49.22 11.75
50.36 11.78
49.22 11.75
49.22 11.76
49.22 11.78
50.36 11.7
50.36 11.77
50.36 11.94
49.22 11.7
50.36 11.67
50.36 11.74
49.22 11.86
50.36 11.67
50.36 11.59
50.36 11.72
50.36 11.6
49.22 11.71
50.36 11.51
50.36 11.7
50.36 11.54
49.22 11.89
50.36 11.76
50.36 11.59
50.36 11.57
50.36 11.51
49.22 11.91
50.36 11.68
50.36 11.71
50.36 11.51
49.22 11.76
50.36 11.83
50.36 11.85
49.22 11.73
50.36 11.79
49.22 11.52
50.36 11.7
49.22 11.53
50.36 11.61
50.36 11.54
50.36 11.64
50.36 11.67
50.36 11.7
50.36 11.63
50.36 11.76
50.36 11.83
50.36 11.63
50.36 11.76
50.36 11.62
50.36 11.76
50.36 11.71
50.36 11.72
50.36 11.67
49.22 11.87
49.22 11.89
49.22 11.87
50.36 11.71
50.36 11.84
50.36 11.61
50.36 11.92
50.36 11.59
49.22 11.63
50.36 11.71
50.36 11.46
50.36 11.84
50.36 11.54
50.36 11.79
50.36 11.92
50.36 11.82
50.36 11.88
49.22 11.67
50.36 11.73
50.36 11.7
50.36 11.78
50.36 11.8
51.5 11.89
50.36 11.75
50.36 11.68
50.36 11.63
50.36 11.76
50.36 11.62
50.36 11.58
50.36 11.71
50.36 11.57
50.36 11.78
49.22 11.65
49.22 11.91
50.36 11.84
50.36 11.75
50.36 11.89
50.36 11.67
49.22 11.73
50.36 11.8
50.36 11.84
50.36 11.75
49.22 11.52
50.36 11.83
50.36 11.84
50.36 11.94
50.36 11.74
50.36 11.62
49.22 11.55
50.36 11.62
50.36 11.65
50.36 11.73
50.36 11.76
50.36 11.69
50.36 11.49
50.36 11.55
50.36 11.87
50.36 11.71
50.36 11.77
50.36 11.61
49.22 11.62
49.22 11.78
50.36 11.58
50.36 11.63
50.36 11.91
50.36 11.81
50.36 11.76
50.36 11.55
50.36 11.71
50.36 11.72
50.36 11.74
50.36 11.75
49.22 11.7
50.36 11.84
50.36 11.7
49.22 11.65
50.36 11.67
50.36 11.62
50.36 11.76
50.36 11.87
50.36 11.47
50.36 11.75
49.22 11.7
50.36 11.86
50.36 11.72
50.36 11.49
50.36 11.76
50.36 11.83
50.36 11.71
50.36 11.65
50.36 11.7
50.36 11.69
50.36 11.51
50.36 11.62
50.36 11.89
50.36 11.54
50.36 11.69
50.36 11.76
50.36 11.62
50.36 11.69
50.36 11.7
50.36 11.85
50.36 11.55
50.36 11.73
49.22 11.6
50.36 11.72
50.36 11.73
49.22 11.62
50.36 11.75
50.36 12.02
50.36 11.7
50.36 11.76
49.22 11.79
50.36 11.75
50.36 11.68
50.36 11.85
50.36 11.93
50.36 11.79
49.22 11.51
50.36 11.79
50.36 11.76
49.22 11.92
50.36 11.97
50.36 11.6
49.22 11.76
50.36 11.88
50.36 11.73
50.36 11.83
50.36 11.8
50.36 11.76
50.36 11.79
50.36 11.54
50.36 11.65
50.36 11.7
50.36 11.66
50.36 11.81
50.36 11.84
50.36 11.68
50.36 11.49
50.36 11.71
50.36 11.76
49.22 11.72
50.36 11.59
51.5 11.62
50.36 11.89
50.36 11.7
49.22 11.79
50.36 11.71
50.36 11.79
50.36 11.68
50.36 11.87
50.36 11.88
50.36 11.59
50.36 11.78
50.36 11.63
50.36 11.43
51.5 11.62
50.36 11.98
50.36 11.64
50.36 11.73
50.36 11.82
50.36 11.78
50.36 11.79
50.36 11.71
49.22 11.52
50.36 11.66
50.36 11.74
50.36 11.89
50.36 11.95
50.36 11.65
50.36 11.73
50.36 11.48
50.36 11.56
50.36 11.77
50.36 11.67
50.36 11.76
50.36 11.6
50.36 11.79
50.36 11.58
50.36 11.76
50.36 11.68
50.36 11.69
50.36 11.63
50.36 11.51
50.36 11.84
50.36 11.67
50.36 11.71
50.36 11.9
50.36 11.73
50.36 11.76
50.36 11.69
50.36 11.73
50.36 11.55
50.36 11.69
50.36 11.65
50.36 11.46
50.36 11.52
50.36 11.69
50.36 11.53
50.36 11.82
50.36 11.5
51.5 11.74
50.36 11.81
50.36 11.89
50.36 11.79
50.36 11.92
50.36 11.69
50.36 11.61
50.36 11.86
50.36 11.78
50.36 11.71
50.36 11.71
50.36 11.92
50.36 11.87
50.36 11.75
51.5 11.68
50.36 11.63
50.36 11.38
50.36 11.66
50.36 11.88
50.36 11.83
50.36 11.72
50.36 11.78
50.36 11.71
50.36 11.76
51.5 11.68
50.36 11.87
50.36 11.9
50.36 11.63
51.5 11.81
50.36 11.87
50.36 11.7
49.22 11.73
50.36 11.83
50.36 11.66
50.36 11.78
50.36 11.49
50.36 11.7
51.5 11.75
50.36 11.7
50.36 11.63
50.36 11.69
51.5 11.59
50.36 11.74
51.5 11.83
50.36 11.84
51.5 11.54
51.5 11.64
50.36 11.62
50.36 11.85
50.36 11.77
50.36 11.79
50.36 11.49
50.36 11.78
50.36 11.76
51.5 11.71
50.36 11.57
50.36 11.76
50.36 11.55
50.36 11.6
51.5 11.79
50.36 11.51
50.36 11.65
50.36 11.71
50.36 11.62
50.36 11.77
51.5 11.69
50.36 11.47
50.36 11.56
50.36 11.45
50.36 11.54
50.36 11.71
50.36 11.81
50.36 11.63
50.36 11.73
50.36 11.73
50.36 11.83
49.22 11.52
51.5 11.55
50.36 11.54
50.36 11.84
50.36 11.67
50.36 11.56
50.36 11.78
50.36 11.73
50.36 11.78
50.36 11.73
51.5 11.95
50.36 11.7
50.36 11.71
50.36 11.57
50.36 11.46
50.36 11.6
50.36 11.8
50.36 11.71
50.36 11.63
50.36 11.86
50.36 11.6
50.36 11.71
50.36 11.68
50.36 11.71
51.5 11.65
50.36 11.75
50.36 11.76
50.36 11.61
50.36 11.87
50.36 11.75
50.36 11.58
50.36 11.68
50.36 11.77
50.36 11.75
50.36 11.69
50.36 11.65
51.5 11.71
50.36 11.83
50.36 11.84
50.36 11.62
50.36 11.6
50.36 11.73
51.5 11.57
51.5 11.58
51.5 11.84
50.36 11.51
50.36 11.63
50.36 11.72
50.36 11.64
50.36 11.67
50.36 11.73
50.36 11.67
50.36 11.55
50.36 11.71
50.36 11.75
50.36 11.67
50.36 11.73
50.36 11.84
51.5 11.76
50.36 11.59
51.5 11.87
51.5 11.63
51.5 11.72
50.36 11.7
51.5 11.41
50.36 11.88
50.36 11.73
50.36 11.47
50.36 11.61
50.36 11.86
50.36 11.66
50.36 11.7
50.36 11.39
51.5 11.87
51.5 11.82
51.5 11.63
51.5 11.6
51.5 11.52
50.36 11.76
50.36 11.6
51.5 11.84
50.36 11.59
50.36 11.57
51.5 11.65
50.36 11.53
49.22 11.71
50.36 11.7
50.36 11.73
50.36 11.51
50.36 11.7
50.36 11.72
50.36 11.75
50.36 11.6
50.36 11.65
50.36 11.62
51.5 11.76
50.36 11.69
50.36 11.64
50.36 11.87
51.5 11.45
51.5 11.65
50.36 11.68
50.36 11.94
51.5 11.67
51.5 11.65
50.36 11.68
50.36 11.69
51.5 11.51
50.36 11.67
50.36 11.54
50.36 11.77
51.5 11.55
50.36 11.68
50.36 11.62
51.5 11.79
50.36 11.76
50.36 11.79
50.36 11.83
50.36 11.62
51.5 11.83
50.36 11.67
50.36 11.59
51.5 11.67
50.36 11.49
50.36 11.53
51.5 11.65
50.36 11.75
50.36 11.64
51.5 11.76
51.5 11.62
50.36 11.65
50.36 11.7
50.36 11.44
51.5 11.6
50.36 11.63
50.36 11.51
50.36 11.52
50.36 11.73
51.5 11.57
50.36 11.48
50.36 11.62
50.36 11.73
51.5 11.6
50.36 11.64
50.36 11.59
50.36 11.73
50.36 11.59
50.36 11.69
50.36 11.63
50.36 11.62
50.36 11.41
51.5 11.86
51.5 11.62
51.5 11.83
51.5 11.75
50.36 11.65
50.36 11.76
50.36 11.68
50.36 11.84
51.5 11.6
50.36 11.71
51.5 11.54
50.36 11.46
51.5 11.57
50.36 11.55
50.36 11.85
50.36 11.62
50.36 11.72
51.5 11.78
50.36 11.63
50.36 11.52
50.36 11.71
50.36 11.59
50.36 11.71
50.36 11.6
51.5 11.6
50.36 11.76
51.5 11.59
50.36 11.55
51.5 11.57
50.36 11.77
51.5 11.71
51.5 11.53
50.36 11.7
50.36 11.46
51.5 11.72
50.36 11.49
50.36 11.62
51.5 11.68
51.5 11.49
51.5 11.57
51.5 11.45
50.36 11.76
50.36 11.48
50.36 11.65
50.36 11.59
50.36 11.75
51.5 11.78
50.36 11.67
51.5 11.62
50.36 11.68
51.5 11.76
50.36 11.53
50.36 11.54
51.5 11.65
50.36 11.71
50.36 11.5
50.36 11.71
51.5 11.54
50.36 11.75
50.36 11.67
51.5 11.58
51.5 11.75
51.5 11.71
50.36 11.65
50.36 11.6
50.36 11.49
51.5 11.81
50.36 11.77
51.5 11.73
51.5 11.55
50.36 11.67
50.36 11.57
50.36 11.78
51.5 11.7
51.5 11.7
51.5 11.83
50.36 11.52
51.5 11.58
50.36 11.71
50.36 11.67
50.36 11.87
51.5 11.75
51.5 11.7
51.5 11.81
50.36 11.63
50.36 11.79
50.36 11.6
50.36 11.6
51.5 11.49
50.36 11.74
50.36 11.59
51.5 11.62
51.5 11.82
50.36 11.42
51.5 11.5
50.36 11.6
50.36 11.51
51.5 11.6
50.36 11.65
51.5 11.6
51.5 11.62
50.36 11.65
50.36 11.69
51.5 11.51
51.5 11.59
50.36 11.59
51.5 11.53
50.36 11.38
50.36 11.45
51.5 11.58
50.36 11.84
50.36 11.73
50.36 11.87
50.36 11.65
50.36 11.97
51.5 11.51
50.36 11.57
51.5 11.67
50.36 11.59
51.5 11.35
51.5 11.62
51.5 11.82
51.5 11.69
50.36 11.71
50.36 11.63
50.36 11.5
51.5 11.49
51.5 11.68
51.5 11.54
50.36 11.65
51.5 11.68
50.36 11.43
50.36 11.62
50.36 11.43
51.5 11.59
51.5 11.62
50.36 11.57
50.36 11.87
51.5 11.53
51.5 11.52
51.5 11.79
50.36 11.62
51.5 11.92
50.36 11.42
51.5 11.75
51.5 11.6
51.5 11.62
51.5 11.62
51.5 11.38
51.5 11.58
51.5 11.57
51.5 11.79
51.5 11.6
50.36 11.79
50.36 11.81
51.5 11.6
51.5 11.75
51.5 11.83
50.36 11.6
50.36 11.6
50.36 11.62
51.5 11.71
50.36 11.49
51.5 11.46
51.5 11.65
50.36 11.77
50.36 11.53
50.36 11.78
50.36 11.64
51.5 11.4
51.5 11.71
51.5 11.62
51.5 11.33
51.5 11.65
50.36 11.54
50.36 11.75
51.5 11.65
51.5 11.8
51.5 11.43
50.36 11.66
51.5 11.63
51.5 11.76
51.5 11.83
51.5 11.68
51.5 11.39
51.5 11.62
51.5 11.45
50.36 11.65
50.36 11.39
51.5 11.7
51.5 11.63
51.5 11.6
51.5 11.69
50.36 11.68
50.36 11.67
50.36 11.45
51.5 11.76
51.5 11.65
51.5 11.63
51.5 11.71
50.36 11.79
51.5 11.72
51.5 11.55
50.36 11.55
51.5 11.58
50.36 11.59
51.5 11.64
51.5 11.36
50.36 11.62
50.36 11.75
50.36 11.75
51.5 11.48
51.5 11.65
51.5 11.54
51.5 11.59
50.36 11.56
51.5 11.41
51.5 11.59
51.5 11.58
51.5 11.33
51.5 11.66
51.5 11.54
51.5 11.67
51.5 11.58
50.36 11.59
50.36 11.52
51.5 11.55
51.5 11.44
51.5 11.55
51.5 11.55
51.5 11.68
51.5 11.6
50.36 11.59
51.5 11.69
51.5 11.75
51.5 11.53
51.5 11.72
51.5 11.59
51.5 11.54
51.5 11.39
51.5 11.39
50.36 11.78
51.5 11.48
51.5 11.48
51.5 11.82
51.5 11.63
50.36 11.51
51.5 11.43
51.5 11.42
51.5 11.47
51.5 11.77
51.5 11.7
51.5 11.6
51.5 11.75
51.5 11.47
51.5 11.44
51.5 11.63
51.5 11.5
50.36 11.5
51.5 11.42
51.5 11.44
51.5 11.55
51.5 11.47
51.5 11.46
51.5 11.6
50.36 11.45
50.36 11.5
50.36 11.47
51.5 11.64
50.36 11.35
51.5 11.63
51.5 11.41
50.36 11.78
51.5 11.56
51.5 11.7
51.5 11.51
51.5 11.55
51.5 11.57
51.5 11.49
51.5 11.61
51.5 11.82
51.5 11.68
51.5 11.47
51.5 11.52
51.5 11.35
51.5 11.54
51.5 11.35
52.64 11.6
51.5 11.63
51.5 11.63
50.36 11.5
51.5 11.52
51.5 11.6
51.5 11.46
51.5 11.55
50.36 11.47
51.5 11.68
51.5 11.6
50.36 11.57
50.36 11.49
51.5 11.6
51.5 11.43
51.5 11.52
51.5 11.57
51.5 11.76
51.5 11.43
51.5 11.47
51.5 11.32
51.5 11.52
51.5 11.62
51.5 11.56
52.64 11.6
51.5 11.71
51.5 11.5
51.5 11.75
51.5 11.36
51.5 11.59
50.36 11.6
51.5 11.63
51.5 11.62
51.5 11.56
51.5 11.54
51.5 11.62
51.5 11.4
51.5 11.53
51.5 11.57
51.5 11.59
51.5 11.54
51.5 11.59
50.36 11.49
51.5 11.49
51.5 11.39
51.5 11.55
51.5 11.33
51.5 11.6
51.5 11.59
51.5 11.56
51.5 11.49
51.5 11.71
51.5 11.55
51.5 11.52
51.5 11.55
51.5 11.73
51.5 11.51
50.36 11.55
51.5 11.8
51.5 11.51
51.5 11.57
51.5 11.51
50.36 11.6
51.5 11.49
51.5 11.77
51.5 11.67
51.5 11.63
51.5 11.62
51.5 11.71
51.5 11.62
51.5 11.42
51.5 11.36
51.5 11.46
51.5 11.64
51.5 11.57
51.5 11.69
51.5 11.51
51.5 11.47
51.5 11.59
50.36 11.55
51.5 11.39
51.5 11.51
51.5 11.57
51.5 11.65
52.64 11.59
52.64 11.34
51.5 11.41
51.5 11.56
51.5 11.62
51.5 11.57
51.5 11.54
51.5 11.55
51.5 11.49
51.5 11.75
51.5 11.65
51.5 11.77
51.5 11.41
51.5 11.63
50.36 11.73
51.5 11.57
51.5 11.6
51.5 11.78
51.5 11.38
51.5 11.46
52.64 11.55
51.5 11.57
51.5 11.26
51.5 11.52
50.36 11.61
51.5 11.5
51.5 11.6
51.5 11.73
51.5 11.66
51.5 11.71
51.5 11.67
51.5 11.57
51.5 11.51
51.5 11.55
51.5 11.54
51.5 11.64
51.5 11.57
51.5 11.47
51.5 11.43
52.64 11.38
51.5 11.6
51.5 11.55
51.5 11.6
51.5 11.7
51.5 11.62
51.5 11.68
51.5 11.62
51.5 11.39
51.5 11.41
51.5 11.7
51.5 11.39
51.5 11.47
51.5 11.61
51.5 11.53
51.5 11.36
51.5 11.52
51.5 11.57
52.64 11.19
51.5 11.52
51.5 11.41
51.5 11.57
51.5 11.62
52.64 11.58
51.5 11.68
51.5 11.52
51.5 11.52
52.64 11.57
51.5 11.52
51.5 11.55
51.5 11.43
51.5 11.6
52.64 11.36
51.5 11.57
51.5 11.32
51.5 11.63
51.5 11.62
52.64 11.4
51.5 11.49
51.5 11.52
51.5 11.4
51.5 11.54
52.64 11.51
51.5 11.59
51.5 11.52
51.5 11.6
52.64 11.47
51.5 11.5
51.5 11.63
52.64 11.62
51.5 11.39
51.5 11.56
51.5 11.54
51.5 11.55
51.5 11.72
51.5 11.31
51.5 11.52
51.5 11.49
51.5 11.35
51.5 11.46
50.36 11.65
51.5 11.4
51.5 11.49
51.5 11.55
51.5 11.78
50.36 11.66
51.5 11.41
51.5 11.65
51.5 11.51
52.64 11.47
51.5 11.43
51.5 11.56
51.5 11.72
51.5 11.54
51.5 11.49
51.5 11.39
51.5 11.45
51.5 11.59
51.5 11.57
51.5 11.44
50.36 11.64
51.5 11.28
51.5 11.34
51.5 11.45
51.5 11.71
52.64 11.84
51.5 11.39
51.5 11.54
51.5 11.65
51.5 11.57
51.5 11.55
51.5 11.64
51.5 11.52
51.5 11.59
51.5 11.49
51.5 11.52
51.5 11.55
51.5 11.39
51.5 11.44
51.5 11.46
51.5 11.68
51.5 11.54
51.5 11.51
51.5 11.51
52.64 11.41
51.5 11.54
50.36 11.48
51.5 11.58
51.5 11.51
52.64 11.31
51.5 11.46
51.5 11.68
51.5 11.55
51.5 11.43
51.5 11.58
51.5 11.56
51.5 11.41
51.5 11.57
51.5 11.54
52.64 11.46
51.5 11.39
52.64 11.33
51.5 11.57
51.5 11.47
51.5 11.49
51.5 11.44
51.5 11.44
51.5 11.76
51.5 11.33
51.5 11.39
51.5 11.54
51.5 11.54
51.5 11.6
51.5 11.6
51.5 11.57
51.5 11.62
50.36 11.51
51.5 11.54
52.64 11.44
52.64 11.72
51.5 11.27
51.5 11.45
51.5 11.44
52.64 11.68
51.5 11.55
51.5 11.62
51.5 11.62
52.64 11.59
51.5 11.49
51.5 11.63
51.5 11.43
51.5 11.48
52.64 11.34
51.5 11.36
51.5 11.38
51.5 11.56
51.5 11.49
51.5 11.49
52.64 11.66
51.5 11.5
51.5 11.54
51.5 11.5
51.5 11.24
51.5 11.36
51.5 11.41
51.5 11.53
51.5 11.44
51.5 11.65
51.5 11.46
51.5 11.52
51.5 11.56
51.5 11.39
51.5 11.52
51.5 11.48
51.5 11.7
52.64 11.51
52.64 11.39
52.64 11.39
51.5 11.54
52.64 11.47
51.5 11.62
52.64 11.39
51.5 11.68
52.64 11.38
52.64 11.44
51.5 11.51
52.64 11.57
51.5 11.4
52.64 11.54
51.5 11.27
52.64 11.54
52.64 11.46
51.5 11.58
51.5 11.35
51.5 11.47
52.64 11.69
52.64 11.31
52.64 11.49
52.64 11.41
52.64 11.41
51.5 11.64
51.5 11.35
52.64 11.43
52.64 11.36
52.64 11.78
51.5 11.49
52.64 11.44
52.64 11.61
52.64 11.36
51.5 11.46
51.5 11.48
51.5 11.61
52.64 11.35
52.64 11.52
51.5 11.57
52.64 11.44
52.64 11.53
51.5 11.32
51.5 11.44
51.5 11.57
52.64 11.57
51.5 11.61
51.5 11.6
52.64 11.58
52.64 11.57
52.64 11.57
52.64 11.53
51.5 11.57
52.64 11.41
52.64 11.54
52.64 11.54
52.64 11.67
52.64 11.48
51.5 11.51
52.64 11.41
52.64 11.36
52.64 11.48
52.64 11.35
52.64 11.54
51.5 11.52
51.5 11.43
51.5 11.49
52.64 11.51
52.64 11.48
51.5 11.53
52.64 11.29
52.64 11.6
51.5 11.41
52.64 11.27
52.64 11.56
51.5 11.57
51.5 11.31
51.5 11.46
51.5 11.52
52.64 11.27
51.5 11.49
52.64 11.48
52.64 11.46
52.64 11.52
51.5 11.61
52.64 11.38
51.5 11.45
52.64 11.42
51.5 11.43
52.64 11.47
52.64 11.32
51.5 11.6
51.5 11.57
51.5 11.46
51.5 11.6
52.64 11.43
51.5 11.43
52.64 11.59
52.64 11.48
52.64 11.39
51.5 11.54
52.64 11.44
51.5 11.33
52.64 11.38
51.5 11.47
51.5 11.42
52.64 11.55
51.5 11.56
52.64 11.53
51.5 11.54
52.64 11.47
51.5 11.42
51.5 11.35
51.5 11.68
51.5 11.49
52.64 11.54
52.64 11.58
52.64 11.43
52.64 11.35
51.5 11.36
52.64 11.51
51.5 11.44
51.5 11.45
52.64 11.58
51.5 11.47
51.5 11.49
51.5 11.43
52.64 11.49
51.5 11.55
52.64 11.43
52.64 11.66
51.5 11.45
52.64 11.4
52.64 11.45
52.64 11.52
52.64 11.49
52.64 11.5
52.64 11.56
52.64 11.51
52.64 11.41
51.5 11.51
51.5 11.36
52.64 11.59
51.5 11.49
51.5 11.46
51.5 11.38
51.5 11.31
52.64 11.38
51.5 11.5
52.64 11.53
52.64 11.47
52.64 11.41
51.5 11.58
52.64 11.54
51.5 11.43
52.64 11.51
51.5 11.55
52.64 11.5
51.5 11.46
51.5 11.39
52.64 11.43
51.5 11.47
51.5 11.48
52.64 11.53
51.5 11.44
52.64 11.46
52.64 11.52
52.64 11.38
52.64 11.4
52.64 11.5
52.64 11.46
52.64 11.53
52.64 11.4
52.64 11.47
52.64 11.38
52.64 11.5
52.64 11.51
52.64 11.39
51.5 11.44
51.5 11.49
51.5 11.51
52.64 11.5
52.64 11.43
52.64 11.52
51.5 11.44
52.64 11.62
52.64 11.45
52.64 11.36
52.64 11.49
51.5 11.35
52.64 11.52
51.5 11.44
52.64 11.54
51.5 11.53
52.64 11.38
52.64 11.6
51.5 11.49
52.64 11.81
52.64 11.52
52.64 11.53
52.64 11.47
51.5 11.52
52.64 11.49
52.64 11.45
51.5 11.49
52.64 11.4
52.64 11.52
52.64 11.61
52.64 11.63
52.64 11.43
52.64 11.54
51.5 11.41
52.64 11.38
51.5 11.71
52.64 11.41
52.64 11.48
51.5 11.35
51.5 11.36
51.5 11.65
51.5 11.3
52.64 11.55
52.64 11.47
52.64 11.41
52.64 11.44
51.5 11.25
53.78 11.31
51.5 11.53
52.64 11.56
51.5 11.86
52.64 11.61
51.5 11.58
52.64 11.48
51.5 11.55
52.64 11.54
52.64 11.27
52.64 11.44
52.64 11.49
52.64 11.25
51.5 11.56
51.5 11.43
52.64 11.62
52.64 11.62
52.64 11.71
52.64 11.46
52.64 11.32
52.64 11.35
52.64 11.5
52.64 11.44
52.64 11.4
52.64 11.57
52.64 11.53
52.64 11.36
51.5 11.39
52.64 11.55
52.64 11.54
52.64 11.66
52.64 11.59
52.64 11.43
52.64 11.44
52.64 11.46
52.64 11.33
52.64 11.68
51.5 11.38
52.64 11.41
51.5 11.54
52.64 11.6
52.64 11.53
52.64 11.6
51.5 11.45
51.5 11.47
52.64 11.37
52.64 11.51
52.64 11.54
52.64 11.43
52.64 11.37
52.64 11.55
52.64 11.56
52.64 11.44
52.64 11.38
52.64 11.47
51.5 11.6
52.64 11.44
52.64 11.31
52.64 11.31
51.5 11.6
52.64 11.53
52.64 11.27
52.64 11.27
52.64 11.38
51.5 11.67
52.64 11.56
52.64 11.51
52.64 11.39
52.64 11.43
52.64 11.67
52.64 11.46
51.5 11.28
51.5 11.41
52.64 11.42
52.64 11.51
52.64 11.43
52.64 11.73
52.64 11.54
52.64 11.41
52.64 11.39
52.64 11.46
52.64 11.3
51.5 11.63
52.64 11.47
52.64 11.41
52.64 11.36
51.5 11.41
52.64 11.34
51.5 11.65
52.64 11.68
51.5 11.55
52.64 11.44
52.64 11.36
52.64 11.43
52.64 11.38
51.5 11.36
52.64 11.65
51.5 11.64
52.64 11.76
52.64 11.39
52.64 11.55
52.64 11.53
52.64 11.5
52.64 11.55
52.64 11.57
52.64 11.73
52.64 11.46
52.64 11.62
52.64 11.41
52.64 11.36
52.64 11.71
52.64 11.73
52.64 11.47
52.64 11.31
52.64 11.41
52.64 11.46
52.64 11.73
51.5 11.47
51.5 11.36
52.64 11.28
52.64 11.28
51.5 11.43
52.64 11.3
52.64 11.43
52.64 11.55
52.64 11.63
52.64 11.43
52.64 11.63
52.64 11.57
52.64 11.52
52.64 11.47
52.64 11.76
51.5 11.53
51.5 11.46
52.64 11.42
52.64 11.6
52.64 11.38
52.64 11.51
52.64 11.63
52.64 11.3
52.64 11.36
52.64 11.51
52.64 11.37
52.64 11.42
52.64 11.39
52.64 11.28
52.64 11.55
52.64 11.59
52.64 11.38
52.64 11.36
52.64 11.43
52.64 11.49
52.64 11.39
52.64 11.48
52.64 11.49
52.64 11.63
52.64 11.33
52.64 11.44
52.64 11.48
52.64 11.75
52.64 11.44
52.64 11.52
52.64 11.31
52.64 11.34
52.64 11.5
52.64 11.53
52.64 11.49
52.64 11.43
52.64 11.43
52.64 11.48
52.64 11.57
52.64 11.52
52.64 11.56
52.64 11.48
52.64 11.54
52.64 11.79
52.64 11.44
51.5 11.51
52.64 11.38
52.64 11.47
51.5 11.41
52.64 11.31
52.64 11.59
52.64 11.42
52.64 11.54
52.64 11.5
52.64 11.57
52.64 11.35
52.64 11.35
52.64 11.39
52.64 11.48
52.64 11.52
52.64 11.47
52.64 11.47
52.64 11.49
52.64 11.59
52.64 11.43
52.64 11.38
52.64 11.46
52.64 11.6
52.64 11.55
52.64 11.67
52.64 11.61
52.64 11.46
52.64 11.37
52.64 11.61
52.64 11.35
52.64 11.57
51.5 11.31
51.5 11.48
52.64 11.76
53.78 11.44
53.78 11.51
52.64 11.38
52.64 11.52
52.64 11.6
52.64 11.42
52.64 11.31
52.64 11.45
52.64 11.36
52.64 11.5
51.5 11.36
52.64 11.56
52.64 11.54
52.64 11.51
52.64 11.59
52.64 11.46
53.78 11.35
52.64 11.49
52.64 11.48
52.64 11.48
52.64 11.39
52.64 11.49
52.64 11.49
52.64 11.59
52.64 11.38
52.64 11.58
52.64 11.65
52.64 11.57
52.64 11.6
52.64 11.51
52.64 11.53
51.5 11.4
51.5 11.17
52.64 11.59
52.64 11.49
52.64 11.51
52.64 11.46
52.64 11.47
52.64 11.56
52.64 11.65
52.64 11.47
52.64 11.47
52.64 11.47
52.64 11.56
51.5 11.33
52.64 11.54
52.64 11.49
52.64 11.5
53.78 11.34
52.64 11.43
52.64 11.52
52.64 11.47
52.64 11.65
52.64 11.16
52.64 11.43
52.64 11.46
52.64 11.27
52.64 11.47
52.64 11.55
52.64 11.55
52.64 11.3
52.64 11.35
52.64 11.59
52.64 11.63
52.64 11.52
52.64 11.46
52.64 11.45
52.64 11.36
52.64 11.34
52.64 11.55
52.64 11.63
52.64 11.49
52.64 11.36
52.64 11.55
52.64 11.43
52.64 11.55
52.64 11.65
52.64 11.4
52.64 11.55
52.64 11.52
52.64 11.44
52.64 11.38
51.5 11.35
52.64 11.53
52.64 11.54
52.64 11.41
52.64 11.42
52.64 11.43
52.64 11.24
52.64 11.44
52.64 11.55
52.64 11.41
52.64 11.59
52.64 11.41
52.64 11.63
52.64 11.5
52.64 11.38
52.64 11.37
52.64 11.35
52.64 11.44
52.64 11.51
52.64 11.43
52.64 11.15
52.64 11.39
52.64 11.35
52.64 11.43
52.64 11.49
52.64 11.4
51.5 11.56
52.64 11.51
52.64 11.32
52.64 11.59
52.64 11.39
52.64 11.35
51.5 11.33
52.64 11.49
52.64 11.53
52.64 11.46
52.64 11.47
52.64 11.4
52.64 11.54
52.64 11.49
52.64 11.34
51.5 11.52
52.64 11.44
52.64 11.42
52.64 11.51
52.64 11.46
52.64 11.25
53.78 11.3
52.64 11.46
52.64 11.25
52.64 11.48
52.64 11.3
52.64 11.39
52.64 11.38
52.64 11.52
53.78 11.73
52.64 11.2
52.64 11.31
51.5 11.54
53.78 11.39
51.5 11.32
52.64 11.3
53.78 11.52
52.64 11.44
52.64 11.51
52.64 11.78
52.64 11.38
52.64 11.39
53.78 11.53
52.64 11.3
52.64 11.39
52.64 11.38
52.64 11.15
51.5 11.58
53.78 11.39
53.78 11.43
52.64 11.59
52.64 11.35
52.64 11.44
52.64 11.55
52.64 11.5
52.64 11.41
52.64 11.36
52.64 11.33
52.64 11.48
52.64 11.41
52.64 11.33
52.64 11.3
53.78 11.39
52.64 11.44
52.64 11.36
52.64 11.43
52.64 11.47
52.64 11.41
52.64 11.44
53.78 11.46
52.64 11.55
52.64 11.65
52.64 11.44
52.64 11.52
52.64 11.57
52.64 11.58
52.64 11.57
52.64 11.44
52.64 11.63
52.64 11.47
52.64 11.34
52.64 11.47
52.64 11.44
52.64 11.47
52.64 11.63
52.64 11.53
52.64 11.51
52.64 11.44
52.64 11.23
52.64 11.36
53.78 11.59
52.64 11.47
52.64 11.31
52.64 11.48
52.64 11.38
52.64 11.54
52.64 11.44
52.64 11.39
52.64 11.51
52.64 11.39
52.64 11.47
52.64 11.52
52.64 11.47
52.64 11.44
52.64 11.65
52.64 11.38
52.64 11.46
52.64 11.37
52.64 11.41
52.64 11.51
52.64 11.41
52.64 11.46
52.64 11.54
52.64 11.35
52.64 11.41
52.64 11.36
52.64 11.62
52.64 11.37
52.64 11.49
52.64 11.65
52.64 11.55
52.64 11.54
52.64 11.43
52.64 11.46
52.64 11.49
53.78 11.51
52.64 11.65
52.64 11.45
53.78 11.63
52.64 11.5
52.64 11.71
53.78 11.54
52.64 11.54
53.78 11.62
53.78 11.55
52.64 11.35
53.78 11.69
52.64 11.63
52.64 11.37
52.64 11.48
53.78 11.47
52.64 11.62
53.78 11.57
52.64 11.42
53.78 11.51
52.64 11.52
52.64 11.38
52.64 11.38
52.64 11.48
53.78 11.54
53.78 11.36
53.78 11.45
52.64 11.47
53.78 11.41
52.64 11.52
52.64 11.52
52.64 11.52
52.64 11.53
52.64 11.44
52.64 11.58
53.78 11.68
52.64 11.52
52.64 11.43
52.64 11.49
52.64 11.35
52.64 11.61
52.64 11.49
52.64 11.6
52.64 11.45
52.64 11.33
52.64 11.72
52.64 11.54
53.78 11.71
53.78 11.42
53.78 11.59
52.64 11.39
52.64 11.39
52.64 11.2
52.64 11.43
52.64 11.63
52.64 11.57
52.64 11.47
52.64 11.49
52.64 11.52
52.64 11.3
53.78 11.38
52.64 11.47
53.78 11.49
53.78 11.31
52.64 11.28
52.64 11.67
52.64 11.4
52.64 11.6
53.78 11.51
52.64 11.59
52.64 11.17
52.64 11.58
52.64 11.63
52.64 11.32
52.64 11.57
52.64 11.53
52.64 11.25
52.64 11.48
52.64 11.28
52.64 11.47
52.64 11.32
52.64 11.42
53.78 11.34
53.78 11.7
52.64 11.41
52.64 11.48
53.78 11.29
52.64 11.46
52.64 11.45
53.78 11.33
52.64 11.7
52.64 11.36
53.78 11.43
52.64 11.57
52.64 11.48
53.78 11.4
52.64 11.48
52.64 11.42
52.64 11.33
52.64 11.5
52.64 11.49
52.64 11.62
52.64 11.48
52.64 11.39
52.64 11.55
52.64 11.37
52.64 11.41
52.64 11.54
52.64 11.44
52.64 11.56
53.78 11.44
52.64 11.47
52.64 11.55
53.78 11.31
52.64 11.28
52.64 11.48
53.78 11.67
53.78 11.31
52.64 11.64
52.64 11.52
52.64 11.49
52.64 11.45
52.64 11.63
52.64 11.63
52.64 11.3
53.78 11.43
52.64 11.46
52.64 11.44
52.64 11.47
53.78 11.57
52.64 11.56
52.64 11.58
52.64 11.51
52.64 11.44
52.64 11.49
52.64 11.47
52.64 11.51
52.64 11.46
52.64 11.41
53.78 11.46
52.64 11.62
52.64 11.35
53.78 11.44
52.64 11.36
52.64 11.43
52.64 11.53
52.64 11.27
52.64 11.33
53.78 11.19
52.64 11.39
52.64 11.55
52.64 11.53
52.64 11.27
52.64 11.36
52.64 11.32
52.64 11.55
52.64 11.43
52.64 11.33
52.64 11.39
52.64 11.43
52.64 11.51
52.64 11.35
52.64 11.26
53.78 11.6
52.64 11.6
52.64 11.43
52.64 11.31
53.78 11.34
52.64 11.49
52.64 11.35
53.78 11.45
52.64 11.42
52.64 11.57
53.78 11.54
53.78 11.5
52.64 11.58
52.64 11.57
53.78 11.6
52.64 11.39
52.64 11.51
52.64 11.52
52.64 11.71
52.64 11.57
52.64 11.36
52.64 11.44
52.64 11.34
53.78 11.48
52.64 11.5
52.64 11.51
52.64 11.59
53.78 11.42
52.64 11.48
52.64 11.68
53.78 11.47
53.78 11.55
52.64 11.53
52.64 11.62
52.64 11.57
52.64 11.39
52.64 11.52
52.64 11.38
53.78 11.51
52.64 11.47
52.64 11.49
52.64 11.49
52.64 11.52
52.64 11.33
52.64 11.4
52.64 11.42
52.64 11.47
52.64 11.44
53.78 11.44
52.64 11.43
53.78 11.47
53.78 11.47
52.64 11.6
53.78 11.52
52.64 11.67
52.64 11.43
52.64 11.5
52.64 11.24
52.64 11.38
52.64 11.7
53.78 11.39
52.64 11.35
53.78 11.36
53.78 11.31
52.64 11.3
53.78 11.46
52.64 11.57
52.64 11.43
52.64 11.45
52.64 11.32
52.64 11.59
53.78 11.39
52.64 11.52
52.64 11.44
52.64 11.41
52.64 11.44
53.78 11.54
53.78 11.66
52.64 11.41
53.78 11.47
52.64 11.63
53.78 11.28
53.78 11.53
52.64 11.35
52.64 11.55
52.64 11.56
53.78 11.65
52.64 11.31
53.78 11.14
52.64 11.41
52.64 11.42
52.64 11.55
52.64 11.45
52.64 11.56
53.78 11.28
52.64 11.51
52.64 11.48
52.64 11.49
53.78 11.49
53.78 11.54
52.64 11.56
53.78 11.38
53.78 11.54
52.64 11.59
53.78 11.33
52.64 11.44
52.64 11.29
52.64 11.54
52.64 11.47
52.64 11.43
53.78 11.49
53.78 11.46
52.64 11.39
53.78 11.6
52.64 11.6
52.64 11.48
52.64 11.4
52.64 11.42
52.64 11.51
52.64 11.44
52.64 11.42
52.64 11.36
52.64 11.51
52.64 11.5
53.78 11.44
52.64 11.61
53.78 11.41
52.64 11.53
53.78 11.52
53.78 11.57
53.78 11.14
52.64 11.43
52.64 11.36
53.78 11.6
52.64 11.3
53.78 11.45
53.78 11.28
53.78 11.47
52.64 11.4
52.64 11.54
53.78 11.37
53.78 11.45
52.64 11.49
53.78 11.5
53.78 11.35
53.78 11.61
52.64 11.62
52.64 11.44
53.78 11.35
53.78 11.54
52.64 11.2
53.78 11.35
52.64 11.51
52.64 11.37
53.78 11.33
53.78 11.73
53.78 11.51
53.78 11.4
52.64 11.42
53.78 11.2
53.78 11.39
52.64 11.42
53.78 11.47
52.64 11.57
53.78 11.33
52.64 11.59
53.78 11.51
52.64 11.62
52.64 11.47
53.78 11.57
53.78 11.52
53.78 11.41
53.78 11.46
53.78 11.63
53.78 11.17
52.64 11.45
53.78 11.51
52.64 11.38
53.78 11.55
52.64 11.35
53.78 11.42
52.64 11.54
52.64 11.6
52.64 11.41
53.78 11.43
52.64 11.52
52.64 11.42
52.64 11.29
53.78 11.41
53.78 11.5
53.78 11.43
52.64 11.51
53.78 11.37
53.78 11.63
51.5 11.51
52.64 11.61
53.78 11.49
52.64 11.36
52.64 11.46
52.64 11.41
52.64 11.68
52.64 11.25
52.64 11.54
53.78 11.27
52.64 11.48
53.78 11.37
52.64 11.47
53.78 11.55
53.78 11.31
53.78 11.46
52.64 11.47
53.78 11.3
53.78 11.36
53.78 11.36
53.78 11.6
53.78 11.51
52.64 11.26
53.78 11.33
53.78 11.55
52.64 11.28
53.78 11.63
52.64 11.31
53.78 11.47
52.64 11.52
53.78 11.62
52.64 11.44
52.64 11.52
52.64 11.41
53.78 11.54
52.64 11.82
53.78 11.63
53.78 11.41
53.78 11.44
53.78 11.44
53.78 11.53
53.78 11.58
53.78 11.36
53.78 11.7
52.64 11.45
52.64 11.49
52.64 11.51
53.78 11.7
52.64 11.31
53.78 11.46
52.64 11.48
53.78 11.52
52.64 11.55
53.78 11.43
52.64 11.65
53.78 11.44
52.64 11.64
53.78 11.36
52.64 11.43
52.64 11.39
53.78 11.63
52.64 11.47
53.78 11.52
52.64 11.44
53.78 11.5
53.78 11.52
53.78 11.43
52.64 11.57
53.78 11.39
53.78 11.56
52.64 11.64
52.64 11.51
52.64 11.27
53.78 11.41
53.78 11.33
53.78 11.3
53.78 11.32
53.78 11.41
53.78 11.39
53.78 11.58
53.78 11.68
53.78 11.24
53.78 11.57
53.78 11.43
53.78 11.3
53.78 11.39
53.78 11.39
53.78 11.23
52.64 11.47
52.64 11.59
53.78 11.49
52.64 11.41
53.78 11.65
53.78 11.58
52.64 11.63
53.78 11.46
53.78 11.49
53.78 11.49
52.64 11.51
53.78 11.54
53.78 11.39
52.64 11.6
53.78 11.39
53.78 11.51
53.78 11.44
53.78 11.45
53.78 11.38
53.78 11.32
52.64 11.75
52.64 11.5
53.78 11.42
53.78 11.41
52.64 11.38
53.78 11.39
53.78 11.55
52.64 11.28
53.78 11.8
52.64 11.33
52.64 11.46
53.78 11.36
53.78 11.38
52.64 11.59
53.78 11.43
53.78 11.58
52.64 11.62
52.64 11.39
53.78 11.39
53.78 11.51
53.78 11.57
53.78 11.59
52.64 11.4
53.78 11.43
54.92 11.79
53.78 11.49
53.78 11.36
52.64 11.39
53.78 11.36
53.78 11.59
53.78 11.46
53.78 11.56
52.64 11.5
52.64 11.28
53.78 11.54
53.78 11.41
53.78 11.31
53.78 11.38
53.78 11.6
53.78 11.54
53.78 11.58
53.78 11.46
53.78 11.52
53.78 11.49
53.78 11.48
53.78 11.52
53.78 11.41
53.78 11.55
53.78 11.31
52.64 11.31
52.64 11.41
53.78 11.63
53.78 11.38
53.78 11.3
53.78 11.29
52.64 11.43
53.78 11.38
53.78 11.57
53.78 11.35
52.64 11.52
53.78 11.46
53.78 11.3
52.64 11.54
52.64 11.4
52.64 11.41
52.64 11.27
52.64 11.35
52.64 11.54
53.78 11.46
53.78 11.55
53.78 11.41
52.64 11.6
53.78 11.33
53.78 11.31
52.64 11.46
53.78 11.33
53.78 11.47
53.78 11.35
53.78 11.49
53.78 11.48
52.64 11.43
53.78 11.3
53.78 11.39
53.78 11.46
52.64 11.35
53.78 11.54
53.78 11.44
53.78 11.38
52.64 11.43
53.78 11.26
53.78 11.35
53.78 11.41
53.78 11.55
53.78 11.39
53.78 11.43
53.78 11.55
52.64 11.4
53.78 11.58
53.78 11.3
54.92 11.41
53.78 11.3
53.78 11.56
52.64 11.38
53.78 11.65
53.78 11.42
52.64 11.52
53.78 11.43
53.78 11.47
53.78 11.44
53.78 11.51
53.78 11.51
53.78 11.55
53.78 11.51
53.78 11.41
53.78 11.51
53.78 11.43
53.78 11.3
53.78 11.46
53.78 11.27
53.78 11.48
53.78 11.52
53.78 11.43
53.78 11.38
53.78 11.7
53.78 11.52
53.78 11.41
52.64 11.49
53.78 11.39
53.78 11.59
53.78 11.53
53.78 11.44
53.78 11.4
54.92 11.47
53.78 11.59
53.78 11.52
53.78 11.04
53.78 11.44
53.78 11.29
53.78 11.55
53.78 11.52
53.78 11.44
52.64 11.43
53.78 11.35
53.78 11.53
53.78 11.54
53.78 11.33
53.78 11.37
53.78 11.47
53.78 11.49
54.92 11.49
53.78 11.33
53.78 11.65
53.78 11.56
52.64 11.54
53.78 11.47
53.78 11.39
53.78 11.5
53.78 11.31
53.78 11.54
53.78 11.44
53.78 11.54
53.78 11.27
53.78 11.57
52.64 11.58
53.78 11.49
53.78 11.51
53.78 11.54
53.78 11.55
53.78 11.44
52.64 11.52
53.78 11.67
52.64 11.53
53.78 11.35
53.78 11.22
53.78 11.52
53.78 11.39
52.64 11.54
52.64 11.12
53.78 11.53
53.78 11.55
52.64 11.44
53.78 11.53
53.78 11.49
53.78 11.55
52.64 11.45
53.78 11.59
53.78 11.59
53.78 11.61
52.64 11.62
53.78 11.47
53.78 11.53
53.78 11.65
53.78 11.57
53.78 11.56
53.78 11.48
53.78 11.12
53.78 11.65
53.78 11.46
53.78 11.68
52.64 11.41
53.78 11.41
53.78 11.38
53.78 11.19
52.64 11.57
53.78 11.41
53.78 11.36
52.64 11.55
53.78 11.44
53.78 11.23
53.78 11.33
53.78 11.32
54.92 11.42
52.64 11.68
53.78 11.37
53.78 11.51
52.64 11.31
53.78 11.37
52.64 11.37
53.78 11.51
53.78 11.3
53.78 11.22
53.78 11.47
53.78 11.36
53.78 11.73
53.78 11.32
53.78 11.34
53.78 11.38
53.78 11.4
53.78 11.39
54.92 11.4
53.78 11.58
52.64 11.46
53.78 11.55
53.78 11.48
53.78 11.44
52.64 11.51
53.78 11.65
53.78 11.45
53.78 11.68
53.78 11.51
53.78 11.58
54.92 11.38
53.78 11.57
53.78 11.38
53.78 11.57
54.92 11.42
53.78 11.27
53.78 11.4
53.78 11.4
53.78 11.37
53.78 11.68
53.78 11.49
53.78 11.62
53.78 11.26
53.78 11.44
52.64 11.47
53.78 11.46
53.78 11.3
53.78 11.34
53.78 11.36
52.64 11.49
53.78 11.25
53.78 11.47
53.78 11.38
53.78 11.37
52.64 11.41
53.78 11.44
53.78 11.48
53.78 11.44
53.78 11.35
53.78 11.47
53.78 11.48
53.78 11.7
53.78 11.49
53.78 11.54
53.78 11.39
53.78 11.35
53.78 11.63
53.78 11.49
53.78 11.47
53.78 11.38
53.78 11.6
53.78 11.39
52.64 11.5
53.78 11.42
