41.24 27520.0
41.24 27540.0
41.24 27560.0
41.24 27580.0
41.24 27600.0
41.24 27620.0
41.24 27640.0
41.24 27660.0
41.24 27680.0
41.24 27700.0
41.24 27720.0
41.24 27740.0
41.24 27760.0
41.24 27780.0
41.24 27800.0
41.24 27820.0
41.24 27840.0
41.24 27860.0
41.24 27880.0
41.24 27900.0
41.24 27920.0
41.24 27940.0
41.24 27960.0
41.24 27980.0
41.24 28000.0
41.24 28020.0
41.24 28040.0
41.24 28060.0
41.24 28080.0
41.24 28100.0
41.24 28120.0
41.24 28140.0
41.24 28160.0
41.24 28180.0
41.24 28200.0
41.24 28220.0
41.24 28240.0
41.24 28260.0
41.24 28280.0
41.24 28300.0
41.24 28320.0
42.38 28340.0
41.24 28360.0
41.24 28380.0
41.24 28400.0
41.24 28420.0
41.24 28440.0
41.24 28460.0
41.24 28480.0
41.24 28500.0
41.24 28520.0
41.24 28540.0
41.24 28560.0
41.24 28580.0
41.24 28600.0
41.24 28620.0
41.24 28640.0
41.24 28660.0
41.24 28680.0
41.24 28700.0
41.24 28720.0
41.24 28740.0
41.24 28760.0
41.24 28780.0
41.24 28800.0
41.24 28820.0
40.1 28840.0
41.24 28860.0
41.24 28880.0
41.24 28900.0
41.24 28920.0
41.24 28940.0
41.24 28960.0
41.24 28980.0
41.24 29000.0
41.24 29020.0
41.24 29040.0
41.24 29060.0
41.24 29080.0
41.24 29100.0
41.24 29120.0
41.24 29140.0
41.24 29160.0
41.24 29180.0
41.24 29200.0
41.24 29220.0
41.24 29240.0
41.24 29260.0
41.24 29280.0
41.24 29300.0
41.24 29320.0
41.24 29340.0
41.24 29360.0
41.24 29380.0
41.24 29400.0
42.38 29420.0
41.24 29440.0
41.24 29460.0
41.24 29480.0
41.24 29500.0
41.24 29520.0
41.24 29540.0
41.24 29560.0
41.24 29580.0
41.24 29600.0
41.24 29620.0
41.24 29640.0
41.24 29660.0
42.38 29680.0
41.24 29700.0
41.24 29720.0
41.24 29740.0
41.24 29760.0
41.24 29780.0
41.24 29800.0
41.24 29820.0
41.24 29840.0
41.24 29860.0
41.24 29880.0
41.24 29900.0
41.24 29920.0
41.24 29940.0
41.24 29960.0
41.24 29980.0
41.24 30000.0
41.24 30020.0
41.24 30040.0
41.24 30060.0
41.24 30080.0
41.24 30100.0
41.24 30120.0
41.24 30140.0
41.24 30160.0
41.24 30180.0
42.38 30200.0
41.24 30220.0
41.24 30240.0
41.24 30260.0
41.24 30280.0
41.24 30300.0
41.24 30320.0
41.24 30340.0
41.24 30360.0
41.24 30380.0
41.24 30400.0
41.24 30420.0
41.24 30440.0
41.24 30460.0
41.24 30480.0
41.24 30500.0
41.24 30520.0
41.24 30540.0
41.24 30560.0
41.24 30580.0
41.24 30600.0
41.24 30620.0
41.24 30640.0
41.24 30660.0
41.24 30680.0
41.24 30700.0
41.24 30720.0
41.24 30740.0
41.24 30760.0
41.24 30780.0
41.24 30800.0
41.24 30820.0
41.24 30840.0
41.24 30860.0
42.38 30880.0
41.24 30900.0
41.24 30920.0
41.24 30940.0
42.38 30960.0
42.38 30980.0
41.24 31000.0
41.24 31020.0
42.38 31040.0
41.24 31060.0
42.38 31080.0
41.24 31100.0
41.24 31120.0
41.24 31140.0
41.24 31160.0
41.24 31180.0
41.24 31200.0
41.24 31220.0
41.24 31240.0
41.24 31260.0
41.24 31280.0
41.24 31300.0
41.24 31320.0
41.24 31340.0
41.24 31360.0
41.24 31380.0
41.24 31400.0
41.24 31420.0
41.24 31440.0
41.24 31460.0
41.24 31480.0
41.24 31500.0
42.38 31520.0
41.24 31540.0
41.24 31560.0
41.24 31580.0
41.24 31600.0
41.24 31620.0
42.38 31640.0
41.24 31660.0
41.24 31680.0
41.24 31700.0
41.24 31720.0
42.38 31740.0
41.24 31760.0
41.24 31780.0
41.24 31800.0
42.38 31820.0
41.24 31840.0
41.24 31860.0
41.24 31880.0
41.24 31900.0
41.24 31920.0
41.24 31940.0
41.24 31960.0
41.24 31980.0
41.24 32000.0
41.24 32020.0
41.24 32040.0
41.24 32060.0
41.24 32080.0
42.38 32100.0
42.38 32120.0
41.24 32140.0
42.38 32160.0
41.24 32180.0
41.24 32200.0
42.38 32220.0
41.24 32240.0
41.24 32260.0
41.24 32280.0
41.24 32300.0
41.24 32320.0
41.24 32340.0
41.24 32360.0
41.24 32380.0
41.24 32400.0
42.38 32420.0
41.24 32440.0
42.38 32460.0
41.24 32480.0
41.24 32500.0
42.38 32520.0
41.24 32540.0
41.24 32560.0
41.24 32580.0
41.24 32600.0
41.24 32620.0
41.24 32640.0
41.24 32660.0
41.24 32680.0
41.24 32700.0
41.24 32720.0
41.24 32740.0
41.24 32760.0
41.24 32780.0
41.24 32800.0
41.24 32820.0
41.24 32840.0
42.38 32860.0
41.24 32880.0
41.24 32900.0
41.24 32920.0
41.24 32940.0
41.24 32960.0
41.24 32980.0
41.24 33000.0
41.24 33020.0
42.38 33040.0
41.24 33060.0
41.24 33080.0
41.24 33100.0
41.24 33120.0
41.24 33140.0
41.24 33160.0
42.38 33180.0
42.38 33200.0
42.38 33220.0
41.24 33240.0
41.24 33260.0
42.38 33280.0
41.24 33300.0
41.24 33320.0
41.24 33340.0
41.24 33360.0
41.24 33380.0
42.38 33400.0
41.24 33420.0
41.24 33440.0
41.24 33460.0
42.38 33480.0
41.24 33500.0
41.24 33520.0
41.24 33540.0
42.38 33560.0
41.24 33580.0
42.38 33600.0
42.38 33620.0
42.38 33640.0
41.24 33660.0
41.24 33680.0
41.24 33700.0
41.24 33720.0
41.24 33740.0
41.24 33760.0
41.24 33780.0
42.38 33800.0
41.24 33820.0
42.38 33840.0
41.24 33860.0
42.38 33880.0
41.24 33900.0
41.24 33920.0
41.24 33940.0
42.38 33960.0
41.24 33980.0
42.38 34000.0
42.38 34020.0
41.24 34040.0
42.38 34060.0
41.24 34080.0
41.24 34100.0
41.24 34120.0
42.38 34140.0
42.38 34160.0
41.24 34180.0
41.24 34200.0
41.24 34220.0
42.38 34240.0
42.38 34260.0
42.38 34280.0
42.38 34300.0
42.38 34320.0
41.24 34340.0
42.38 34360.0
41.24 34380.0
41.24 34400.0
42.38 34420.0
41.24 34440.0
41.24 34460.0
41.24 34480.0
42.38 34500.0
41.24 34520.0
41.24 34540.0
41.24 34560.0
41.24 34580.0
42.38 34600.0
41.24 34620.0
41.24 34640.0
42.38 34660.0
42.38 34680.0
42.38 34700.0
41.24 34720.0
41.24 34740.0
42.38 34760.0
41.24 34780.0
41.24 34800.0
41.24 34820.0
41.24 34840.0
41.24 34860.0
41.24 34880.0
41.24 34900.0
41.24 34920.0
42.38 34940.0
41.24 34960.0
41.24 34980.0
41.24 35000.0
41.24 35020.0
41.24 35040.0
41.24 35060.0
41.24 35080.0
41.24 35100.0
41.24 35120.0
41.24 35140.0
42.38 35160.0
41.24 35180.0
41.24 35200.0
42.38 35220.0
41.24 35240.0
41.24 35260.0
41.24 35280.0
42.38 35300.0
42.38 35320.0
42.38 35340.0
42.38 35360.0
41.24 35380.0
42.38 35400.0
42.38 35420.0
42.38 35440.0
42.38 35460.0
42.38 35480.0
41.24 35500.0
41.24 35520.0
41.24 35540.0
42.38 35560.0
41.24 35580.0
42.38 35600.0
42.38 35620.0
41.24 35640.0
41.24 35660.0
42.38 35680.0
42.38 35700.0
41.24 35720.0
42.38 35740.0
42.38 35760.0
41.24 35780.0
42.38 35800.0
42.38 35820.0
42.38 35840.0
42.38 35860.0
42.38 35880.0
42.38 35900.0
42.38 35920.0
42.38 35940.0
42.38 35960.0
42.38 35980.0
41.24 36000.0
41.24 36020.0
41.24 36040.0
42.38 36060.0
42.38 36080.0
42.38 36100.0
41.24 36120.0
41.24 36140.0
41.24 36160.0
41.24 36180.0
42.38 36200.0
42.38 36220.0
42.38 36240.0
42.38 36260.0
42.38 36280.0
42.38 36300.0
41.24 36320.0
42.38 36340.0
42.38 36360.0
42.38 36380.0
42.38 36400.0
41.24 36420.0
42.38 36440.0
42.38 36460.0
42.38 36480.0
42.38 36500.0
41.24 36520.0
41.24 36540.0
42.38 36560.0
42.38 36580.0
42.38 36600.0
41.24 36620.0
42.38 36640.0
41.24 36660.0
41.24 36680.0
42.38 36700.0
42.38 36720.0
41.24 36740.0
41.24 36760.0
41.24 36780.0
41.24 36800.0
42.38 36820.0
42.38 36840.0
42.38 36860.0
42.38 36880.0
42.38 36900.0
42.38 36920.0
42.38 36940.0
42.38 36960.0
42.38 36980.0
42.38 37000.0
41.24 37020.0
42.38 37040.0
42.38 37060.0
42.38 37080.0
41.24 37100.0
42.38 37120.0
42.38 37140.0
42.38 37160.0
42.38 37180.0
41.24 37200.0
42.38 37220.0
41.24 37240.0
41.24 37260.0
42.38 37280.0
42.38 37300.0
42.38 37320.0
42.38 37340.0
42.38 37360.0
42.38 37380.0
42.38 37400.0
42.38 37420.0
42.38 37440.0
42.38 37460.0
42.38 37480.0
42.38 37500.0
42.38 37520.0
42.38 37540.0
42.38 37560.0
42.38 37580.0
42.38 37600.0
41.24 37620.0
42.38 37640.0
42.38 37660.0
42.38 37680.0
42.38 37700.0
42.38 37720.0
42.38 37740.0
41.24 37760.0
41.24 37780.0
42.38 37800.0
42.38 37820.0
42.38 37840.0
41.24 37860.0
41.24 37880.0
42.38 37900.0
42.38 37920.0
42.38 37940.0
42.38 37960.0
41.24 37980.0
41.24 38000.0
42.38 38020.0
41.24 38040.0
42.38 38060.0
42.38 38080.0
42.38 38100.0
42.38 38120.0
41.24 38140.0
42.38 38160.0
41.24 38180.0
42.38 38200.0
42.38 38220.0
41.24 38240.0
42.38 38260.0
42.38 38280.0
42.38 38300.0
42.38 38320.0
41.24 38340.0
42.38 38360.0
42.38 38380.0
42.38 38400.0
42.38 38420.0
41.24 38440.0
42.38 38460.0
42.38 38480.0
41.24 38500.0
42.38 38520.0
42.38 38540.0
42.38 38560.0
42.38 38580.0
42.38 38600.0
42.38 38620.0
41.24 38640.0
42.38 38660.0
41.24 38680.0
42.38 38700.0
42.38 38720.0
42.38 38740.0
42.38 38760.0
42.38 38780.0
42.38 38800.0
42.38 38820.0
42.38 38840.0
42.38 38860.0
42.38 38880.0
42.38 38900.0
41.24 38920.0
42.38 38940.0
42.38 38960.0
42.38 38980.0
42.38 39000.0
42.38 39020.0
42.38 39040.0
42.38 39060.0
41.24 39080.0
42.38 39100.0
42.38 39120.0
42.38 39140.0
42.38 39160.0
42.38 39180.0
42.38 39200.0
41.24 39220.0
42.38 39240.0
42.38 39260.0
42.38 39280.0
42.38 39300.0
42.38 39320.0
42.38 39340.0
42.38 39360.0
42.38 39380.0
42.38 39400.0
42.38 39420.0
42.38 39440.0
42.38 39460.0
42.38 39480.0
42.38 39500.0
42.38 39520.0
42.38 39540.0
42.38 39560.0
42.38 39580.0
42.38 39600.0
42.38 39620.0
42.38 39640.0
41.24 39660.0
42.38 39680.0
42.38 39700.0
41.24 39720.0
42.38 39740.0
42.38 39760.0
42.38 39780.0
42.38 39800.0
42.38 39820.0
42.38 39840.0
42.38 39860.0
42.38 39880.0
42.38 39900.0
42.38 39920.0
42.38 39940.0
42.38 39960.0
42.38 39980.0
42.38 40000.0
42.38 40020.0
42.38 40040.0
42.38 40060.0
42.38 40080.0
42.38 40100.0
42.38 40120.0
42.38 40140.0
42.38 40160.0
42.38 40180.0
42.38 40200.0
42.38 40220.0
42.38 40240.0
42.38 40260.0
42.38 40280.0
42.38 40300.0
42.38 40320.0
42.38 40340.0
42.38 40360.0
42.38 40380.0
42.38 40400.0
42.38 40420.0
42.38 40440.0
42.38 40460.0
41.24 40480.0
42.38 40500.0
42.38 40520.0
42.38 40540.0
42.38 40560.0
42.38 40580.0
42.38 40600.0
43.52 40620.0
42.38 40640.0
42.38 40660.0
42.38 40680.0
42.38 40700.0
42.38 40720.0
42.38 40740.0
42.38 40760.0
42.38 40780.0
42.38 40800.0
42.38 40820.0
42.38 40840.0
42.38 40860.0
42.38 40880.0
42.38 40900.0
42.38 40920.0
42.38 40940.0
42.38 40960.0
42.38 40980.0
42.38 41000.0
42.38 41020.0
42.38 41040.0
42.38 41060.0
42.38 41080.0
42.38 41100.0
42.38 41120.0
41.24 41140.0
42.38 41160.0
42.38 41180.0
42.38 41200.0
42.38 41220.0
42.38 41240.0
42.38 41260.0
43.52 41280.0
41.24 41300.0
42.38 41320.0
42.38 41340.0
42.38 41360.0
42.38 41380.0
42.38 41400.0
42.38 41420.0
41.24 41440.0
41.24 41460.0
42.38 41480.0
42.38 41500.0
42.38 41520.0
42.38 41540.0
42.38 41560.0
42.38 41580.0
42.38 41600.0
41.24 41620.0
42.38 41640.0
42.38 41660.0
42.38 41680.0
42.38 41700.0
42.38 41720.0
42.38 41740.0
42.38 41760.0
42.38 41780.0
43.52 41800.0
42.38 41820.0
42.38 41840.0
42.38 41860.0
42.38 41880.0
42.38 41900.0
42.38 41920.0
42.38 41940.0
42.38 41960.0
42.38 41980.0
42.38 42000.0
42.38 42020.0
42.38 42040.0
42.38 42060.0
42.38 42080.0
42.38 42100.0
42.38 42120.0
42.38 42140.0
42.38 42160.0
42.38 42180.0
42.38 42200.0
42.38 42220.0
41.24 42240.0
42.38 42260.0
42.38 42280.0
42.38 42300.0
42.38 42320.0
42.38 42340.0
42.38 42360.0
42.38 42380.0
42.38 42400.0
42.38 42420.0
42.38 42440.0
42.38 42460.0
42.38 42480.0
42.38 42500.0
42.38 42520.0
42.38 42540.0
42.38 42560.0
43.52 42580.0
42.38 42600.0
42.38 42620.0
42.38 42640.0
42.38 42660.0
42.38 42680.0
42.38 42700.0
42.38 42720.0
42.38 42740.0
42.38 42760.0
42.38 42780.0
41.24 42800.0
42.38 42820.0
42.38 42840.0
42.38 42860.0
42.38 42880.0
42.38 42900.0
42.38 42920.0
41.24 42940.0
42.38 42960.0
42.38 42980.0
42.38 43000.0
42.38 43020.0
42.38 43040.0
42.38 43060.0
42.38 43080.0
42.38 43100.0
42.38 43120.0
42.38 43140.0
42.38 43160.0
42.38 43180.0
42.38 43200.0
42.38 43220.0
42.38 43240.0
42.38 43260.0
42.38 43280.0
42.38 43300.0
43.52 43320.0
42.38 43340.0
42.38 43360.0
42.38 43380.0
42.38 43400.0
42.38 43420.0
42.38 43440.0
41.24 43460.0
43.52 43480.0
42.38 43500.0
42.38 43520.0
42.38 43540.0
42.38 43560.0
42.38 43580.0
42.38 43600.0
42.38 43620.0
42.38 43640.0
42.38 43660.0
42.38 43680.0
41.24 43700.0
42.38 43720.0
42.38 43740.0
42.38 43760.0
42.38 43780.0
43.52 43800.0
42.38 43820.0
42.38 43840.0
42.38 43860.0
42.38 43880.0
42.38 43900.0
42.38 43920.0
42.38 43940.0
42.38 43960.0
42.38 43980.0
42.38 44000.0
42.38 44020.0
42.38 44040.0
42.38 44060.0
42.38 44080.0
43.52 44100.0
42.38 44120.0
42.38 44140.0
42.38 44160.0
42.38 44180.0
42.38 44200.0
42.38 44220.0
42.38 44240.0
43.52 44260.0
42.38 44280.0
41.24 44300.0
42.38 44320.0
42.38 44340.0
42.38 44360.0
42.38 44380.0
43.52 44400.0
42.38 44420.0
42.38 44440.0
42.38 44460.0
42.38 44480.0
42.38 44500.0
42.38 44520.0
42.38 44540.0
42.38 44560.0
42.38 44580.0
42.38 44600.0
42.38 44620.0
42.38 44640.0
42.38 44660.0
43.52 44680.0
42.38 44700.0
42.38 44720.0
42.38 44740.0
42.38 44760.0
42.38 44780.0
42.38 44800.0
42.38 44820.0
42.38 44840.0
42.38 44860.0
42.38 44880.0
42.38 44900.0
42.38 44920.0
42.38 44940.0
42.38 44960.0
42.38 44980.0
42.38 45000.0
42.38 45020.0
42.38 45040.0
43.52 45060.0
42.38 45080.0
42.38 45100.0
42.38 45120.0
42.38 45140.0
42.38 45160.0
42.38 45180.0
42.38 45200.0
42.38 45220.0
42.38 45240.0
43.52 45260.0
43.52 45280.0
42.38 45300.0
42.38 45320.0
42.38 45340.0
43.52 45360.0
42.38 45380.0
42.38 45400.0
42.38 45420.0
42.38 45440.0
43.52 45460.0
43.52 45480.0
42.38 45500.0
42.38 45520.0
42.38 45540.0
42.38 45560.0
42.38 45580.0
42.38 45600.0
42.38 45620.0
42.38 45640.0
42.38 45660.0
42.38 45680.0
42.38 45700.0
42.38 45720.0
43.52 45740.0
42.38 45760.0
42.38 45780.0
43.52 45800.0
42.38 45820.0
42.38 45840.0
42.38 45860.0
42.38 45880.0
42.38 45900.0
42.38 45920.0
42.38 45940.0
43.52 45960.0
42.38 45980.0
42.38 46000.0
42.38 46020.0
42.38 46040.0
43.52 46060.0
42.38 46080.0
43.52 46100.0
43.52 46120.0
43.52 46140.0
42.38 46160.0
43.52 46180.0
42.38 46200.0
42.38 46220.0
42.38 46240.0
42.38 46260.0
42.38 46280.0
43.52 46300.0
42.38 46320.0
43.52 46340.0
42.38 46360.0
43.52 46380.0
43.52 46400.0
42.38 46420.0
43.52 46440.0
43.52 46460.0
42.38 46480.0
42.38 46500.0
43.52 46520.0
42.38 46540.0
43.52 46560.0
42.38 46580.0
43.52 46600.0
42.38 46620.0
43.52 46640.0
42.38 46660.0
42.38 46680.0
43.52 46700.0
42.38 46720.0
42.38 46740.0
42.38 46760.0
42.38 46780.0
43.52 46800.0
43.52 46820.0
42.38 46840.0
42.38 46860.0
42.38 46880.0
42.38 46900.0
42.38 46920.0
42.38 46940.0
42.38 46960.0
43.52 46980.0
42.38 47000.0
42.38 47020.0
42.38 47040.0
42.38 47060.0
43.52 47080.0
42.38 47100.0
42.38 47120.0
43.52 47140.0
42.38 47160.0
42.38 47180.0
43.52 47200.0
42.38 47220.0
42.38 47240.0
42.38 47260.0
42.38 47280.0
43.52 47300.0
42.38 47320.0
43.52 47340.0
42.38 47360.0
42.38 47380.0
42.38 47400.0
43.52 47420.0
43.52 47440.0
43.52 47460.0
42.38 47480.0
43.52 47500.0
43.52 47520.0
42.38 47540.0
43.52 47560.0
42.38 47580.0
42.38 47600.0
42.38 47620.0
42.38 47640.0
43.52 47660.0
42.38 47680.0
43.52 47700.0
43.52 47720.0
43.52 47740.0
42.38 47760.0
42.38 47780.0
42.38 47800.0
42.38 47820.0
42.38 47840.0
43.52 47860.0
42.38 47880.0
42.38 47900.0
43.52 47920.0
43.52 47940.0
42.38 47960.0
43.52 47980.0
43.52 48000.0
42.38 48020.0
42.38 48040.0
43.52 48060.0
43.52 48080.0
43.52 48100.0
42.38 48120.0
43.52 48140.0
42.38 48160.0
42.38 48180.0
43.52 48200.0
43.52 48220.0
42.38 48240.0
43.52 48260.0
42.38 48280.0
42.38 48300.0
43.52 48320.0
42.38 48340.0
42.38 48360.0
42.38 48380.0
43.52 48400.0
42.38 48420.0
42.38 48440.0
42.38 48460.0
42.38 48480.0
42.38 48500.0
42.38 48520.0
43.52 48540.0
42.38 48560.0
42.38 48580.0
43.52 48600.0
42.38 48620.0
42.38 48640.0
42.38 48660.0
43.52 48680.0
43.52 48700.0
42.38 48720.0
42.38 48740.0
43.52 48760.0
43.52 48780.0
42.38 48800.0
43.52 48820.0
43.52 48840.0
42.38 48860.0
43.52 48880.0
43.52 48900.0
42.38 48920.0
43.52 48940.0
43.52 48960.0
43.52 48980.0
42.38 49000.0
43.52 49020.0
42.38 49040.0
43.52 49060.0
43.52 49080.0
43.52 49100.0
42.38 49120.0
43.52 49140.0
42.38 49160.0
42.38 49180.0
42.38 49200.0
43.52 49220.0
42.38 49240.0
43.52 49260.0
43.52 49280.0
43.52 49300.0
43.52 49320.0
42.38 49340.0
43.52 49360.0
42.38 49380.0
43.52 49400.0
42.38 49420.0
43.52 49440.0
43.52 49460.0
42.38 49480.0
42.38 49500.0
43.52 49520.0
42.38 49540.0
42.38 49560.0
43.52 49580.0
42.38 49600.0
42.38 49620.0
43.52 49640.0
43.52 49660.0
43.52 49680.0
43.52 49700.0
43.52 49720.0
42.38 49740.0
43.52 49760.0
42.38 49780.0
43.52 49800.0
42.38 49820.0
42.38 49840.0
42.38 49860.0
42.38 49880.0
42.38 49900.0
42.38 49920.0
42.38 49940.0
42.38 49960.0
42.38 49980.0
42.38 50000.0
43.52 50020.0
42.38 50040.0
43.52 50060.0
43.52 50080.0
43.52 50100.0
43.52 50120.0
42.38 50140.0
42.38 50160.0
42.38 50180.0
43.52 50200.0
42.38 50220.0
42.38 50240.0
43.52 50260.0
43.52 50280.0
43.52 50300.0
42.38 50320.0
42.38 50340.0
43.52 50360.0
42.38 50380.0
43.52 50400.0
42.38 50420.0
43.52 50440.0
42.38 50460.0
43.52 50480.0
42.38 50500.0
43.52 50520.0
43.52 50540.0
43.52 50560.0
43.52 50580.0
42.38 50600.0
42.38 50620.0
43.52 50640.0
43.52 50660.0
43.52 50680.0
43.52 50700.0
43.52 50720.0
43.52 50740.0
42.38 50760.0
43.52 50780.0
42.38 50800.0
42.38 50820.0
43.52 50840.0
43.52 50860.0
43.52 50880.0
43.52 50900.0
43.52 50920.0
43.52 50940.0
43.52 50960.0
43.52 50980.0
42.38 51000.0
43.52 51020.0
43.52 51040.0
43.52 51060.0
43.52 51080.0
42.38 51100.0
42.38 51120.0
43.52 51140.0
42.38 51160.0
43.52 51180.0
43.52 51200.0
43.52 51220.0
42.38 51240.0
43.52 51260.0
43.52 51280.0
43.52 51300.0
43.52 51320.0
42.38 51340.0
43.52 51360.0
42.38 51380.0
43.52 51400.0
43.52 51420.0
43.52 51440.0
42.38 51460.0
43.52 51480.0
43.52 51500.0
42.38 51520.0
43.52 51540.0
42.38 51560.0
43.52 51580.0
43.52 51600.0
43.52 51620.0
43.52 51640.0
43.52 51660.0
43.52 51680.0
43.52 51700.0
43.52 51720.0
43.52 51740.0
43.52 51760.0
42.38 51780.0
43.52 51800.0
43.52 51820.0
43.52 51840.0
42.38 51860.0
43.52 51880.0
42.38 51900.0
43.52 51920.0
43.52 51940.0
43.52 51960.0
43.52 51980.0
43.52 52000.0
43.52 52020.0
42.38 52040.0
42.38 52060.0
43.52 52080.0
42.38 52100.0
43.52 52120.0
43.52 52140.0
43.52 52160.0
43.52 52180.0
42.38 52200.0
43.52 52220.0
43.52 52240.0
43.52 52260.0
43.52 52280.0
43.52 52300.0
43.52 52320.0
43.52 52340.0
42.38 52360.0
43.52 52380.0
43.52 52400.0
43.52 52420.0
42.38 52440.0
43.52 52460.0
43.52 52480.0
43.52 52500.0
43.52 52520.0
42.38 52540.0
42.38 52560.0
42.38 52580.0
43.52 52600.0
43.52 52620.0
43.52 52640.0
42.38 52660.0
43.52 52680.0
43.52 52700.0
43.52 52720.0
42.38 52740.0
43.52 52760.0
43.52 52780.0
43.52 52800.0
43.52 52820.0
43.52 52840.0
43.52 52860.0
43.52 52880.0
43.52 52900.0
43.52 52920.0
43.52 52940.0
43.52 52960.0
43.52 52980.0
43.52 53000.0
43.52 53020.0
43.52 53040.0
43.52 53060.0
43.52 53080.0
43.52 53100.0
43.52 53120.0
43.52 53140.0
43.52 53160.0
42.38 53180.0
43.52 53200.0
43.52 53220.0
43.52 53240.0
43.52 53260.0
43.52 53280.0
43.52 53300.0
43.52 53320.0
42.38 53340.0
43.52 53360.0
42.38 53380.0
43.52 53400.0
42.38 53420.0
43.52 53440.0
43.52 53460.0
43.52 53480.0
43.52 53500.0
42.38 53520.0
43.52 53540.0
43.52 53560.0
43.52 53580.0
43.52 53600.0
43.52 53620.0
42.38 53640.0
43.52 53660.0
43.52 53680.0
43.52 53700.0
43.52 53720.0
43.52 53740.0
42.38 53760.0
43.52 53780.0
43.52 53800.0
43.52 53820.0
42.38 53840.0
43.52 53860.0
43.52 53880.0
43.52 53900.0
43.52 53920.0
43.52 53940.0
43.52 53960.0
43.52 53980.0
42.38 54000.0
43.52 54020.0
43.52 54040.0
43.52 54060.0
43.52 54080.0
42.38 54100.0
43.52 54120.0
43.52 54140.0
43.52 54160.0
43.52 54180.0
43.52 54200.0
43.52 54220.0
43.52 54240.0
43.52 54260.0
42.38 54280.0
43.52 54300.0
43.52 54320.0
43.52 54340.0
43.52 54360.0
43.52 54380.0
43.52 54400.0
43.52 54420.0
43.52 54440.0
43.52 54460.0
43.52 54480.0
43.52 54500.0
43.52 54520.0
43.52 54540.0
43.52 54560.0
43.52 54580.0
43.52 54600.0
43.52 54620.0
43.52 54640.0
43.52 54660.0
43.52 54680.0
43.52 54700.0
43.52 54720.0
43.52 54740.0
43.52 54760.0
43.52 54780.0
43.52 54800.0
43.52 54820.0
43.52 54840.0
43.52 54860.0
43.52 54880.0
43.52 54900.0
42.38 54920.0
42.38 54940.0
43.52 54960.0
43.52 54980.0
43.52 55000.0
43.52 55020.0
43.52 55040.0
43.52 55060.0
43.52 55080.0
43.52 55100.0
43.52 55120.0
43.52 55140.0
43.52 55160.0
43.52 55180.0
43.52 55200.0
43.52 55220.0
43.52 55240.0
43.52 55260.0
43.52 55280.0
43.52 55300.0
43.52 55320.0
43.52 55340.0
43.52 55360.0
43.52 55380.0
43.52 55400.0
43.52 55420.0
43.52 55440.0
43.52 55460.0
42.38 55480.0
43.52 55500.0
42.38 55520.0
43.52 55540.0
43.52 55560.0
43.52 55580.0
43.52 55600.0
43.52 55620.0
43.52 55640.0
43.52 55660.0
43.52 55680.0
43.52 55700.0
43.52 55720.0
43.52 55740.0
43.52 55760.0
43.52 55780.0
43.52 55800.0
43.52 55820.0
43.52 55840.0
43.52 55860.0
43.52 55880.0
43.52 55900.0
43.52 55920.0
43.52 55940.0
43.52 55960.0
43.52 55980.0
43.52 56000.0
42.38 56020.0
43.52 56040.0
43.52 56060.0
43.52 56080.0
43.52 56100.0
43.52 56120.0
43.52 56140.0
43.52 56160.0
43.52 56180.0
43.52 56200.0
43.52 56220.0
43.52 56240.0
43.52 56260.0
42.38 56280.0
43.52 56300.0
43.52 56320.0
43.52 56340.0
