17.30 -7.72 7.29 
17.30 -8.89 5.19 
17.30 -7.75 6.24 
17.30 -7.54 5.55 
17.30 -4.25 6.52 
17.30 -7.66 5.66 
17.30 -7.54 6.26 
17.30 -8.12 5.93 
17.30 -7.60 5.46 
17.30 -7.41 5.78 
17.30 -7.54 6.39 
17.30 -7.94 5.37 
18.44 -7.60 5.76 
17.30 -7.60 5.94 
17.30 -8.71 6.17 
17.30 -9.91 5.94 
17.30 -8.12 5.56 
18.44 -7.94 6.04 
18.44 -8.12 6.53 
17.30 -9.23 5.25 
18.44 -7.94 5.77 
18.44 -8.21 5.68 
18.44 -8.15 6.32 
17.30 -9.23 5.46 
18.44 -8.00 5.23 
18.44 -8.00 7.04 
18.44 -8.06 6.29 
18.44 -7.94 5.58 
17.30 -9.54 5.83 
18.44 -8.40 6.09 
18.44 -8.00 5.31 
18.44 -7.38 5.76 
17.30 -9.29 5.98 
17.30 -8.06 7.03 
18.44 -8.21 6.28 
17.30 -8.74 7.32 
18.44 -8.49 6.25 
18.44 -8.21 5.99 
18.44 -8.00 7.22 
18.44 -8.12 6.08 
17.30 -8.34 5.91 
18.44 -6.98 6.66 
18.44 -6.83 6.35 
18.44 -7.72 6.00 
18.44 -8.00 5.91 
18.44 -6.98 5.87 
18.44 -7.66 5.81 
18.44 -8.40 5.50 
18.44 -5.66 5.50 
18.44 -7.94 5.91 
18.44 -9.57 6.47 
19.58 -8.46 6.30 
19.58 -8.00 5.86 
18.44 -8.15 5.59 
18.44 -8.15 6.04 
18.44 -8.40 5.21 
18.44 -8.12 5.90 
18.44 -8.00 7.16 
18.44 -7.94 5.50 
19.58 -8.28 5.51 
19.58 -8.34 6.03 
18.44 -8.21 6.34 
18.44 -6.28 5.67 
18.44 -8.31 5.27 
18.44 -8.00 6.29 
18.44 -9.66 6.55 
18.44 -8.21 5.61 
18.44 -9.17 6.09 
18.44 -8.00 5.85 
19.58 -8.61 5.96 
18.44 -8.49 4.91 
18.44 -8.34 5.45 
18.44 -7.81 28.28 
19.58 -8.28 5.89 
18.44 -8.92 5.19 
19.58 -9.04 5.65 
18.44 -8.00 5.28 
19.58 -8.28 5.21 
19.58 -7.94 5.21 
19.58 -8.06 4.95 
19.58 -8.00 5.33 
19.58 -8.37 5.06 
18.44 -8.12 5.60 
19.58 -7.94 8.24 
18.44 -7.88 7.52 
19.58 -6.92 6.79 
19.58 -7.75 6.69 
18.44 -9.29 6.37 
18.44 -6.58 3.43 
18.44 -8.37 4.47 
19.58 -7.72 5.99 
18.44 -8.06 5.95 
19.58 -8.15 5.28 
19.58 -8.06 5.22 
19.58 -8.00 5.28 
19.58 -6.49 7.72 
18.44 -8.06 7.72 
19.58 -8.12 4.78 
19.58 -8.37 8.33 
19.58 -8.31 7.27 
19.58 -7.72 5.96 
18.44 -8.09 5.67 
18.44 -6.80 6.39 
18.44 -8.15 5.62 
19.58 -8.00 5.92 
19.58 -6.46 7.14 
19.58 -8.43 4.70 
19.58 -7.91 6.10 
19.58 -8.00 6.73 
18.44 -8.28 5.83 
19.58 -8.21 6.69 
19.58 -8.06 6.43 
19.58 -7.60 7.89 
19.58 -7.75 7.22 
19.58 -8.15 5.86 
19.58 -8.09 5.54 
18.44 -8.00 5.68 
19.58 -8.06 5.60 
19.58 -8.00 4.93 
18.44 -8.06 7.04 
19.58 -8.06 6.16 
19.58 -8.12 6.23 
19.58 -9.63 5.54 
19.58 -8.15 5.97 
19.58 -8.15 5.51 
19.58 -8.06 6.75 
20.72 -8.12 6.29 
18.44 -8.21 6.24 
19.58 -8.00 5.27 
19.58 -8.06 5.88 
19.58 -7.75 5.82 
19.58 -8.34 6.17 
18.44 -8.31 5.52 
19.58 -8.00 7.98 
19.58 -8.15 6.54 
19.58 -8.28 5.40 
18.44 -8.00 5.72 
19.58 -8.34 6.01 
19.58 -7.88 7.15 
19.58 -8.34 5.89 
19.58 -7.94 6.03 
19.58 -7.94 5.91 
19.58 -8.03 4.90 
19.58 -8.28 6.73 
19.58 -7.88 6.47 
19.58 -7.94 5.53 
19.58 -8.00 6.50 
18.44 -7.88 8.37 
19.58 -8.34 5.43 
19.58 -7.94 5.82 
19.58 -8.40 5.56 
19.58 -8.37 7.44 
19.58 -7.81 6.11 
19.58 -7.44 5.82 
19.58 -8.06 5.85 
19.58 -8.28 7.84 
18.44 -9.17 6.86 
19.58 -8.34 5.21 
19.58 -8.55 5.35 
19.58 -8.31 6.94 
19.58 -8.12 7.66 
19.58 -9.44 6.88 
19.58 -8.06 5.72 
19.58 -7.66 5.99 
19.58 -8.18 5.02 
19.58 -8.15 8.09 
18.44 -8.06 6.61 
19.58 -8.06 5.77 
19.58 -8.34 5.23 
19.58 -8.28 5.49 
19.58 -8.06 5.97 
19.58 -8.49 5.26 
19.58 -7.54 5.52 
19.58 -8.21 6.51 
19.58 -8.00 5.85 
19.58 -8.77 6.28 
19.58 -10.00 8.46 
19.58 -7.81 26.50 
19.58 -8.55 6.21 
19.58 -8.46 7.77 
19.58 -9.57 5.98 
19.58 -7.88 6.19 
20.72 -8.40 6.20 
19.58 -7.88 6.57 
19.58 -7.04 5.76 
19.58 -8.12 5.04 
19.58 -7.88 8.91 
19.58 -8.06 5.77 
19.58 -8.06 5.60 
19.58 -8.12 6.11 
20.72 -8.34 6.86 
20.72 -8.40 6.60 
19.58 -7.23 5.52 
19.58 -7.94 6.08 
19.58 -7.94 6.24 
20.72 -8.28 6.75 
20.72 -8.12 4.87 
20.72 -9.51 6.00 
19.58 -6.92 7.21 
19.58 -8.49 7.42 
19.58 -8.12 6.22 
19.58 -7.94 6.22 
20.72 -8.24 7.37 
19.58 -8.21 7.24 
19.58 -8.34 5.60 
19.58 -7.94 7.23 
20.72 -8.06 5.56 
19.58 -8.12 5.12 
20.72 -8.24 5.96 
19.58 -8.03 6.13 
19.58 -6.98 7.11 
19.58 -8.34 5.65 
20.72 -9.78 6.34 
19.58 -8.61 5.90 
20.72 -8.37 5.99 
20.72 -8.06 6.81 
19.58 -8.74 3.23 
19.58 -7.66 7.49 
20.72 -7.17 6.39 
19.58 -7.72 8.03 
19.58 -5.01 6.54 
19.58 -7.08 5.65 
20.72 -6.37 6.89 
19.58 -9.11 5.17 
19.58 -8.77 25.99 
19.58 -8.34 7.42 
20.72 -8.21 6.03 
20.72 -8.12 26.79 
20.72 -8.28 6.33 
19.58 -8.12 4.94 
20.72 -8.21 7.06 
19.58 -8.00 5.97 
19.58 -8.49 7.09 
19.58 -8.12 5.92 
19.58 -8.92 7.54 
20.72 -8.21 6.63 
19.58 -8.61 7.15 
19.58 -8.28 5.26 
19.58 -9.29 7.98 
20.72 -8.34 6.08 
19.58 -8.06 5.95 
20.72 -8.06 6.68 
20.72 -6.55 5.60 
20.72 -8.28 7.07 
19.58 -6.31 5.56 
20.72 -7.72 7.28 
19.58 -8.28 6.16 
20.72 -8.40 6.41 
20.72 -7.94 5.92 
19.58 -8.40 7.86 
20.72 -8.12 5.44 
19.58 -8.12 4.76 
20.72 -8.34 6.60 
20.72 -8.46 6.31 
19.58 -8.00 3.51 
20.72 -8.21 5.08 
20.72 -8.64 6.04 
19.58 -8.49 5.72 
20.72 -7.94 7.09 
19.58 -8.15 6.13 
20.72 -8.46 7.17 
20.72 -7.20 7.13 
20.72 -8.40 8.57 
20.72 -8.40 6.12 
20.72 -8.15 6.83 
20.72 -7.81 7.46 
20.72 -8.21 5.02 
19.58 -8.00 6.55 
19.58 -8.34 5.08 
19.58 -8.28 6.43 
20.72 -8.06 5.28 
20.72 -8.40 6.60 
19.58 -8.06 3.56 
20.72 -7.38 6.17 
19.58 -8.15 9.13 
19.58 -8.12 5.85 
20.72 -8.28 5.02 
20.72 -8.34 5.37 
20.72 -8.49 5.20 
20.72 -8.34 6.40 
20.72 -8.28 7.14 
19.58 -8.28 5.44 
20.72 -8.24 6.41 
20.72 -7.88 5.33 
20.72 -8.34 6.52 
20.72 -8.15 5.74 
20.72 -8.15 5.43 
20.72 -8.58 4.59 
20.72 -8.64 7.13 
20.72 -7.81 5.16 
19.58 -8.61 6.00 
20.72 -8.28 5.19 
19.58 -9.81 5.64 
20.72 -8.21 6.62 
20.72 -8.34 6.16 
20.72 -7.75 6.88 
20.72 -8.34 8.80 
20.72 -7.88 6.40 
20.72 -7.32 6.11 
20.72 -7.97 5.94 
20.72 -7.94 5.82 
20.72 -8.61 6.56 
20.72 -7.81 6.17 
19.58 -7.66 6.62 
20.72 -8.21 6.26 
20.72 -8.58 5.36 
20.72 -7.66 7.03 
20.72 -8.15 5.52 
20.72 -8.21 6.85 
20.72 -7.35 5.99 
20.72 -8.12 6.48 
20.72 -8.21 5.82 
20.72 -8.12 5.81 
20.72 -8.37 5.45 
20.72 -9.69 7.65 
20.72 -8.15 5.96 
20.72 -6.92 5.73 
19.58 -8.49 7.36 
20.72 -8.21 6.95 
20.72 -8.15 5.97 
19.58 -8.12 5.28 
20.72 -7.94 6.02 
20.72 -8.34 4.91 
20.72 -7.81 6.06 
20.72 -8.61 7.15 
20.72 -8.46 6.27 
20.72 -8.46 5.71 
20.72 -8.28 6.44 
20.72 -8.06 5.44 
20.72 -8.12 5.64 
20.72 -7.81 7.28 
20.72 -8.21 5.19 
20.72 -8.28 4.95 
20.72 -7.72 6.30 
20.72 -8.28 7.76 
20.72 -8.00 5.91 
20.72 -8.92 6.82 
20.72 -7.72 8.17 
20.72 -8.40 6.43 
20.72 -8.34 6.22 
20.72 -8.71 6.54 
19.58 -8.15 5.40 
20.72 -9.35 5.49 
20.72 -8.28 6.44 
20.72 -8.46 5.75 
20.72 -8.34 6.61 
20.72 -8.46 6.64 
21.86 -8.12 7.17 
20.72 -9.44 5.11 
20.72 -8.86 6.09 
20.72 -8.46 6.46 
20.72 -8.31 5.00 
20.72 -7.17 6.15 
20.72 -8.12 7.09 
20.72 -8.21 6.00 
20.72 -8.52 6.02 
20.72 -7.88 6.15 
20.72 -7.94 7.79 
20.72 -8.12 5.83 
20.72 -7.75 6.08 
20.72 -8.28 5.74 
20.72 -7.88 7.47 
20.72 -8.28 5.27 
20.72 -6.03 6.13 
20.72 -8.40 5.60 
20.72 -8.37 6.77 
20.72 -7.69 5.55 
19.58 -8.40 6.00 
20.72 -8.21 7.01 
20.72 -8.15 6.43 
20.72 -7.60 8.17 
20.72 -8.37 5.17 
20.72 -8.28 5.84 
20.72 -8.21 6.94 
20.72 -8.28 7.31 
20.72 -8.34 7.59 
20.72 -8.15 5.67 
20.72 -7.04 6.99 
20.72 -8.00 5.68 
20.72 -9.32 4.09 
20.72 -8.12 6.75 
20.72 -8.49 6.98 
20.72 -7.88 26.39 
20.72 -8.06 6.42 
21.86 -8.12 6.35 
20.72 -6.92 8.84 
20.72 -8.28 5.75 
21.86 -8.28 5.27 
20.72 -8.12 5.42 
20.72 -8.12 6.43 
20.72 -8.28 6.43 
20.72 -8.37 7.29 
21.86 -8.34 6.05 
20.72 -8.12 4.50 
20.72 -8.28 6.34 
21.86 -8.28 6.19 
21.86 -6.77 6.47 
20.72 -8.61 6.83 
20.72 -7.44 6.56 
21.86 -8.21 5.39 
21.86 -8.46 6.39 
20.72 -8.21 5.15 
21.86 -8.06 6.19 
21.86 -8.34 5.87 
20.72 -8.34 6.57 
20.72 -8.46 7.16 
20.72 -8.03 7.50 
20.72 -9.63 5.74 
20.72 -8.12 5.92 
20.72 -8.15 6.93 
20.72 -8.15 7.16 
20.72 -5.38 6.64 
20.72 -8.06 5.70 
20.72 -6.92 6.08 
20.72 -7.17 5.78 
20.72 -8.49 6.49 
21.86 -8.68 4.82 
21.86 -8.46 5.19 
20.72 -8.06 6.21 
20.72 -6.80 7.73 
20.72 -8.34 6.32 
20.72 -8.00 7.67 
20.72 -8.12 8.39 
20.72 -7.23 6.10 
21.86 -7.91 5.74 
20.72 -8.12 5.54 
20.72 -8.68 6.39 
21.86 -8.06 2.95 
20.72 -8.12 6.10 
20.72 -8.89 5.71 
20.72 -8.28 5.56 
20.72 -8.40 5.51 
20.72 -8.28 6.09 
20.72 -8.21 5.78 
20.72 -8.15 6.84 
21.86 -8.21 6.97 
20.72 -8.12 7.03 
21.86 -8.40 6.25 
20.72 -7.20 6.96 
21.86 -8.58 6.15 
21.86 -8.34 6.85 
21.86 -8.12 7.80 
20.72 -8.28 4.70 
20.72 -8.64 5.43 
21.86 -8.15 4.89 
20.72 -6.89 5.22 
20.72 -8.06 5.54 
21.86 -8.15 4.79 
20.72 -8.18 5.05 
20.72 -8.49 5.51 
20.72 -7.23 6.17 
21.86 -8.15 6.27 
21.86 -9.63 6.40 
21.86 -6.98 7.33 
20.72 -9.23 6.64 
20.72 -6.52 6.26 
20.72 -8.28 5.90 
20.72 -8.34 6.27 
21.86 -7.94 6.46 
20.72 -8.31 6.30 
20.72 -8.06 6.99 
21.86 -8.28 6.27 
20.72 -8.06 6.55 
20.72 -9.84 6.00 
20.72 -8.28 6.31 
20.72 -8.95 6.31 
21.86 -8.21 7.70 
20.72 -7.81 6.65 
20.72 -10.18 6.05 
21.86 -6.89 6.60 
20.72 -7.81 6.62 
20.72 -8.21 6.79 
21.86 -7.04 6.02 
20.72 -8.46 5.64 
20.72 -7.23 5.95 
21.86 -8.40 6.11 
20.72 -8.55 5.74 
20.72 -8.89 5.29 
21.86 -8.64 5.28 
21.86 -8.49 5.71 
21.86 -8.15 5.45 
20.72 -8.00 6.49 
20.72 -8.15 6.83 
20.72 -8.49 6.81 
21.86 -8.46 6.60 
21.86 -8.06 5.98 
21.86 -8.40 6.79 
20.72 -8.34 6.05 
20.72 -8.55 5.58 
21.86 -8.34 5.69 
21.86 -8.21 7.31 
21.86 -8.12 6.80 
20.72 -9.11 5.79 
20.72 -8.40 7.16 
21.86 -8.28 5.75 
21.86 -8.46 5.89 
21.86 -8.21 6.53 
21.86 -8.40 5.87 
21.86 -8.46 5.20 
21.86 -8.12 5.94 
20.72 -8.40 5.05 
21.86 -8.06 5.40 
20.72 -7.72 6.04 
20.72 -8.15 5.15 
20.72 -7.20 7.46 
20.72 -8.34 6.16 
21.86 -8.49 6.49 
20.72 -8.12 6.55 
21.86 -8.28 5.51 
20.72 -8.00 6.00 
21.86 -8.21 5.11 
21.86 -7.04 5.66 
20.72 -8.46 4.87 
20.72 -8.00 6.07 
20.72 -8.40 4.81 
21.86 -8.00 7.36 
21.86 -8.28 6.24 
21.86 -8.15 6.10 
20.72 -8.49 5.48 
21.86 -8.49 5.62 
21.86 -8.46 4.81 
20.72 -6.89 5.30 
21.86 -8.49 5.20 
21.86 -8.28 6.75 
21.86 -9.29 6.17 
20.72 -9.04 6.21 
21.86 -8.40 5.84 
21.86 -8.68 4.84 
21.86 -6.52 7.57 
21.86 -8.06 7.57 
20.72 -8.21 6.33 
21.86 -8.28 6.51 
21.86 -8.21 5.93 
21.86 -8.49 4.90 
20.72 -9.29 7.32 
21.86 -8.40 5.82 
21.86 -9.78 5.94 
21.86 -8.40 6.42 
21.86 -8.28 7.40 
21.86 -8.61 6.82 
21.86 -8.28 6.03 
20.72 -8.46 5.80 
21.86 -8.34 6.86 
21.86 -8.40 5.76 
20.72 -8.28 5.46 
20.72 -8.34 5.90 
21.86 -8.12 7.51 
21.86 -7.88 5.94 
21.86 -8.49 6.56 
20.72 -8.55 5.62 
21.86 -8.49 4.85 
21.86 -7.54 6.84 
20.72 -8.34 6.11 
20.72 -8.61 6.14 
20.72 -8.46 5.14 
21.86 -8.21 4.77 
21.86 -8.28 6.44 
21.86 -8.55 5.59 
21.86 -8.15 5.77 
21.86 -8.15 5.38 
21.86 -8.55 7.25 
20.72 -8.18 6.56 
20.72 -7.88 5.89 
21.86 -7.17 6.49 
21.86 -8.55 6.84 
20.72 -9.69 5.97 
21.86 -8.21 5.06 
21.86 -8.28 5.26 
21.86 -8.34 8.07 
21.86 -9.72 5.59 
20.72 -8.61 5.32 
21.86 -7.88 5.26 
20.72 -8.06 7.04 
21.86 -8.52 5.36 
21.86 -8.18 6.53 
21.86 -7.63 5.61 
21.86 -8.34 6.96 
21.86 -7.88 7.68 
21.86 -8.55 5.81 
20.72 -8.61 5.36 
21.86 -8.46 6.88 
21.86 -8.40 5.94 
21.86 -8.00 6.10 
21.86 -8.46 5.45 
21.86 -8.49 6.62 
20.72 -7.26 7.03 
21.86 -8.46 5.55 
21.86 -8.28 7.22 
21.86 -8.03 6.30 
21.86 -9.69 6.29 
20.72 -8.21 5.38 
20.72 -8.15 5.87 
21.86 -8.40 6.03 
21.86 -8.06 5.32 
21.86 -8.92 6.53 
21.86 -7.75 5.59 
21.86 -8.12 5.60 
21.86 -8.15 6.15 
21.86 -8.28 6.71 
21.86 -8.46 5.82 
21.86 -6.89 6.40 
21.86 -8.28 6.20 
21.86 -8.40 7.92 
21.86 -8.15 6.57 
21.86 -8.55 5.14 
21.86 -8.49 7.19 
21.86 -8.21 5.98 
21.86 -8.34 5.47 
21.86 -8.21 5.17 
21.86 -8.43 6.59 
21.86 -8.61 5.76 
21.86 -8.40 5.61 
21.86 -8.40 7.40 
21.86 -8.34 5.85 
21.86 -8.34 7.23 
21.86 -8.49 5.53 
21.86 -8.12 5.78 
21.86 -9.91 5.22 
21.86 -8.21 7.06 
21.86 -8.34 5.63 
21.86 -8.21 5.86 
21.86 -8.46 6.15 
21.86 -8.28 5.40 
21.86 -8.61 5.20 
21.86 -8.49 5.86 
21.86 -8.68 5.32 
21.86 -8.03 5.91 
21.86 -7.04 6.43 
21.86 -8.12 7.66 
21.86 -8.43 5.39 
21.86 -8.28 5.02 
21.86 -8.40 5.55 
21.86 -8.34 5.29 
21.86 -8.21 5.76 
21.86 -8.46 5.59 
21.86 -8.55 5.71 
21.86 -8.77 6.41 
20.72 -8.46 5.81 
21.86 -8.61 7.72 
21.86 -8.15 6.08 
21.86 -6.52 5.06 
21.86 -8.34 8.41 
21.86 -8.06 7.18 
21.86 -8.49 5.18 
21.86 -8.46 5.72 
21.86 -8.37 5.16 
20.72 -8.12 7.24 
21.86 -8.49 4.86 
21.86 -8.40 7.30 
21.86 -8.40 6.32 
21.86 -8.55 7.69 
21.86 -8.15 6.94 
21.86 -8.61 5.21 
21.86 -8.00 7.06 
21.86 -8.34 4.95 
21.86 -8.46 6.22 
21.86 -8.28 5.32 
21.86 -6.52 7.01 
21.86 -7.94 5.32 
21.86 -8.15 6.63 
21.86 -8.86 5.34 
21.86 -9.91 7.31 
20.72 -8.49 4.76 
21.86 -8.55 6.85 
21.86 -8.46 6.17 
21.86 -8.21 6.79 
21.86 -8.61 5.29 
21.86 -8.49 6.04 
21.86 -8.28 5.27 
21.86 -8.12 6.86 
21.86 -8.40 6.81 
21.86 -8.06 7.74 
21.86 -6.89 6.12 
21.86 -8.00 5.63 
21.86 -8.46 5.74 
21.86 -8.21 6.20 
21.86 -8.15 6.68 
21.86 -8.15 5.97 
21.86 -8.06 6.40 
21.86 -8.61 5.30 
20.72 -8.12 6.64 
21.86 -8.49 5.87 
21.86 -8.55 5.83 
21.86 -8.49 5.19 
20.72 -8.06 6.53 
21.86 -8.00 7.92 
21.86 -8.46 24.19 
21.86 -8.55 6.79 
21.86 -8.15 6.24 
21.86 -8.28 6.52 
21.86 -8.46 5.82 
21.86 -8.46 6.14 
21.86 -8.49 5.04 
21.86 -8.49 5.60 
21.86 -8.21 6.01 
21.86 -8.64 5.50 
23.00 -8.21 6.20 
21.86 -8.15 5.82 
21.86 -8.34 5.53 
21.86 -9.11 6.31 
21.86 -8.18 6.51 
21.86 -8.34 6.91 
21.86 -8.40 6.47 
21.86 -8.12 6.40 
21.86 -8.55 5.72 
21.86 -8.49 5.22 
21.86 -8.34 5.73 
21.86 -8.80 6.47 
21.86 -8.68 5.22 
21.86 -8.46 6.50 
21.86 -8.18 5.17 
21.86 -8.28 5.88 
23.00 -8.21 5.46 
21.86 -8.40 5.55 
21.86 -8.74 6.99 
21.86 -8.21 6.42 
21.86 -8.55 6.74 
23.00 -8.46 5.32 
21.86 -8.61 5.62 
21.86 -8.55 5.14 
21.86 -8.49 5.49 
21.86 -8.34 6.86 
23.00 -8.68 5.39 
21.86 -8.40 6.23 
21.86 -8.68 5.78 
21.86 -7.94 6.49 
21.86 -8.15 7.80 
23.00 -8.46 5.32 
21.86 -8.68 6.36 
21.86 -8.15 5.45 
21.86 -8.12 6.04 
21.86 -8.40 6.49 
21.86 -10.40 4.90 
23.00 -8.68 6.43 
23.00 -8.12 7.24 
21.86 -8.15 5.86 
21.86 -8.55 6.44 
21.86 -8.55 4.90 
21.86 -8.21 6.75 
21.86 -8.15 5.33 
21.86 -8.46 7.12 
21.86 -8.40 6.14 
23.00 -8.46 4.70 
23.00 -8.55 5.51 
21.86 -8.28 6.40 
23.00 -8.46 6.24 
21.86 -8.28 5.58 
21.86 -8.49 6.38 
21.86 -8.21 5.66 
21.86 -8.46 5.14 
21.86 -8.95 6.82 
21.86 -8.46 6.08 
21.86 -8.49 6.00 
23.00 -8.12 6.69 
21.86 -8.40 6.28 
23.00 -7.81 6.08 
21.86 -7.94 7.33 
21.86 -8.34 5.68 
21.86 -8.55 5.40 
21.86 -8.61 5.57 
21.86 -8.52 7.64 
21.86 -8.12 6.07 
23.00 -8.40 7.09 
23.00 -8.68 7.11 
21.86 -8.46 6.36 
21.86 -8.15 6.74 
21.86 -8.21 7.40 
21.86 -8.34 6.78 
21.86 -6.43 6.43 
21.86 -8.68 6.44 
21.86 -8.49 5.23 
21.86 -8.55 5.56 
23.00 -6.37 7.53 
21.86 -8.68 5.51 
23.00 -8.34 5.66 
21.86 -8.55 6.30 
23.00 -8.43 6.46 
21.86 -8.46 5.58 
21.86 -8.40 5.72 
23.00 -8.34 6.89 
21.86 -8.21 7.81 
21.86 -8.46 6.03 
21.86 -8.61 5.70 
21.86 -6.64 6.63 
23.00 -8.28 5.09 
21.86 -8.21 6.62 
23.00 -8.40 5.91 
21.86 -8.49 7.24 
23.00 -8.34 5.38 
21.86 -9.38 6.06 
21.86 -8.28 6.08 
21.86 -7.54 7.53 
21.86 -8.61 5.10 
21.86 -8.28 5.80 
23.00 -8.49 6.10 
23.00 -8.46 7.49 
21.86 -8.21 7.03 
23.00 -8.55 5.70 
23.00 -8.49 6.79 
21.86 -8.15 6.52 
21.86 -8.43 7.63 
21.86 -8.61 5.48 
23.00 -8.34 6.34 
21.86 -8.34 6.58 
21.86 -8.31 4.88 
23.00 -8.46 6.38 
21.86 -8.46 5.81 
21.86 -8.55 5.94 
21.86 -8.80 6.95 
21.86 -8.21 6.71 
23.00 -8.46 5.42 
21.86 -8.61 6.59 
21.86 -8.49 6.81 
21.86 -8.34 8.26 
21.86 -8.28 6.15 
21.86 -8.61 5.56 
21.86 -8.61 5.77 
21.86 -8.28 6.64 
21.86 -8.46 7.74 
23.00 -8.49 7.56 
21.86 -8.34 5.94 
21.86 -8.61 5.34 
21.86 -8.49 6.24 
21.86 -8.28 6.23 
21.86 -8.77 7.15 
21.86 -8.55 5.67 
23.00 -8.34 5.29 
21.86 -8.61 5.55 
21.86 -8.06 6.28 
23.00 -8.28 6.02 
23.00 -6.98 8.30 
21.86 -8.28 6.17 
23.00 -10.24 5.53 
23.00 -8.40 8.02 
23.00 -8.40 6.53 
21.86 -8.49 5.93 
21.86 -7.69 5.53 
21.86 -8.46 6.45 
23.00 -9.29 7.86 
21.86 -9.72 5.04 
21.86 -8.00 6.23 
23.00 -8.37 6.32 
21.86 -8.21 7.39 
23.00 -8.61 6.53 
23.00 -8.15 7.57 
21.86 -8.40 5.45 
23.00 -8.40 5.38 
21.86 -8.49 5.05 
21.86 -8.55 5.38 
21.86 -8.34 5.76 
23.00 -8.15 7.77 
23.00 -8.21 7.66 
21.86 -7.23 5.30 
23.00 -8.49 5.45 
23.00 -8.68 5.07 
21.86 -8.61 7.14 
23.00 -8.74 5.79 
23.00 -8.55 6.82 
23.00 -8.61 6.81 
21.86 -8.34 6.11 
21.86 -8.64 4.97 
23.00 -8.28 6.63 
23.00 -8.49 6.47 
23.00 -8.61 5.71 
21.86 -8.15 7.31 
21.86 -8.34 4.96 
23.00 -8.46 5.00 
21.86 -8.09 5.75 
21.86 -8.55 6.43 
21.86 -7.75 6.45 
23.00 -8.55 5.67 
21.86 -8.71 5.44 
21.86 -8.15 6.90 
23.00 -8.21 7.45 
23.00 -8.55 6.83 
23.00 -8.40 6.12 
21.86 -8.34 7.67 
23.00 -8.40 7.44 
23.00 -8.40 7.61 
21.86 -8.68 5.55 
23.00 -8.40 5.92 
21.86 -8.68 5.86 
23.00 -7.97 6.09 
23.00 -8.49 6.09 
21.86 -8.74 6.42 
21.86 -8.55 5.68 
21.86 -8.46 7.02 
23.00 -8.68 5.90 
21.86 -8.80 6.24 
21.86 -8.49 6.02 
21.86 -8.86 6.70 
23.00 -8.46 6.94 
23.00 -8.40 7.51 
23.00 -8.21 5.47 
21.86 -8.12 5.88 
21.86 -8.28 5.37 
21.86 -8.12 6.31 
21.86 -8.46 5.98 
21.86 -8.28 26.01 
21.86 -8.46 7.35 
23.00 -8.34 5.61 
21.86 -8.15 6.25 
23.00 -8.49 6.60 
23.00 -8.58 5.58 
21.86 -8.55 6.59 
23.00 -8.12 5.90 
23.00 -8.28 6.55 
21.86 -8.58 5.79 
23.00 -8.46 6.10 
23.00 -8.61 5.87 
21.86 -8.49 6.03 
23.00 -8.61 7.25 
23.00 -8.46 6.60 
23.00 -8.61 6.42 
23.00 -8.15 7.27 
23.00 -9.38 7.37 
21.86 -8.40 8.40 
23.00 -8.68 6.71 
23.00 -8.40 7.41 
23.00 -8.28 7.77 
21.86 -8.55 5.25 
23.00 -8.46 5.68 
21.86 -8.46 5.30 
23.00 -8.83 6.75 
23.00 -8.98 3.93 
23.00 -8.34 5.91 
23.00 -8.06 6.33 
23.00 -8.28 5.89 
21.86 -8.61 5.24 
23.00 -8.55 5.19 
21.86 -8.74 5.86 
21.86 -8.46 5.54 
23.00 -8.24 5.53 
23.00 -8.61 7.38 
23.00 -8.49 5.56 
21.86 -8.49 7.09 
23.00 -8.46 5.62 
21.86 -8.21 7.34 
21.86 -8.61 5.00 
23.00 -8.21 6.18 
21.86 -8.15 6.60 
23.00 -8.15 6.04 
23.00 -8.55 6.88 
23.00 -8.64 5.88 
23.00 -8.40 5.58 
23.00 -8.34 6.72 
21.86 -8.40 5.70 
23.00 -8.40 4.80 
23.00 -8.46 5.06 
23.00 -8.49 5.68 
21.86 -8.49 5.30 
23.00 -8.21 5.13 
23.00 -8.55 4.83 
23.00 -8.40 5.76 
21.86 -8.12 7.67 
21.86 -8.49 6.49 
21.86 -8.46 6.92 
23.00 -8.40 7.59 
23.00 -8.64 5.13 
24.14 -8.46 5.79 
23.00 -8.34 6.76 
23.00 -8.46 6.41 
23.00 -8.34 6.26 
23.00 -8.06 7.16 
23.00 -8.46 5.47 
21.86 -8.40 6.21 
23.00 -8.15 5.78 
23.00 -8.40 5.53 
23.00 -8.55 6.99 
23.00 -8.68 5.46 
21.86 -8.12 6.05 
23.00 -8.34 5.30 
23.00 -8.68 4.75 
23.00 -8.80 5.59 
23.00 -8.34 7.60 
23.00 -8.49 7.12 
23.00 -8.49 6.38 
23.00 -8.34 6.21 
21.86 -8.15 6.58 
23.00 -8.28 6.49 
21.86 -8.55 5.78 
21.86 -8.71 5.45 
23.00 -8.74 5.96 
23.00 -8.46 5.08 
23.00 -7.94 7.22 
21.86 -8.55 6.93 
23.00 -8.34 6.22 
23.00 -8.46 6.28 
23.00 -8.40 5.80 
23.00 -8.43 4.79 
23.00 -8.55 5.27 
21.86 -7.72 5.13 
23.00 -8.49 5.23 
23.00 -8.28 6.06 
21.86 -8.21 8.52 
23.00 -8.74 6.55 
23.00 -8.49 6.00 
23.00 -8.34 6.57 
21.86 -8.28 6.78 
23.00 -8.46 5.65 
23.00 -8.46 5.73 
23.00 -8.40 7.08 
23.00 -8.40 7.21 
23.00 -8.74 5.96 
23.00 -8.46 5.81 
23.00 -9.54 5.73 
21.86 -8.40 5.99 
23.00 -8.24 5.41 
21.86 -8.92 5.39 
21.86 -8.21 6.49 
23.00 -8.49 7.13 
23.00 -8.28 5.94 
23.00 -7.32 6.40 
23.00 -8.34 6.70 
23.00 -8.28 6.73 
23.00 -8.46 7.01 
23.00 -8.40 5.55 
23.00 -8.15 6.01 
21.86 -9.84 5.18 
23.00 -7.63 7.89 
21.86 -7.97 7.83 
21.86 -7.04 5.93 
23.00 -8.34 5.30 
23.00 -8.71 7.42 
21.86 -8.49 6.60 
23.00 -8.40 7.48 
23.00 -8.40 6.34 
23.00 -7.23 5.66 
23.00 -9.08 5.74 
23.00 -9.01 5.43 
23.00 -8.61 6.52 
23.00 -8.74 6.12 
23.00 -8.46 6.24 
21.86 -4.77 7.02 
23.00 -8.46 6.33 
23.00 -8.61 7.40 
23.00 -9.17 5.97 
23.00 -8.61 5.53 
21.86 -8.28 5.41 
23.00 -8.68 8.20 
23.00 -8.34 6.86 
23.00 -8.21 7.56 
23.00 -8.61 6.22 
23.00 -8.77 4.62 
23.00 -8.46 5.63 
23.00 -7.48 6.48 
21.86 -8.61 5.95 
23.00 -8.46 5.94 
23.00 -8.21 5.63 
23.00 -8.46 7.16 
23.00 -8.61 5.94 
23.00 -8.34 6.45 
23.00 -8.21 5.79 
23.00 -8.74 7.05 
23.00 -8.71 6.08 
23.00 -8.49 6.66 
23.00 -8.49 5.62 
23.00 -8.55 6.42 
23.00 -8.34 8.02 
23.00 -8.68 6.07 
23.00 -8.49 5.76 
23.00 -8.34 6.61 
23.00 -9.78 7.68 
23.00 -8.49 6.81 
21.86 -8.46 5.39 
23.00 -8.68 6.11 
21.86 -8.61 6.58 
21.86 -8.74 6.04 
23.00 -8.92 6.02 
23.00 -8.15 5.89 
23.00 -8.74 6.41 
23.00 -8.46 6.62 
23.00 -8.28 6.19 
23.00 -8.46 7.35 
23.00 -8.40 6.21 
23.00 -8.12 6.65 
23.00 -8.86 5.40 
23.00 -8.55 6.95 
23.00 -8.21 6.28 
23.00 -8.15 7.29 
24.14 -8.68 7.01 
23.00 -8.89 6.48 
23.00 -8.34 6.56 
23.00 -8.49 6.15 
23.00 -9.04 6.59 
23.00 -7.32 6.11 
23.00 -8.74 5.31 
23.00 -8.68 5.57 
23.00 -8.55 8.28 
21.86 -8.61 7.79 
23.00 -8.49 5.47 
23.00 -8.34 6.45 
23.00 -8.68 6.06 
23.00 -8.68 7.07 
23.00 -8.18 5.74 
23.00 -8.86 7.34 
23.00 -8.64 6.04 
23.00 -8.55 5.27 
23.00 -8.40 7.04 
23.00 -8.55 6.07 
23.00 -8.15 7.25 
23.00 -8.46 7.30 
23.00 -8.49 6.39 
23.00 -7.32 5.85 
23.00 -8.55 5.08 
21.86 -8.55 6.75 
23.00 -8.80 6.22 
23.00 -8.55 3.79 
23.00 -8.68 5.76 
21.86 -8.24 5.17 
23.00 -6.64 5.32 
23.00 -8.80 6.87 
23.00 -8.49 6.41 
23.00 -8.61 5.15 
23.00 -8.34 7.01 
21.86 -8.55 5.65 
23.00 -8.61 4.92 
23.00 -9.88 5.88 
23.00 -8.89 5.15 
23.00 -8.68 5.60 
23.00 -8.49 6.65 
23.00 -8.55 6.12 
23.00 -8.46 5.74 
23.00 -8.74 6.67 
23.00 -8.55 7.76 
21.86 -8.34 5.34 
23.00 -8.43 7.01 
21.86 -8.68 5.81 
21.86 -8.40 4.84 
23.00 -8.49 6.33 
23.00 -8.61 6.40 
23.00 -8.49 6.13 
23.00 -8.49 6.14 
23.00 -8.55 5.88 
24.14 -8.49 5.21 
23.00 -8.55 5.87 
23.00 -8.46 6.43 
21.86 -8.43 6.64 
23.00 -9.81 6.36 
23.00 -8.40 5.80 
23.00 -8.80 6.51 
23.00 -8.40 5.83 
23.00 -8.68 7.39 
23.00 -8.49 5.98 
23.00 -8.15 5.69 
23.00 -8.61 6.39 
23.00 -8.46 5.23 
24.14 -10.12 8.77 
21.86 -8.28 6.83 
23.00 -8.03 7.46 
23.00 -8.43 7.58 
23.00 -8.61 6.63 
23.00 -8.61 6.44 
23.00 -8.68 5.25 
23.00 -8.21 7.19 
23.00 -8.49 6.32 
23.00 -8.34 5.41 
23.00 -8.43 6.62 
23.00 -8.49 7.04 
23.00 -9.57 6.99 
23.00 -8.49 5.55 
23.00 -8.28 5.16 
23.00 -8.80 5.67 
23.00 -8.55 5.36 
23.00 -8.55 6.34 
23.00 -8.80 5.88 
23.00 -8.55 6.55 
23.00 -10.09 6.38 
23.00 -8.40 7.38 
23.00 -9.72 5.94 
23.00 -8.49 5.33 
23.00 -8.40 6.26 
23.00 -8.61 5.43 
23.00 -8.80 6.72 
24.14 -8.61 6.23 
23.00 -8.15 8.05 
23.00 -8.28 6.18 
24.14 -8.61 5.01 
23.00 -9.04 7.19 
23.00 -8.80 6.11 
23.00 -8.61 6.86 
23.00 -8.28 5.28 
23.00 -8.49 6.16 
23.00 -8.28 6.11 
23.00 -7.44 7.45 
23.00 -8.74 4.15 
23.00 -8.68 7.71 
23.00 -8.40 6.03 
23.00 -8.34 5.48 
23.00 -8.28 7.35 
23.00 -8.46 5.20 
23.00 -8.61 6.50 
21.86 -8.28 5.62 
23.00 -8.71 6.19 
23.00 -8.28 6.26 
23.00 -8.74 6.27 
23.00 -8.46 6.15 
23.00 -8.49 6.49 
23.00 -8.21 6.16 
23.00 -8.46 6.66 
23.00 -8.21 6.23 
23.00 -8.49 6.58 
23.00 -8.55 5.53 
23.00 -8.80 6.38 
23.00 -9.72 5.34 
23.00 -8.74 6.27 
23.00 -8.55 5.62 
23.00 -8.34 6.60 
24.14 -8.68 5.48 
23.00 -7.75 7.00 
23.00 -8.46 5.87 
23.00 -8.34 7.00 
23.00 -8.74 5.95 
23.00 -8.68 7.33 
23.00 -8.55 5.57 
23.00 -8.80 7.77 
23.00 -8.55 5.56 
23.00 -8.55 6.66 
24.14 -8.55 5.01 
23.00 -8.92 5.92 
23.00 -8.77 5.79 
23.00 -8.49 6.07 
23.00 -8.77 5.68 
23.00 -8.12 6.43 
23.00 -8.55 4.89 
23.00 -8.49 6.40 
23.00 -9.88 5.82 
23.00 -8.55 7.11 
21.86 -8.55 5.95 
23.00 -8.64 5.57 
23.00 -8.80 6.77 
23.00 -8.34 5.83 
23.00 -9.54 8.57 
23.00 -8.74 5.61 
23.00 -9.01 7.36 
23.00 -8.68 4.95 
23.00 -7.17 6.67 
23.00 -8.34 5.78 
23.00 -8.49 6.01 
24.14 -8.98 4.90 
23.00 -8.34 6.68 
23.00 -8.46 5.61 
23.00 -8.74 5.66 
23.00 -9.72 7.53 
23.00 -9.41 6.44 
23.00 -8.68 6.60 
23.00 -8.21 5.55 
23.00 -8.74 6.09 
23.00 -8.31 5.58 
23.00 -8.61 6.33 
23.00 -8.68 4.85 
23.00 -8.40 6.01 
23.00 -8.40 6.03 
23.00 -8.68 6.20 
24.14 -8.34 7.15 
23.00 -8.74 5.77 
23.00 -8.77 5.90 
23.00 -8.34 5.34 
23.00 -8.55 5.75 
23.00 -8.68 8.17 
23.00 -8.55 5.43 
23.00 -8.86 7.19 
23.00 -8.55 6.11 
23.00 -8.49 6.03 
23.00 -8.61 5.41 
23.00 -8.34 6.04 
23.00 -8.74 7.00 
23.00 -8.74 6.41 
23.00 -8.40 6.57 
24.14 -9.54 5.68 
23.00 -8.40 6.03 
23.00 -8.86 5.57 
24.14 -8.74 5.78 
23.00 -8.55 7.04 
23.00 -8.86 6.33 
23.00 -8.55 5.75 
23.00 -8.46 7.62 
23.00 -8.40 5.70 
23.00 -8.49 6.65 
21.86 -8.46 5.81 
23.00 -8.68 5.96 
23.00 -8.40 7.22 
23.00 -8.77 5.26 
23.00 -8.61 5.84 
23.00 -8.80 5.92 
23.00 -8.15 4.92 
24.14 -8.89 5.33 
23.00 -8.40 6.96 
23.00 -8.61 5.72 
23.00 -8.49 7.50 
23.00 -8.74 6.81 
24.14 -8.61 5.67 
23.00 -8.40 5.48 
23.00 -8.49 6.90 
24.14 -8.61 5.74 
23.00 -8.64 5.57 
23.00 -8.80 7.08 
23.00 -8.40 7.12 
23.00 -8.28 6.81 
24.14 -7.48 7.34 
23.00 -8.55 4.89 
23.00 -9.20 6.04 
23.00 -8.49 7.12 
23.00 -8.40 5.59 
23.00 -8.92 5.79 
23.00 -8.46 7.06 
23.00 -8.55 7.82 
23.00 -8.34 5.69 
23.00 -8.86 6.08 
23.00 -8.40 5.46 
23.00 -8.68 6.46 
23.00 -8.64 6.20 
23.00 -8.58 5.32 
24.14 -9.38 7.34 
23.00 -8.46 5.61 
23.00 -8.49 6.80 
23.00 -8.61 6.76 
23.00 -8.74 6.10 
23.00 -8.28 6.30 
23.00 -8.49 6.59 
23.00 -8.68 5.20 
23.00 -8.61 6.11 
24.14 -8.55 6.92 
23.00 -8.49 5.94 
23.00 -8.40 5.47 
23.00 -8.80 6.00 
23.00 -8.86 5.51 
23.00 -8.21 6.52 
23.00 -8.40 6.09 
23.00 -8.34 7.44 
23.00 -8.55 6.81 
23.00 -8.52 5.30 
23.00 -7.26 5.93 
23.00 -8.74 8.48 
23.00 -8.21 6.17 
23.00 -8.74 6.42 
23.00 -8.74 6.64 
23.00 -8.49 5.16 
23.00 -8.49 6.11 
23.00 -8.68 5.67 
23.00 -8.61 6.76 
24.14 -7.26 5.79 
23.00 -8.49 7.25 
23.00 -8.71 5.78 
23.00 -8.61 5.70 
23.00 -8.61 5.76 
23.00 -8.61 8.11 
23.00 -8.68 4.61 
23.00 -8.74 6.26 
24.14 -8.55 6.97 
23.00 -8.74 7.31 
23.00 -8.80 4.88 
23.00 -7.88 6.54 
23.00 -8.34 6.04 
23.00 -8.61 5.69 
23.00 -8.46 6.27 
23.00 -8.61 6.36 
23.00 -8.68 5.94 
23.00 -8.61 7.31 
23.00 -8.34 6.16 
23.00 -8.46 7.16 
23.00 -8.40 3.92 
24.14 -9.72 6.86 
24.14 -8.61 6.54 
23.00 -8.49 6.20 
23.00 -8.55 5.21 
23.00 -8.55 7.94 
24.14 -8.74 8.34 
23.00 -8.49 5.69 
23.00 -8.52 5.56 
23.00 -8.61 6.28 
24.14 -8.55 6.15 
24.14 -8.74 6.19 
24.14 -8.55 5.65 
24.14 -8.68 7.09 
23.00 -8.46 6.82 
24.14 -8.52 5.20 
24.14 -8.64 7.36 
24.14 -8.55 6.67 
24.14 -8.28 7.73 
23.00 -8.80 5.06 
24.14 -8.86 5.62 
23.00 -8.55 7.12 
23.00 -8.74 6.65 
23.00 -8.61 5.21 
23.00 -8.68 5.16 
23.00 -8.46 6.13 
23.00 -8.80 6.77 
23.00 -8.61 5.37 
23.00 -8.40 5.59 
24.14 -7.94 6.36 
23.00 -8.95 6.12 
24.14 -8.09 6.91 
23.00 -8.68 7.88 
23.00 -8.46 5.28 
23.00 -7.84 6.32 
23.00 -8.46 6.07 
24.14 -8.92 7.20 
23.00 -8.34 5.49 
23.00 -8.80 5.44 
23.00 -8.55 6.50 
23.00 -9.69 6.23 
24.14 -8.68 6.63 
23.00 -8.49 6.87 
23.00 -8.89 4.74 
23.00 -8.68 5.41 
23.00 -8.61 5.59 
23.00 -8.68 5.88 
23.00 -8.80 4.84 
24.14 -8.49 5.33 
23.00 -8.46 6.27 
23.00 -8.68 6.55 
23.00 -8.77 7.16 
23.00 -8.34 5.40 
23.00 -8.15 6.01 
24.14 -8.34 6.25 
24.14 -8.77 5.58 
23.00 -8.46 6.57 
24.14 -8.68 6.75 
23.00 -8.40 7.21 
23.00 -8.40 5.52 
24.14 -8.40 5.37 
23.00 -8.40 6.30 
23.00 -8.68 5.98 
24.14 -8.74 6.19 
23.00 -8.74 6.99 
23.00 -8.80 6.03 
24.14 -8.34 5.98 
24.14 -9.23 5.75 
23.00 -8.34 6.07 
23.00 -8.40 6.05 
24.14 -8.55 7.26 
24.14 -8.34 6.88 
23.00 -8.61 7.04 
23.00 -8.64 4.98 
24.14 -8.95 6.94 
23.00 -8.68 5.81 
24.14 -8.49 5.48 
23.00 -8.68 6.15 
23.00 -8.89 6.79 
23.00 -8.68 4.91 
23.00 -8.83 5.23 
23.00 -8.92 5.77 
24.14 -8.61 6.26 
24.14 -8.77 5.93 
24.14 -8.89 6.43 
23.00 -7.26 7.01 
24.14 -8.46 8.56 
23.00 -8.55 5.79 
24.14 -8.49 5.96 
23.00 -8.74 5.38 
24.14 -8.46 5.67 
24.14 -8.49 2.77 
24.14 -8.89 5.70 
24.14 -8.86 6.04 
24.14 -8.68 6.01 
23.00 -8.68 8.15 
23.00 -8.74 7.31 
24.14 -8.49 7.04 
24.14 -8.49 7.01 
24.14 -8.68 6.54 
24.14 -8.21 5.42 
23.00 -8.64 5.05 
24.14 -8.21 2.88 
24.14 -8.49 5.32 
24.14 -8.68 6.04 
24.14 -8.49 6.70 
23.00 -8.74 5.47 
24.14 -8.68 6.51 
24.14 -8.68 5.56 
24.14 -8.55 5.90 
23.00 -8.34 6.60 
23.00 -8.89 8.37 
24.14 -8.55 6.40 
23.00 -8.89 5.83 
23.00 -8.55 7.24 
24.14 -8.46 5.82 
23.00 -8.28 5.99 
24.14 -8.49 7.15 
24.14 -8.61 6.71 
24.14 -8.86 6.43 
24.14 -8.49 5.90 
24.14 -8.40 7.00 
24.14 -8.46 6.88 
24.14 -8.86 6.59 
23.00 -8.55 6.13 
24.14 -8.80 7.66 
23.00 -8.74 7.30 
23.00 -8.71 7.16 
24.14 -9.97 5.27 
24.14 -8.89 5.17 
24.14 -8.61 5.51 
23.00 -8.49 4.72 
23.00 -9.08 5.00 
24.14 -8.83 5.25 
24.14 -9.11 5.74 
24.14 -7.32 5.79 
24.14 -7.97 6.42 
23.00 -8.74 5.77 
24.14 -8.40 5.46 
24.14 -8.34 6.40 
24.14 -8.68 5.69 
24.14 -8.80 5.82 
23.00 -8.92 5.91 
24.14 -8.61 6.54 
24.14 -8.21 7.90 
23.00 -8.28 7.66 
23.00 -8.55 6.94 
24.14 -8.55 7.27 
24.14 -8.46 6.99 
23.00 -8.49 6.52 
24.14 -8.71 6.61 
24.14 -8.55 7.35 
24.14 -8.95 6.49 
24.14 -8.68 5.97 
24.14 -8.49 6.19 
24.14 -8.61 6.18 
23.00 -7.69 6.12 
23.00 -8.68 5.88 
24.14 -8.46 6.03 
23.00 -8.55 6.56 
24.14 -8.34 6.55 
24.14 -8.40 5.81 
24.14 -8.95 7.13 
23.00 -8.21 6.85 
24.14 -8.74 7.01 
24.14 -9.63 6.65 
24.14 -8.21 5.90 
23.00 -8.74 5.63 
24.14 -8.74 5.66 
23.00 -8.74 5.22 
24.14 -8.74 6.16 
24.14 -9.51 6.31 
24.14 -8.61 5.55 
24.14 -7.51 6.42 
24.14 -8.74 7.01 
24.14 -8.55 5.80 
24.14 -8.61 5.86 
24.14 -8.40 5.46 
24.14 -10.64 5.30 
24.14 -8.74 5.18 
23.00 -8.34 5.09 
24.14 -8.74 6.04 
23.00 -8.40 5.75 
24.14 -8.61 5.39 
23.00 -8.49 5.30 
24.14 -8.80 6.64 
23.00 -8.46 7.25 
24.14 -8.49 7.92 
24.14 -8.74 6.16 
23.00 -8.68 5.54 
24.14 -8.55 6.15 
24.14 -8.86 5.69 
23.00 -8.95 6.11 
23.00 -8.86 6.29 
23.00 -9.69 6.17 
24.14 -8.46 6.01 
24.14 -8.52 4.83 
24.14 -8.12 5.87 
24.14 -9.88 5.50 
24.14 -9.69 5.33 
24.14 -8.83 4.96 
23.00 -8.46 5.05 
24.14 -9.14 6.24 
23.00 -8.86 7.20 
24.14 -10.09 6.77 
23.00 -8.46 6.11 
23.00 -9.01 6.33 
23.00 -8.89 6.89 
24.14 -8.61 7.23 
24.14 -8.95 6.68 
24.14 -8.89 7.67 
24.14 -9.11 5.23 
23.00 -8.74 6.34 
24.14 -8.86 5.20 
23.00 -8.89 5.28 
24.14 -8.71 5.25 
23.00 -8.68 5.83 
23.00 -8.68 4.98 
24.14 -9.11 5.91 
24.14 -8.68 6.74 
24.14 -8.74 7.31 
23.00 -8.68 6.79 
23.00 -7.32 5.50 
23.00 -8.80 6.63 
23.00 -8.80 6.81 
24.14 -10.24 6.46 
24.14 -8.49 5.71 
24.14 -8.74 4.95 
24.14 -8.74 5.48 
24.14 -8.49 7.47 
23.00 -8.46 7.06 
23.00 -8.49 6.23 
23.00 -9.97 5.50 
24.14 -9.97 5.90 
23.00 -8.80 5.48 
24.14 -8.46 6.50 
24.14 -8.74 5.93 
24.14 -8.61 7.83 
23.00 -8.74 6.32 
24.14 -8.61 6.86 
23.00 -8.68 6.37 
24.14 -8.89 5.95 
24.14 -8.46 6.32 
23.00 -8.80 5.50 
24.14 -8.46 5.78 
23.00 -8.49 6.23 
23.00 -8.89 5.37 
24.14 -8.55 6.93 
24.14 -8.15 6.82 
23.00 -8.80 6.15 
23.00 -8.40 3.58 
24.14 -8.86 6.26 
24.14 -8.61 5.19 
24.14 -8.49 7.71 
24.14 -8.80 7.00 
24.14 -8.95 6.74 
24.14 -8.28 2.81 
24.14 -8.95 5.20 
24.14 -8.80 6.22 
23.00 -8.34 7.24 
24.14 -8.49 5.91 
23.00 -8.21 6.18 
24.14 -6.83 5.75 
24.14 -8.80 6.18 
23.00 -8.55 5.66 
23.00 -8.15 6.60 
24.14 -8.80 6.98 
24.14 -8.74 5.84 
23.00 -8.34 5.88 
24.14 -8.49 5.30 
24.14 -8.92 5.16 
24.14 -8.80 6.50 
24.14 -8.46 5.32 
24.14 -8.40 6.96 
24.14 -8.86 5.82 
23.00 -8.74 5.45 
24.14 -8.74 6.99 
24.14 -8.49 5.49 
24.14 -8.49 5.07 
24.14 -8.68 7.03 
24.14 -8.46 6.54 
23.00 -8.68 5.90 
24.14 -8.55 5.69 
24.14 -8.61 5.07 
24.14 -9.41 7.47 
24.14 -8.61 6.04 
24.14 -8.80 5.44 
24.14 -8.74 4.99 
23.00 -8.86 4.73 
24.14 -8.74 7.64 
24.14 -8.49 6.60 
24.14 -8.80 5.74 
24.14 -8.49 4.97 
24.14 -8.95 5.35 
24.14 -8.40 6.53 
24.14 -7.51 6.36 
23.00 -8.89 6.16 
24.14 -9.14 5.49 
24.14 -8.61 7.00 
24.14 -7.44 6.74 
23.00 -8.80 5.80 
24.14 -8.68 6.09 
24.14 -8.61 5.73 
24.14 -8.89 6.06 
23.00 -8.61 5.34 
23.00 -8.86 6.19 
23.00 -8.86 6.11 
23.00 -7.63 5.82 
24.14 -8.68 5.62 
23.00 -8.77 4.89 
23.00 -8.89 6.40 
23.00 -8.86 6.08 
24.14 -9.04 5.15 
24.14 -8.86 5.83 
24.14 -10.03 6.96 
24.14 -8.68 5.84 
24.14 -8.61 5.76 
24.14 -8.46 5.46 
23.00 -8.40 7.41 
24.14 -8.61 7.26 
24.14 -8.68 6.09 
24.14 -8.68 7.88 
24.14 -8.74 6.49 
24.14 -8.68 5.84 
24.14 -8.40 6.05 
24.14 -8.68 5.40 
24.14 -8.86 6.11 
24.14 -8.58 6.54 
24.14 -8.40 6.40 
24.14 -8.55 5.36 
24.14 -8.80 7.53 
23.00 -8.80 5.83 
24.14 -8.74 5.23 
24.14 -8.86 5.23 
24.14 -8.28 7.30 
23.00 -8.40 5.88 
24.14 -8.55 5.91 
24.14 -10.24 5.57 
23.00 -8.86 7.61 
24.14 -8.89 6.17 
24.14 -8.55 6.42 
23.00 -9.01 4.83 
24.14 -8.80 7.63 
24.14 -8.74 6.26 
24.14 -8.89 5.58 
24.14 -8.68 5.84 
23.00 -9.69 6.67 
23.00 -8.68 6.14 
24.14 -8.80 5.36 
24.14 -9.78 8.71 
23.00 -8.43 6.10 
25.28 -8.21 6.08 
24.14 -8.55 6.35 
24.14 -8.68 6.96 
23.00 -8.55 6.72 
24.14 -7.44 7.67 
24.14 -8.74 7.82 
24.14 -8.68 6.67 
24.14 -8.21 5.81 
24.14 -8.49 7.51 
24.14 -8.68 5.31 
24.14 -8.80 4.97 
24.14 -8.86 6.87 
24.14 -8.55 5.70 
24.14 -8.61 5.94 
24.14 -8.55 7.39 
24.14 -8.61 5.34 
24.14 -8.74 5.60 
23.00 -8.80 5.63 
24.14 -8.80 5.10 
23.00 -7.08 7.12 
24.14 -9.97 7.23 
24.14 -8.61 5.49 
24.14 -8.49 6.72 
24.14 -8.74 6.20 
24.14 -8.95 5.31 
24.14 -8.86 6.23 
24.14 -8.49 7.45 
24.14 -8.80 5.62 
24.14 -8.49 6.70 
24.14 -8.40 6.02 
24.14 -8.61 6.37 
24.14 -7.97 6.69 
24.14 -8.55 5.63 
24.14 -8.68 5.46 
24.14 -8.74 5.78 
24.14 -8.28 6.10 
24.14 -9.01 4.71 
24.14 -9.69 6.13 
24.14 -8.80 5.98 
24.14 -8.55 5.77 
23.00 -8.61 6.86 
24.14 -8.40 5.91 
24.14 -9.84 6.96 
24.14 -8.83 5.97 
24.14 -7.69 5.13 
24.14 -8.80 5.46 
24.14 -8.55 6.36 
24.14 -8.61 6.23 
24.14 -8.49 5.81 
24.14 -8.74 7.72 
24.14 -9.35 6.56 
24.14 -8.46 5.46 
24.14 -8.80 6.46 
24.14 -8.61 5.43 
24.14 -8.86 7.65 
24.14 -8.92 5.89 
24.14 -7.94 5.60 
23.00 -8.40 7.39 
24.14 -8.55 6.45 
24.14 -8.55 5.45 
24.14 -9.01 6.24 
24.14 -8.74 5.51 
23.00 -8.68 5.22 
24.14 -8.68 5.98 
24.14 -8.46 6.10 
24.14 -8.74 7.10 
24.14 -8.61 6.30 
24.14 -8.86 5.75 
24.14 -8.46 6.43 
24.14 -8.49 6.38 
24.14 -9.78 6.91 
24.14 -8.61 6.17 
24.14 -8.49 5.56 
24.14 -8.89 5.95 
24.14 -8.46 6.44 
24.14 -8.68 8.76 
23.00 -8.68 6.36 
24.14 -8.74 7.80 
24.14 -8.74 6.94 
24.14 -8.86 5.38 
24.14 -8.86 5.74 
24.14 -9.01 5.17 
24.14 -8.55 8.20 
24.14 -8.46 7.29 
24.14 -8.61 7.13 
24.14 -8.55 6.36 
24.14 -8.55 5.72 
24.14 -8.74 6.72 
24.14 -8.55 5.50 
24.14 -8.89 6.83 
24.14 -7.04 5.78 
24.14 -8.46 5.82 
24.14 -8.61 6.19 
24.14 -8.95 5.11 
23.00 -8.74 6.57 
24.14 -8.61 5.74 
24.14 -7.72 4.85 
24.14 -8.55 6.56 
24.14 -8.61 5.97 
24.14 -8.74 6.06 
24.14 -8.68 5.97 
24.14 -9.08 6.22 
23.00 -8.68 6.03 
24.14 -8.68 7.36 
24.14 -8.95 5.44 
24.14 -8.46 6.02 
25.28 -8.80 6.04 
24.14 -8.49 6.07 
24.14 -8.86 6.40 
24.14 -8.95 5.24 
24.14 -8.86 7.12 
24.14 -8.68 6.68 
24.14 -8.86 5.14 
24.14 -8.68 6.81 
24.14 -8.86 5.55 
24.14 -9.08 7.32 
24.14 -9.14 5.27 
24.14 -9.01 6.74 
24.14 -8.74 6.44 
24.14 -8.80 7.90 
24.14 -8.89 5.72 
24.14 -8.68 6.17 
24.14 -9.63 6.38 
24.14 -8.86 5.20 
24.14 -8.86 5.87 
24.14 -9.01 5.05 
24.14 -7.23 7.86 
24.14 -8.55 6.04 
24.14 -8.37 6.79 
24.14 -7.26 6.11 
24.14 -9.11 6.80 
24.14 -8.80 5.41 
24.14 -8.68 7.37 
24.14 -9.01 7.18 
24.14 -10.12 7.18 
24.14 -9.20 5.40 
24.14 -7.75 8.47 
24.14 -7.63 7.31 
24.14 -8.95 8.17 
24.14 -9.35 7.63 
24.14 -8.80 8.93 
24.14 -8.52 8.06 
24.14 -7.57 9.45 
24.14 -9.75 5.29 
24.14 -8.55 7.21 
24.14 -7.38 5.86 
24.14 -10.28 5.59 
24.14 -8.80 6.41 
24.14 -8.68 5.77 
24.14 -8.55 7.12 
24.14 -8.61 7.55 
24.14 -9.11 6.14 
24.14 -8.74 5.61 
24.14 -9.01 5.64 
24.14 -10.00 6.69 
24.14 -9.08 5.67 
24.14 -8.46 6.52 
24.14 -8.80 5.91 
24.14 -8.40 5.57 
24.14 -9.01 6.10 
24.14 -8.68 6.31 
24.14 -8.68 5.96 
24.14 -8.40 6.41 
24.14 -8.55 7.99 
24.14 -8.83 7.91 
24.14 -10.09 5.67 
24.14 -8.55 7.57 
24.14 -8.86 5.22 
24.14 -8.95 7.38 
24.14 -8.86 5.92 
24.14 -9.08 6.57 
24.14 -8.55 5.82 
25.28 -7.08 6.56 
24.14 -8.86 5.22 
24.14 -10.86 5.98 
23.00 -8.89 5.52 
25.28 -8.95 7.07 
24.14 -7.66 5.56 
24.14 -8.80 6.37 
24.14 -8.68 6.38 
24.14 -7.60 7.12 
24.14 -9.01 5.27 
24.14 -8.46 5.84 
24.14 -9.08 5.17 
24.14 -8.46 5.81 
24.14 -9.66 6.17 
24.14 -9.08 5.46 
24.14 -9.08 5.58 
23.00 -8.80 5.45 
24.14 -9.29 7.25 
24.14 -8.89 5.34 
24.14 -8.49 7.04 
24.14 -8.49 5.47 
24.14 -8.68 7.00 
24.14 -8.80 5.35 
24.14 -8.61 9.66 
24.14 -8.68 6.94 
24.14 -8.68 6.10 
24.14 -8.49 5.26 
24.14 -8.74 5.98 
24.14 -8.55 8.72 
24.14 -8.68 6.07 
24.14 -8.95 6.53 
24.14 -8.61 5.47 
24.14 -8.61 6.11 
24.14 -8.49 6.93 
24.14 -8.80 5.73 
24.14 -8.74 5.38 
25.28 -8.80 5.69 
24.14 -8.49 7.03 
24.14 -8.49 6.04 
24.14 -8.86 5.65 
24.14 -8.61 7.15 
24.14 -8.68 6.98 
25.28 -8.80 5.17 
24.14 -8.74 6.04 
24.14 -8.55 5.36 
24.14 -10.18 6.44 
25.28 -8.55 7.90 
24.14 -8.74 5.87 
24.14 -8.49 6.40 
24.14 -8.40 5.35 
24.14 -8.74 6.14 
24.14 -9.72 8.04 
24.14 -8.40 5.67 
24.14 -8.15 6.39 
25.28 -8.74 5.67 
24.14 -8.74 5.80 
24.14 -11.04 7.06 
24.14 -7.57 6.03 
25.28 -8.40 6.85 
24.14 -10.24 5.11 
24.14 -8.89 6.36 
24.14 -8.86 7.96 
24.14 -8.89 5.81 
24.14 -9.97 7.11 
24.14 -8.80 6.00 
24.14 -9.08 6.20 
24.14 -8.68 5.86 
24.14 -8.46 5.89 
24.14 -8.61 4.84 
24.14 -8.49 6.11 
24.14 -8.61 6.68 
24.14 -8.86 5.54 
24.14 -8.92 6.49 
24.14 -8.89 5.50 
24.14 -8.95 7.00 
25.28 -8.52 5.11 
24.14 -8.89 6.15 
24.14 -9.14 6.48 
25.28 -8.95 5.16 
25.28 -8.92 6.16 
24.14 -9.14 6.64 
24.14 -8.74 5.46 
24.14 -8.61 6.12 
24.14 -8.46 7.09 
24.14 -8.06 5.55 
24.14 -7.84 6.67 
24.14 -8.89 7.40 
24.14 -8.55 6.56 
24.14 -8.55 6.26 
24.14 -8.86 5.18 
24.14 -8.89 5.78 
24.14 -8.40 7.44 
24.14 -8.34 6.01 
24.14 -9.48 6.11 
24.14 -8.03 4.40 
24.14 -8.55 6.06 
24.14 -8.55 5.94 
24.14 -8.55 7.58 
24.14 -8.68 5.82 
24.14 -8.86 6.59 
24.14 -7.38 6.93 
24.14 -8.40 6.66 
24.14 -8.55 7.86 
24.14 -8.74 7.01 
24.14 -8.95 5.69 
24.14 -8.80 7.08 
24.14 -8.61 5.36 
24.14 -8.49 5.98 
25.28 -8.80 6.64 
24.14 -8.68 5.29 
24.14 -10.09 6.09 
24.14 -8.55 7.31 
24.14 -8.89 4.91 
25.28 -8.34 7.23 
24.14 -8.55 6.49 
24.14 -9.20 4.85 
24.14 -8.68 7.05 
24.14 -8.55 6.73 
24.14 -8.52 6.95 
24.14 -8.61 8.43 
24.14 -8.61 7.07 
24.14 -8.49 7.56 
24.14 -8.74 6.13 
24.14 -9.72 5.94 
24.14 -9.11 6.32 
25.28 -8.61 5.38 
24.14 -9.38 6.29 
24.14 -8.71 6.17 
24.14 -9.72 5.51 
24.14 -8.74 5.35 
24.14 -8.49 6.91 
24.14 -8.95 6.77 
24.14 -10.83 5.16 
24.14 -9.14 6.37 
24.14 -8.68 5.49 
24.14 -9.97 6.40 
24.14 -8.49 6.59 
24.14 -8.86 6.50 
24.14 -8.68 5.25 
24.14 -9.08 6.56 
24.14 -8.89 5.92 
24.14 -8.61 5.80 
25.28 -8.86 7.48 
25.28 -8.68 5.30 
24.14 -8.61 5.26 
24.14 -8.74 7.53 
24.14 -9.20 6.71 
24.14 -9.23 5.36 
24.14 -8.86 6.05 
24.14 -8.86 6.28 
24.14 -8.49 5.38 
24.14 -8.55 6.32 
24.14 -8.74 6.58 
24.14 -8.80 7.34 
25.28 -9.94 5.74 
25.28 -8.61 6.04 
25.28 -9.11 6.22 
24.14 -8.86 6.33 
25.28 -8.86 5.53 
24.14 -8.74 6.38 
24.14 -8.55 6.61 
24.14 -8.68 7.53 
24.14 -9.08 5.37 
24.14 -8.89 5.68 
24.14 -8.95 6.89 
24.14 -9.41 6.71 
24.14 -8.61 6.70 
24.14 -9.23 5.21 
25.28 -8.89 6.03 
25.28 -9.20 8.03 
24.14 -8.55 5.59 
24.14 -8.61 5.69 
25.28 -8.95 6.77 
24.14 -8.03 4.97 
24.14 -7.97 5.80 
24.14 -7.51 6.25 
24.14 -8.80 7.29 
24.14 -8.55 5.98 
24.14 -8.86 5.37 
24.14 -8.61 6.65 
25.28 -8.74 6.63 
25.28 -9.44 5.47 
24.14 -8.61 5.75 
24.14 -8.95 6.72 
24.14 -8.86 7.97 
24.14 -8.74 8.49 
24.14 -8.80 6.05 
24.14 -8.49 7.67 
24.14 -8.49 6.96 
24.14 -8.49 7.30 
24.14 -7.23 6.99 
24.14 -8.80 6.72 
25.28 -8.61 8.19 
24.14 -8.89 7.97 
24.14 -8.89 8.02 
24.14 -8.80 5.62 
24.14 -8.74 7.27 
24.14 -7.26 7.06 
24.14 -8.46 6.00 
24.14 -8.74 5.50 
24.14 -8.49 6.20 
24.14 -8.55 7.14 
25.28 -8.80 6.84 
24.14 -8.61 5.39 
24.14 -8.74 6.16 
24.14 -8.89 6.75 
24.14 -8.80 7.43 
24.14 -9.08 6.77 
24.14 -10.18 6.81 
24.14 -8.74 5.69 
24.14 -8.46 6.92 
25.28 -8.49 7.01 
24.14 -8.68 7.05 
24.14 -9.01 7.31 
24.14 -8.46 6.01 
24.14 -8.68 6.14 
24.14 -8.80 6.61 
24.14 -8.86 7.66 
24.14 -8.40 5.91 
24.14 -7.32 6.57 
25.28 -8.74 5.94 
24.14 -8.86 7.59 
24.14 -8.46 8.68 
24.14 -8.40 6.06 
25.28 -8.68 5.82 
24.14 -8.61 5.85 
24.14 -8.68 6.70 
23.00 -8.68 8.88 
24.14 -8.80 5.30 
24.14 -8.46 6.47 
24.14 -8.68 7.24 
25.28 -8.49 7.59 
24.14 -8.61 5.53 
24.14 -8.49 5.70 
24.14 -8.61 7.28 
24.14 -8.40 6.73 
24.14 -8.49 7.12 
25.28 -8.55 8.41 
25.28 -8.68 6.25 
24.14 -8.68 5.08 
24.14 -8.68 6.19 
25.28 -8.74 7.29 
24.14 -8.61 6.81 
24.14 -8.68 8.56 
24.14 -8.74 4.88 
24.14 -8.49 5.28 
24.14 -8.49 5.92 
24.14 -8.55 6.27 
24.14 -8.55 6.78 
25.28 -8.03 6.99 
24.14 -8.61 7.72 
24.14 -8.49 8.07 
24.14 -8.61 5.18 
25.28 -8.68 6.31 
24.14 -8.89 6.00 
24.14 -8.34 6.41 
25.28 -8.61 5.70 
24.14 -8.46 6.52 
24.14 -8.61 7.75 
24.14 -8.34 5.70 
25.28 -8.68 6.16 
24.14 -8.68 6.11 
25.28 -8.80 5.64 
24.14 -10.64 7.34 
24.14 -8.80 8.93 
25.28 -8.80 5.25 
24.14 -8.55 6.03 
24.14 -8.61 5.51 
24.14 -9.01 5.83 
24.14 -8.34 6.85 
24.14 -8.74 7.69 
25.28 -8.86 6.58 
24.14 -8.89 7.77 
24.14 -8.98 6.88 
24.14 -9.04 4.82 
25.28 -9.01 5.83 
25.28 -8.49 5.92 
24.14 -8.86 6.13 
24.14 -10.74 6.63 
24.14 -8.55 7.20 
24.14 -8.49 5.53 
25.28 -8.74 6.14 
24.14 -8.68 5.55 
24.14 -8.80 5.22 
24.14 -8.83 6.70 
25.28 -8.55 7.13 
24.14 -8.80 8.08 
25.28 -8.89 7.85 
24.14 -6.77 5.40 
25.28 -8.95 5.89 
24.14 -8.28 8.18 
24.14 -8.64 5.17 
24.14 -8.46 5.63 
24.14 -9.01 6.74 
24.14 -8.55 5.03 
25.28 -8.92 5.18 
24.14 -8.28 5.56 
25.28 -8.74 5.44 
24.14 -8.83 5.68 
24.14 -7.51 6.22 
24.14 -8.49 6.16 
24.14 -8.95 7.18 
24.14 -7.51 8.11 
24.14 -8.80 7.27 
24.14 -6.64 5.64 
25.28 -9.20 5.33 
24.14 -8.34 5.98 
24.14 -8.95 5.81 
24.14 -8.86 6.25 
24.14 -8.80 7.80 
24.14 -8.61 5.79 
24.14 -9.84 6.36 
24.14 -8.61 7.46 
24.14 -8.74 7.31 
25.28 -8.74 7.35 
24.14 -8.68 5.36 
24.14 -8.46 5.76 
25.28 -8.95 5.42 
25.28 -9.01 5.74 
24.14 -8.86 5.46 
25.28 -8.61 6.76 
25.28 -8.95 6.21 
24.14 -8.95 6.68 
24.14 -9.14 6.75 
25.28 -8.95 8.20 
24.14 -8.49 5.86 
25.28 -8.77 5.23 
24.14 -8.74 7.04 
25.28 -8.68 5.71 
24.14 -8.49 5.95 
25.28 -8.61 6.27 
24.14 -8.98 6.68 
25.28 -8.74 8.16 
25.28 -8.86 6.17 
24.14 -8.34 7.00 
24.14 -8.89 7.54 
24.14 -8.49 7.31 
24.14 -8.74 8.76 
24.14 -8.34 5.14 
25.28 -8.52 5.28 
25.28 -8.74 6.52 
24.14 -8.95 5.45 
24.14 -8.89 5.33 
25.28 -8.68 5.59 
25.28 -8.89 5.36 
25.28 -8.55 7.27 
25.28 -8.80 5.29 
24.14 -8.68 5.89 
24.14 -8.95 6.59 
25.28 -9.01 6.36 
25.28 -8.61 7.41 
24.14 -8.46 6.31 
24.14 -8.74 6.19 
24.14 -9.14 6.55 
25.28 -8.80 5.49 
24.14 -8.89 5.93 
24.14 -8.95 6.38 
25.28 -8.40 7.33 
24.14 -9.01 7.26 
25.28 -8.74 8.61 
24.14 -8.74 5.79 
24.14 -9.08 5.04 
24.14 -8.68 5.67 
24.14 -8.95 6.15 
24.14 -8.61 5.50 
25.28 -8.61 5.92 
24.14 -8.80 5.51 
25.28 -8.68 5.72 
24.14 -8.49 6.48 
25.28 -9.01 6.20 
25.28 -8.55 5.62 
25.28 -8.80 5.70 
24.14 -8.74 5.61 
24.14 -8.74 7.61 
25.28 -8.89 6.18 
24.14 -9.01 7.04 
24.14 -8.74 6.88 
24.14 -8.55 7.65 
24.14 -8.55 5.85 
25.28 -8.46 5.94 
24.14 -8.55 6.08 
25.28 -8.64 7.21 
24.14 -8.86 7.11 
24.14 -8.40 6.04 
25.28 -8.95 6.10 
25.28 -8.46 6.26 
24.14 -8.49 6.12 
25.28 -8.68 7.17 
25.28 -8.55 8.01 
24.14 -10.24 5.48 
24.14 -8.74 5.85 
25.28 -8.95 8.42 
24.14 -8.74 5.77 
24.14 -9.14 5.66 
25.28 -8.86 7.23 
24.14 -8.77 4.77 
24.14 -9.23 4.91 
25.28 -8.46 6.41 
24.14 -8.68 5.54 
25.28 -8.89 5.36 
25.28 -8.89 5.69 
24.14 -8.74 6.20 
25.28 -8.74 5.19 
24.14 -7.94 6.09 
24.14 -8.40 6.23 
24.14 -8.86 5.36 
25.28 -8.74 6.76 
24.14 -8.74 5.73 
24.14 -8.89 5.76 
24.14 -9.01 5.90 
24.14 -9.01 6.95 
24.14 -9.08 6.85 
24.14 -8.68 7.33 
25.28 -8.80 5.55 
24.14 -8.46 5.94 
25.28 -8.74 5.48 
24.14 -8.74 5.65 
25.28 -8.74 6.13 
25.28 -8.89 5.55 
25.28 -8.80 5.03 
25.28 -9.01 5.05 
24.14 -8.86 6.27 
25.28 -8.40 5.27 
24.14 -8.64 5.06 
24.14 -8.86 5.30 
25.28 -8.74 6.62 
24.14 -8.46 8.10 
24.14 -8.86 6.58 
25.28 -8.46 7.15 
24.14 -8.68 6.58 
24.14 -8.80 5.80 
25.28 -8.68 6.66 
25.28 -8.34 7.32 
25.28 -8.49 6.93 
25.28 -8.86 5.89 
24.14 -8.80 6.28 
25.28 -8.74 5.19 
25.28 -8.18 5.45 
25.28 -8.55 5.30 
24.14 -8.74 6.86 
25.28 -8.61 6.04 
24.14 -8.61 8.35 
24.14 -8.46 6.57 
25.28 -8.68 6.25 
25.28 -7.01 8.24 
25.28 -8.55 5.56 
25.28 -8.61 6.39 
24.14 -8.74 7.04 
24.14 -9.20 5.67 
25.28 -8.86 5.76 
24.14 -8.74 4.89 
25.28 -8.89 5.14 
25.28 -8.89 7.63 
24.14 -8.95 5.49 
25.28 -9.01 5.62 
25.28 -8.74 5.14 
25.28 -9.17 4.97 
25.28 -8.40 8.00 
24.14 -8.61 7.45 
25.28 -8.89 6.86 
25.28 -8.55 6.08 
25.28 -9.01 5.92 
25.28 -8.34 6.44 
25.28 -8.86 6.20 
24.14 -8.86 5.48 
24.14 -8.95 5.61 
24.14 -8.86 6.01 
25.28 -9.01 7.40 
24.14 -8.68 4.94 
25.28 -8.55 5.26 
25.28 -8.89 6.07 
25.28 -8.58 6.50 
25.28 -8.95 7.76 
24.14 -8.95 5.94 
25.28 -8.61 5.50 
25.28 -8.55 5.75 
24.14 -8.86 6.01 
25.28 -8.74 5.72 
25.28 -9.14 4.95 
25.28 -8.68 5.65 
25.28 -9.14 7.07 
24.14 -8.86 6.92 
25.28 -8.61 7.19 
25.28 -8.74 5.84 
25.28 -9.14 5.72 
25.28 -8.40 5.82 
25.28 -8.89 5.97 
25.28 -8.80 5.18 
24.14 -8.89 6.45 
24.14 -9.04 5.15 
25.28 -8.80 7.59 
25.28 -8.95 6.59 
25.28 -8.68 5.86 
25.28 -8.37 6.59 
25.28 -8.46 6.17 
25.28 -8.61 6.00 
25.28 -9.08 5.55 
25.28 -10.18 5.33 
25.28 -8.55 6.60 
25.28 -9.20 4.92 
24.14 -8.86 6.63 
24.14 -10.28 5.97 
25.28 -8.28 7.39 
24.14 -8.55 5.82 
25.28 -8.55 6.11 
25.28 -9.69 5.95 
25.28 -9.01 6.71 
25.28 -9.01 8.55 
25.28 -8.68 7.46 
25.28 -9.01 7.42 
25.28 -8.86 5.33 
25.28 -8.89 5.27 
25.28 -8.46 7.73 
24.14 -8.89 5.33 
24.14 -8.89 5.63 
25.28 -8.74 8.83 
25.28 -8.95 6.75 
25.28 -8.86 6.90 
25.28 -8.95 7.70 
24.14 -9.01 7.10 
25.28 -8.80 7.75 
24.14 -8.95 5.27 
25.28 -8.89 6.83 
24.14 -8.86 8.66 
25.28 -8.89 6.61 
25.28 -8.86 6.29 
25.28 -8.61 5.88 
25.28 -10.09 5.01 
25.28 -8.80 5.76 
25.28 -8.95 7.87 
25.28 -8.46 7.52 
25.28 -7.63 6.08 
25.28 -9.01 5.81 
25.28 -9.38 6.08 
25.28 -8.86 5.55 
25.28 -8.86 6.66 
25.28 -9.23 8.57 
25.28 -8.89 6.51 
25.28 -9.11 5.51 
24.14 -8.80 6.18 
25.28 -8.89 5.04 
25.28 -9.04 4.89 
24.14 -8.95 6.76 
25.28 -8.55 7.01 
25.28 -11.41 7.47 
25.28 -8.68 8.70 
25.28 -8.46 5.51 
25.28 -8.89 5.23 
25.28 -9.23 4.83 
25.28 -9.08 6.60 
25.28 -8.61 7.13 
25.28 -8.80 6.22 
25.28 -8.74 5.75 
25.28 -8.86 5.31 
24.14 -8.58 5.08 
26.42 -8.74 7.78 
25.28 -8.40 7.20 
24.14 -8.74 6.73 
25.28 -9.08 5.43 
25.28 -9.20 4.88 
24.14 -8.89 5.47 
24.14 -8.68 7.13 
25.28 -7.84 6.11 
25.28 -8.40 5.71 
25.28 -8.95 5.28 
25.28 -9.14 6.94 
25.28 -8.40 6.07 
25.28 -8.95 6.13 
25.28 -8.68 5.47 
25.28 -8.80 5.28 
24.14 -9.11 7.62 
25.28 -8.61 6.16 
24.14 -8.55 5.91 
25.28 -9.35 5.25 
24.14 -8.80 5.38 
25.28 -8.28 7.11 
25.28 -9.23 7.08 
25.28 -8.74 5.26 
25.28 -8.86 5.67 
25.28 -9.08 8.39 
25.28 -8.89 8.22 
25.28 -8.95 7.49 
25.28 -8.89 6.83 
25.28 -8.74 5.12 
25.28 -9.01 9.09 
25.28 -8.98 7.75 
25.28 -9.14 7.08 
24.14 -9.14 6.69 
25.28 -8.34 7.18 
25.28 -8.74 7.65 
25.28 -8.80 6.00 
25.28 -8.86 9.50 
24.14 -9.72 8.31 
25.28 -8.28 6.22 
24.14 -8.86 7.33 
25.28 -9.23 8.50 
25.28 -8.95 8.09 
26.42 -8.74 7.20 
25.28 -9.29 6.49 
25.28 -8.68 7.75 
25.28 -9.14 6.44 
25.28 -8.86 23.96 
25.28 -8.86 6.74 
25.28 -8.49 6.70 
25.28 -8.98 7.34 
25.28 -8.40 7.19 
25.28 -9.23 6.55 
25.28 -8.55 7.03 
25.28 -8.46 5.77 
25.28 -8.89 5.43 
25.28 -8.95 6.97 
25.28 -10.49 6.54 
25.28 -8.95 7.15 
25.28 -9.08 5.44 
25.28 -9.20 7.46 
25.28 -8.95 6.76 
25.28 -9.08 5.48 
25.28 -8.55 7.60 
25.28 -7.78 5.48 
25.28 -9.20 8.49 
25.28 -8.95 7.64 
24.14 -9.57 6.99 
24.14 -8.68 7.00 
25.28 -8.80 8.58 
25.28 -9.14 7.18 
25.28 -8.80 5.34 
24.14 -9.14 7.99 
25.28 -8.86 7.26 
25.28 -8.68 7.08 
25.28 -9.14 7.97 
25.28 -9.01 8.44 
25.28 -8.00 6.05 
25.28 -9.84 5.87 
25.28 -7.72 5.79 
25.28 -8.86 7.36 
24.14 -8.68 5.43 
25.28 -8.74 5.01 
25.28 -10.09 7.49 
25.28 -7.84 6.90 
25.28 -9.57 6.30 
25.28 -8.89 5.48 
25.28 -8.49 7.50 
25.28 -8.49 6.03 
25.28 -8.68 5.70 
25.28 -8.80 5.83 
25.28 -9.26 4.79 
24.14 -8.89 7.62 
25.28 -8.28 6.29 
25.28 -9.01 5.56 
24.14 -9.08 5.23 
25.28 -8.68 7.82 
24.14 -9.14 5.66 
25.28 -8.18 5.98 
25.28 -8.68 6.73 
25.28 -8.86 6.03 
25.28 -8.86 9.09 
25.28 -9.01 6.88 
25.28 -7.38 6.21 
25.28 -9.01 8.34 
25.28 -9.48 5.87 
25.28 -8.86 6.60 
25.28 -8.74 5.23 
24.14 -8.68 7.16 
25.28 -9.97 7.88 
25.28 -8.61 7.01 
25.28 -8.74 7.23 
25.28 -9.01 5.11 
25.28 -6.83 6.64 
25.28 -8.46 7.09 
24.14 -8.61 6.10 
24.14 -9.08 5.22 
25.28 -7.66 7.24 
25.28 -9.81 6.09 
25.28 -8.55 7.36 
26.42 -8.68 8.94 
25.28 -8.80 6.08 
25.28 -9.01 6.66 
25.28 -10.55 7.14 
25.28 -8.80 6.91 
25.28 -8.68 5.49 
25.28 -8.68 6.83 
25.28 -10.43 6.97 
25.28 -9.63 4.86 
24.14 -8.68 6.39 
25.28 -8.61 6.95 
25.28 -8.80 7.33 
25.28 -8.89 8.66 
25.28 -8.68 5.92 
25.28 -8.68 6.99 
26.42 -8.86 7.30 
25.28 -8.95 5.39 
25.28 -8.95 8.66 
25.28 -7.51 6.18 
25.28 -6.89 5.88 
25.28 -8.95 8.91 
24.14 -9.17 7.06 
25.28 -9.08 9.77 
25.28 -10.15 6.16 
25.28 -8.49 5.49 
25.28 -8.18 6.51 
25.28 -8.61 6.27 
25.28 -7.32 5.95 
25.28 -9.04 8.47 
25.28 -9.11 5.49 
25.28 -9.23 6.71 
24.14 -7.26 7.86 
25.28 -9.08 5.81 
25.28 -7.44 6.61 
25.28 -10.34 5.72 
25.28 -8.98 8.70 
25.28 -8.61 7.08 
25.28 -10.03 6.44 
25.28 -8.74 4.75 
24.14 -8.89 7.00 
25.28 -8.80 7.65 
25.28 -8.64 8.80 
24.14 -8.61 7.79 
25.28 -9.01 7.70 
24.14 -9.72 8.65 
25.28 -8.86 8.47 
25.28 -8.46 7.33 
25.28 -8.95 8.06 
25.28 -8.89 7.37 
26.42 -8.49 7.20 
25.28 -10.92 7.27 
25.28 -8.37 4.83 
25.28 -7.32 6.56 
25.28 -8.80 7.39 
25.28 -9.01 6.91 
25.28 -8.40 7.93 
25.28 -8.49 5.83 
25.28 -8.89 7.39 
25.28 -8.55 7.03 
25.28 -8.95 8.32 
25.28 -8.86 6.86 
25.28 -8.77 7.51 
25.28 -9.91 8.20 
25.28 -8.80 6.83 
25.28 -8.49 6.45 
25.28 -7.26 7.26 
25.28 -8.95 7.47 
25.28 -9.01 7.79 
24.14 -9.01 6.10 
25.28 -9.01 8.54 
25.28 -7.78 7.40 
25.28 -8.49 7.85 
25.28 -9.01 6.14 
25.28 -8.49 5.75 
25.28 -8.61 7.07 
25.28 -10.12 7.79 
25.28 -8.15 5.15 
25.28 -8.40 6.45 
25.28 -8.95 7.41 
25.28 -8.95 6.79 
25.28 -9.08 5.42 
25.28 -8.95 7.03 
25.28 -9.08 6.49 
25.28 -8.89 6.85 
25.28 -9.51 7.70 
25.28 -10.43 5.28 
25.28 -8.80 6.76 
25.28 -9.20 7.13 
25.28 -8.86 6.81 
24.14 -9.69 5.48 
25.28 -9.23 7.37 
25.28 -8.80 6.89 
25.28 -9.20 4.82 
25.28 -8.61 6.06 
25.28 -8.34 7.35 
25.28 -8.64 6.29 
25.28 -8.68 6.29 
25.28 -8.95 7.56 
25.28 -8.86 7.30 
25.28 -9.20 4.95 
25.28 -8.86 7.02 
25.28 -8.89 5.54 
25.28 -8.80 5.39 
25.28 -8.37 5.96 
25.28 -9.63 6.06 
25.28 -10.09 7.85 
25.28 -8.92 7.36 
25.28 -8.86 6.91 
25.28 -8.80 7.38 
25.28 -10.92 8.50 
25.28 -9.35 6.82 
25.28 -8.89 6.84 
25.28 -8.86 8.14 
25.28 -8.86 6.59 
24.14 -9.14 7.67 
25.28 -9.14 7.78 
25.28 -8.61 7.05 
24.14 -8.86 8.04 
25.28 -8.61 5.72 
25.28 -8.89 7.29 
25.28 -9.08 7.56 
25.28 -9.38 6.95 
25.28 -8.86 6.97 
25.28 -9.01 6.72 
25.28 -8.89 6.50 
25.28 -7.26 7.43 
25.28 -8.86 5.03 
25.28 -9.01 8.97 
25.28 -8.55 5.80 
25.28 -9.01 7.54 
25.28 -8.86 6.00 
25.28 -9.01 7.11 
25.28 -6.83 7.68 
25.28 -7.63 7.26 
25.28 -8.86 8.14 
25.28 -8.86 7.62 
25.28 -8.89 7.73 
25.28 -9.01 7.59 
25.28 -9.01 7.77 
25.28 -9.14 6.29 
25.28 -8.55 7.08 
25.28 -8.86 5.19 
25.28 -9.20 8.59 
25.28 -9.14 7.87 
25.28 -9.01 6.86 
25.28 -9.63 7.42 
25.28 -9.20 7.01 
25.28 -9.08 6.27 
25.28 -8.61 8.39 
25.28 -8.61 5.59 
25.28 -9.01 6.99 
25.28 -7.72 7.81 
25.28 -8.46 7.17 
25.28 -8.74 5.94 
25.28 -7.88 7.97 
25.28 -8.55 5.83 
25.28 -7.23 6.22 
25.28 -9.14 9.91 
25.28 -9.20 7.46 
25.28 -8.74 8.34 
25.28 -8.74 5.47 
24.14 -8.68 8.52 
25.28 -8.92 6.32 
25.28 -9.14 5.29 
25.28 -7.84 7.86 
25.28 -8.61 5.65 
25.28 -9.14 6.68 
25.28 -8.68 5.86 
25.28 -9.32 8.09 
25.28 -9.01 7.14 
25.28 -8.86 6.36 
25.28 -8.89 5.67 
25.28 -8.49 7.12 
25.28 -8.95 8.76 
25.28 -8.80 5.49 
25.28 -8.61 6.84 
25.28 -9.14 6.88 
25.28 -8.95 5.98 
25.28 -9.26 7.17 
25.28 -10.43 7.83 
25.28 -9.01 6.97 
25.28 -8.95 6.33 
25.28 -8.61 7.50 
25.28 -8.06 5.74 
25.28 -8.80 7.00 
26.42 -8.74 6.52 
25.28 -8.95 7.09 
25.28 -8.89 5.72 
25.28 -8.89 6.03 
25.28 -9.20 7.61 
25.28 -9.41 5.18 
25.28 -9.01 5.94 
25.28 -7.51 5.58 
25.28 -8.46 7.59 
25.28 -9.14 5.44 
26.42 -9.01 6.03 
25.28 -8.49 7.61 
25.28 -8.86 6.84 
26.42 -8.86 5.70 
25.28 -8.89 6.96 
26.42 -8.95 7.36 
25.28 -8.80 7.94 
25.28 -8.74 8.27 
25.28 -8.89 7.68 
25.28 -8.40 6.12 
25.28 -8.98 7.57 
25.28 -8.61 7.26 
25.28 -10.18 6.93 
25.28 -8.46 6.46 
25.28 -8.80 5.76 
25.28 -8.86 5.70 
25.28 -9.14 7.44 
26.42 -9.04 7.24 
25.28 -10.09 5.42 
25.28 -9.57 5.26 
24.14 -9.14 7.33 
25.28 -8.86 5.99 
25.28 -8.80 7.07 
25.28 -8.68 5.66 
24.14 -8.89 5.47 
25.28 -8.95 8.27 
25.28 -8.49 6.03 
25.28 -8.74 5.43 
25.28 -9.08 6.07 
25.28 -8.74 6.22 
26.42 -8.86 8.50 
25.28 -9.84 6.11 
25.28 -8.86 4.98 
25.28 -8.80 5.50 
25.28 -8.74 7.11 
24.14 -8.95 6.20 
25.28 -8.68 6.96 
24.14 -8.95 7.33 
25.28 -8.55 6.02 
25.28 -8.74 7.72 
25.28 -9.11 4.84 
25.28 -9.97 5.89 
25.28 -8.80 6.71 
26.42 -8.86 5.61 
24.14 -8.61 6.47 
25.28 -8.40 5.52 
25.28 -8.95 7.40 
25.28 -10.71 7.21 
25.28 -9.14 5.60 
25.28 -9.23 6.69 
25.28 -8.46 5.34 
25.28 -9.08 7.43 
25.28 -9.20 5.68 
25.28 -9.11 5.28 
25.28 -9.14 7.80 
25.28 -9.72 6.59 
25.28 -8.86 6.42 
25.28 -8.95 6.99 
25.28 -8.43 6.34 
25.28 -8.46 7.86 
25.28 -8.68 5.37 
25.28 -8.95 7.00 
25.28 -9.08 5.64 
25.28 -8.86 6.74 
25.28 -9.08 6.26 
24.14 -9.08 5.53 
25.28 -8.77 5.36 
25.28 -9.20 5.42 
25.28 -8.74 5.60 
25.28 -8.49 6.99 
25.28 -8.74 6.43 
25.28 -8.64 5.21 
25.28 -8.68 7.45 
25.28 -9.01 5.95 
25.28 -9.01 6.07 
25.28 -8.68 6.04 
25.28 -9.01 5.34 
25.28 -8.86 6.43 
25.28 -8.68 5.87 
25.28 -8.86 5.61 
25.28 -8.46 7.38 
26.42 -7.57 5.98 
25.28 -9.91 6.80 
25.28 -8.92 7.59 
25.28 -8.74 5.25 
25.28 -8.74 5.75 
25.28 -9.14 5.32 
25.28 -8.55 6.59 
25.28 -8.86 5.71 
26.42 -8.40 5.70 
25.28 -8.74 5.48 
25.28 -8.95 5.87 
25.28 -9.35 5.74 
25.28 -8.68 7.01 
26.42 -8.80 7.43 
26.42 -8.95 5.73 
25.28 -9.01 6.39 
25.28 -9.08 7.26 
25.28 -8.95 5.12 
26.42 -8.89 7.12 
26.42 -8.55 7.29 
25.28 -8.95 5.80 
25.28 -8.89 6.25 
25.28 -8.74 6.86 
26.42 -8.80 5.69 
24.14 -8.61 6.49 
25.28 -9.32 6.57 
26.42 -8.55 5.73 
25.28 -8.49 6.11 
25.28 -8.80 6.30 
25.28 -8.74 4.93 
25.28 -8.89 6.30 
25.28 -8.86 9.44 
25.28 -9.14 6.95 
25.28 -8.95 6.22 
25.28 -8.74 6.86 
25.28 -8.89 5.00 
25.28 -9.11 7.08 
25.28 -8.80 8.11 
24.14 -7.57 5.50 
25.28 -9.01 7.00 
25.28 -8.86 6.31 
25.28 -8.89 5.00 
25.28 -8.80 5.17 
25.28 -9.01 6.59 
25.28 -8.86 6.22 
26.42 -10.24 6.34 
25.28 -8.80 7.86 
25.28 -9.29 5.28 
25.28 -8.61 6.16 
25.28 -9.26 6.00 
25.28 -8.80 5.00 
26.42 -8.89 6.52 
25.28 -8.89 5.88 
25.28 -9.01 7.17 
25.28 -9.29 5.43 
25.28 -9.20 8.01 
25.28 -8.55 7.42 
25.28 -9.91 4.95 
25.28 -9.14 6.41 
25.28 -8.89 6.62 
24.14 -9.14 6.21 
25.28 -8.95 6.23 
25.28 -9.26 8.04 
25.28 -8.00 5.25 
25.28 -8.74 6.86 
25.28 -8.86 6.32 
25.28 -8.55 7.85 
25.28 -8.61 7.73 
25.28 -8.40 6.86 
26.42 -9.08 5.25 
25.28 -8.80 6.51 
25.28 -8.46 6.48 
25.28 -9.08 6.89 
25.28 -8.68 5.71 
25.28 -9.23 5.09 
26.42 -8.89 6.79 
26.42 -9.08 7.82 
26.42 -8.86 5.90 
25.28 -8.95 6.38 
25.28 -8.74 7.62 
25.28 -8.40 6.79 
26.42 -9.08 5.53 
25.28 -8.86 6.15 
25.28 -9.14 6.89 
25.28 -8.74 5.13 
26.42 -8.86 5.74 
26.42 -8.74 5.65 
26.42 -8.89 7.57 
25.28 -10.15 8.13 
25.28 -8.95 6.16 
25.28 -9.20 7.62 
25.28 -8.68 7.38 
26.42 -7.63 6.85 
25.28 -8.43 5.51 
26.42 -8.89 5.95 
25.28 -9.32 8.01 
25.28 -9.01 4.97 
26.42 -8.86 7.50 
25.28 -8.86 5.92 
25.28 -9.08 6.75 
25.28 -8.68 8.29 
25.28 -9.08 6.87 
25.28 -9.20 7.32 
25.28 -9.08 7.97 
25.28 -8.80 6.99 
25.28 -9.01 7.12 
25.28 -8.34 5.71 
25.28 -9.26 8.27 
25.28 -8.80 7.71 
25.28 -8.86 6.98 
25.28 -8.89 8.28 
25.28 -8.80 8.90 
25.28 -8.68 5.59 
25.28 -8.74 7.84 
25.28 -9.01 6.13 
25.28 -9.51 8.02 
26.42 -8.86 6.37 
26.42 -9.01 8.00 
26.42 -9.01 7.33 
25.28 -9.01 8.01 
26.42 -8.89 6.68 
26.42 -8.95 6.29 
25.28 -9.04 6.70 
25.28 -9.01 7.53 
25.28 -8.68 7.22 
25.28 -8.95 7.88 
25.28 -9.14 6.73 
25.28 -8.49 8.57 
25.28 -8.95 7.65 
25.28 -8.89 6.77 
25.28 -10.12 9.07 
25.28 -10.31 6.75 
26.42 -9.01 7.45 
25.28 -9.01 7.91 
25.28 -8.40 7.26 
26.42 -7.84 6.91 
25.28 -9.01 7.37 
26.42 -9.01 7.43 
25.28 -9.08 6.16 
25.28 -9.44 8.55 
25.28 -8.68 8.99 
26.42 -8.55 6.48 
25.28 -7.38 6.88 
25.28 -8.95 6.15 
25.28 -8.58 6.76 
25.28 -9.41 7.14 
25.28 -9.20 5.37 
25.28 -8.86 7.68 
26.42 -8.74 6.64 
25.28 -8.89 6.71 
25.28 -8.86 5.36 
26.42 -8.89 5.86 
25.28 -8.55 6.08 
26.42 -8.55 6.35 
26.42 -9.01 8.22 
26.42 -8.68 9.24 
25.28 -8.61 7.03 
26.42 -9.01 5.65 
26.42 -8.80 5.72 
25.28 -9.01 6.19 
26.42 -8.55 7.75 
25.28 -8.80 7.84 
25.28 -8.86 6.37 
25.28 -8.95 6.22 
25.28 -9.29 6.40 
25.28 -8.68 8.44 
25.28 -8.68 8.41 
25.28 -8.68 5.48 
25.28 -8.74 6.04 
25.28 -8.80 6.31 
26.42 -8.49 7.70 
25.28 -8.95 6.69 
26.42 -7.66 6.07 
25.28 -8.80 5.66 
25.28 -8.49 8.35 
25.28 -7.38 7.54 
25.28 -8.68 7.27 
26.42 -9.23 5.47 
25.28 -7.44 5.47 
25.28 -8.89 7.23 
26.42 -8.89 5.99 
25.28 -9.23 5.80 
26.42 -9.01 7.59 
25.28 -8.95 5.83 
26.42 -8.80 5.76 
26.42 -9.20 7.54 
26.42 -8.95 5.44 
26.42 -8.95 6.73 
26.42 -9.14 7.96 
25.28 -9.01 7.06 
26.42 -8.86 5.11 
26.42 -8.86 7.15 
26.42 -8.86 5.40 
25.28 -7.78 7.68 
25.28 -9.08 8.28 
26.42 -8.95 8.92 
25.28 -8.89 6.40 
25.28 -8.86 7.18 
25.28 -9.08 5.19 
26.42 -10.43 7.58 
25.28 -9.14 7.62 
26.42 -9.14 6.49 
25.28 -8.80 8.40 
25.28 -8.95 8.48 
25.28 -8.95 7.20 
26.42 -8.49 5.84 
25.28 -9.14 5.77 
25.28 -9.14 8.52 
26.42 -9.35 7.75 
25.28 -9.23 8.41 
26.42 -9.20 7.24 
25.28 -9.08 7.63 
25.28 -9.01 6.86 
25.28 -8.74 6.46 
25.28 -8.89 5.22 
26.42 -9.23 7.15 
25.28 -9.08 8.22 
25.28 -9.08 6.37 
25.28 -9.23 8.58 
26.42 -8.80 7.51 
25.28 -8.46 6.49 
25.28 -8.61 6.00 
25.28 -8.95 6.90 
25.28 -9.14 7.16 
25.28 -8.95 7.96 
25.28 -9.63 8.46 
26.42 -9.08 7.16 
25.28 -8.74 7.07 
25.28 -9.08 7.06 
26.42 -9.14 5.90 
25.28 -8.89 7.28 
25.28 -8.74 8.66 
25.28 -8.18 8.15 
25.28 -8.89 8.26 
25.28 -9.08 9.05 
25.28 -8.58 7.04 
26.42 -8.86 6.08 
26.42 -9.01 6.89 
25.28 -8.95 7.10 
25.28 -8.86 6.51 
26.42 -8.80 5.90 
26.42 -8.95 6.39 
25.28 -8.68 6.81 
25.28 -9.14 7.94 
26.42 -8.89 8.14 
25.28 -8.74 6.18 
25.28 -9.14 6.74 
26.42 -8.95 7.10 
26.42 -9.08 4.89 
26.42 -9.08 5.61 
25.28 -8.74 5.68 
25.28 -9.01 5.58 
25.28 -9.01 5.51 
26.42 -9.38 6.53 
25.28 -8.89 8.00 
25.28 -9.35 6.46 
25.28 -10.03 6.87 
25.28 -8.86 7.40 
25.28 -9.14 5.52 
25.28 -8.86 5.69 
25.28 -6.68 7.13 
25.28 -8.86 6.96 
25.28 -8.95 5.55 
25.28 -9.14 6.79 
25.28 -9.08 6.09 
25.28 -9.01 7.17 
25.28 -8.49 6.70 
26.42 -9.08 8.09 
25.28 -9.14 9.05 
26.42 -8.86 8.61 
25.28 -8.86 8.00 
25.28 -9.26 4.97 
26.42 -8.95 7.07 
25.28 -9.08 6.52 
25.28 -8.95 6.56 
26.42 -9.14 6.91 
26.42 -9.08 7.35 
26.42 -9.32 6.57 
26.42 -8.89 5.70 
25.28 -8.80 7.65 
26.42 -9.14 8.28 
25.28 -9.08 6.61 
26.42 -7.63 8.66 
25.28 -9.57 8.10 
25.28 -8.61 7.89 
25.28 -7.66 8.29 
26.42 -9.08 9.87 
25.28 -9.23 9.30 
26.42 -9.01 9.11 
25.28 -8.86 7.69 
26.42 -8.95 6.78 
26.42 -8.95 5.68 
26.42 -8.86 7.45 
25.28 -8.95 6.03 
26.42 -8.86 7.46 
25.28 -8.80 6.07 
26.42 -8.80 6.82 
26.42 -8.86 7.64 
25.28 -9.20 5.53 
25.28 -9.20 6.14 
25.28 -9.14 7.66 
25.28 -9.01 6.64 
25.28 -7.63 7.66 
26.42 -8.80 6.97 
26.42 -9.20 4.97 
26.42 -9.29 4.90 
25.28 -8.68 5.98 
25.28 -8.89 7.84 
26.42 -9.26 5.59 
26.42 -8.86 7.58 
25.28 -9.01 8.14 
25.28 -9.17 6.53 
26.42 -8.86 8.82 
25.28 -9.14 8.39 
25.28 -9.20 7.82 
25.28 -8.12 7.06 
26.42 -8.89 8.04 
25.28 -8.74 6.78 
25.28 -8.86 7.13 
25.28 -9.41 6.57 
25.28 -8.95 6.37 
25.28 -9.01 6.11 
26.42 -9.01 6.56 
26.42 -8.95 6.96 
25.28 -9.01 6.73 
26.42 -8.95 6.86 
26.42 -8.55 8.52 
25.28 -9.29 6.72 
26.42 -8.95 7.06 
26.42 -8.95 6.38 
25.28 -8.86 7.57 
25.28 -9.38 6.39 
25.28 -9.20 7.03 
25.28 -8.68 7.17 
26.42 -8.95 5.31 
25.28 -9.14 5.34 
25.28 -9.11 6.93 
26.42 -7.63 7.58 
25.28 -9.29 5.44 
26.42 -9.01 6.03 
26.42 -9.20 6.74 
26.42 -8.80 6.97 
26.42 -9.01 5.40 
25.28 -9.29 5.21 
25.28 -9.01 5.00 
26.42 -8.80 5.91 
26.42 -8.74 5.85 
26.42 -9.20 5.30 
26.42 -8.80 6.66 
26.42 -9.20 5.93 
26.42 -8.68 25.19 
25.28 -8.86 7.11 
25.28 -9.08 7.73 
26.42 -8.58 5.57 
26.42 -10.43 5.94 
26.42 -8.24 5.61 
26.42 -9.35 6.98 
26.42 -8.86 7.24 
25.28 -9.08 8.50 
26.42 -9.08 8.56 
26.42 -9.20 7.19 
26.42 -9.14 7.04 
26.42 -9.20 7.94 
25.28 -8.80 8.31 
26.42 -9.20 7.82 
25.28 -9.20 8.01 
26.42 -9.08 7.89 
26.42 -8.55 6.44 
25.28 -8.95 5.96 
26.42 -9.20 6.20 
26.42 -9.29 6.07 
26.42 -8.95 6.91 
26.42 -9.14 5.90 
26.42 -9.23 6.07 
26.42 -8.74 7.34 
25.28 -9.01 5.86 
25.28 -9.08 5.84 
25.28 -8.95 6.61 
25.28 -9.20 6.54 
25.28 -8.74 6.24 
26.42 -8.74 6.54 
26.42 -9.08 5.64 
26.42 -10.52 5.73 
26.42 -9.01 6.21 
25.28 -8.89 6.32 
25.28 -8.80 5.38 
25.28 -9.08 5.86 
26.42 -9.08 5.65 
26.42 -9.14 6.10 
25.28 -9.14 7.70 
26.42 -9.29 5.47 
25.28 -9.14 7.14 
25.28 -9.14 5.31 
26.42 -8.86 5.86 
26.42 -9.20 5.53 
26.42 -8.95 5.27 
25.28 -8.86 6.93 
26.42 -9.14 7.12 
26.42 -9.14 4.89 
25.28 -8.95 5.50 
26.42 -8.89 7.72 
26.42 -8.95 6.76 
26.42 -9.01 7.68 
26.42 -8.89 9.00 
26.42 -9.08 8.69 
26.42 -9.14 6.22 
25.28 -9.14 6.62 
25.28 -9.20 6.20 
26.42 -9.01 8.11 
26.42 -9.08 5.61 
25.28 -9.14 5.68 
25.28 -9.04 7.25 
25.28 -8.89 6.00 
26.42 -7.63 6.33 
26.42 -9.08 7.12 
25.28 -8.64 5.31 
26.42 -8.86 7.29 
25.28 -8.95 5.87 
25.28 -9.14 6.40 
25.28 -8.55 8.65 
26.42 -10.74 6.49 
26.42 -8.92 7.31 
25.28 -8.95 7.95 
26.42 -8.95 5.86 
26.42 -9.01 7.42 
25.28 -9.01 5.60 
26.42 -9.01 7.13 
25.28 -9.01 5.24 
26.42 -9.14 7.99 
26.42 -8.95 8.67 
25.28 -9.01 6.75 
25.28 -9.01 9.24 
25.28 -8.77 6.98 
26.42 -9.01 6.46 
26.42 -9.38 7.91 
26.42 -9.20 7.44 
26.42 -7.97 7.37 
25.28 -9.01 7.61 
25.28 -8.95 6.24 
26.42 -8.52 7.56 
25.28 -8.95 7.58 
26.42 -9.01 7.11 
26.42 -9.20 9.05 
26.42 -8.95 8.66 
25.28 -9.01 8.76 
25.28 -9.41 5.71 
26.42 -9.32 5.44 
25.28 -9.11 6.76 
25.28 -7.94 8.59 
25.28 -8.86 7.90 
25.28 -8.00 6.89 
26.42 -6.95 9.22 
26.42 -9.01 6.67 
26.42 -9.41 8.65 
26.42 -10.37 7.69 
26.42 -8.86 7.62 
25.28 -9.20 7.07 
26.42 -9.01 5.93 
26.42 -9.14 8.74 
26.42 -7.60 8.89 
26.42 -8.86 7.29 
26.42 -9.20 5.83 
26.42 -9.91 7.11 
26.42 -9.04 8.12 
26.42 -9.17 5.54 
26.42 -8.89 6.83 
26.42 -8.24 7.51 
26.42 -8.80 7.39 
26.42 -9.08 6.95 
25.28 -9.23 7.68 
25.28 -9.14 8.00 
25.28 -8.89 5.79 
26.42 -9.14 5.45 
26.42 -8.74 5.76 
25.28 -8.89 7.35 
26.42 -9.01 6.62 
26.42 -8.80 6.68 
25.28 -9.04 6.09 
25.28 -9.08 7.44 
25.28 -8.43 6.62 
26.42 -8.95 6.85 
25.28 -8.95 9.17 
26.42 -8.95 7.14 
25.28 -9.20 5.35 
26.42 -9.23 7.23 
26.42 -9.08 6.14 
26.42 -7.63 6.16 
25.28 -9.97 8.47 
25.28 -10.80 8.86 
25.28 -8.89 8.37 
25.28 -7.78 7.90 
26.42 -9.08 6.24 
25.28 -8.89 6.07 
26.42 -9.23 6.82 
26.42 -8.49 7.04 
25.28 -9.14 7.45 
25.28 -8.09 7.79 
26.42 -7.48 6.06 
26.42 -9.08 7.76 
25.28 -11.97 8.40 
26.42 -8.18 6.35 
26.42 -9.14 7.16 
25.28 -9.14 6.02 
26.42 -9.14 5.82 
25.28 -9.14 6.60 
25.28 -8.95 6.30 
26.42 -8.89 8.04 
26.42 -7.32 7.12 
26.42 -9.91 5.86 
26.42 -8.92 9.29 
26.42 -9.01 8.69 
26.42 -8.86 8.24 
25.28 -9.01 7.42 
26.42 -9.20 5.43 
26.42 -8.95 7.68 
25.28 -10.49 7.56 
26.42 -10.12 9.50 
25.28 -8.95 7.41 
25.28 -8.95 7.14 
26.42 -7.97 7.03 
26.42 -9.20 7.02 
26.42 -10.09 8.76 
26.42 -9.88 5.95 
26.42 -9.23 6.69 
26.42 -7.91 6.88 
25.28 -9.20 7.17 
26.42 -10.03 6.50 
25.28 -9.08 6.92 
25.28 -9.08 6.12 
26.42 -8.12 8.00 
25.28 -8.95 7.67 
25.28 -8.86 7.60 
25.28 -9.04 6.57 
26.42 -9.20 7.19 
26.42 -9.20 5.57 
26.42 -8.89 7.57 
25.28 -9.20 6.57 
26.42 -9.35 7.70 
25.28 -8.89 6.16 
26.42 -8.80 7.74 
25.28 -9.14 9.28 
26.42 -9.01 6.44 
25.28 -9.01 7.57 
25.28 -9.01 7.75 
26.42 -8.95 5.66 
26.42 -8.86 8.79 
25.28 -8.89 6.11 
26.42 -8.86 6.66 
26.42 -9.01 5.28 
25.28 -7.63 7.49 
26.42 -9.20 6.90 
25.28 -8.95 6.86 
26.42 -9.08 5.43 
25.28 -10.49 5.25 
25.28 -9.14 6.34 
26.42 -8.89 6.94 
25.28 -9.23 5.91 
26.42 -9.14 5.39 
25.28 -8.95 6.19 
26.42 -8.95 5.26 
26.42 -9.01 5.17 
26.42 -7.72 7.37 
26.42 -8.89 7.82 
26.42 -8.89 7.29 
26.42 -8.89 5.31 
25.28 -10.09 6.88 
25.28 -9.01 5.76 
26.42 -8.34 7.15 
25.28 -8.89 5.32 
26.42 -9.08 8.21 
26.42 -8.80 6.56 
25.28 -11.07 6.71 
25.28 -8.74 7.00 
25.28 -9.17 4.78 
26.42 -9.23 8.96 
25.28 -9.14 7.79 
26.42 -8.74 7.84 
26.42 -9.41 7.08 
26.42 -9.01 6.83 
25.28 -8.95 8.54 
26.42 -8.89 8.60 
26.42 -9.20 9.54 
25.28 -7.91 8.52 
26.42 -9.23 7.83 
26.42 -9.08 7.41 
26.42 -8.74 8.68 
26.42 -8.89 7.87 
25.28 -9.44 9.07 
25.28 -9.14 8.34 
26.42 -9.23 8.30 
26.42 -9.41 7.63 
26.42 -7.57 7.03 
25.28 -9.29 6.53 
25.28 -9.14 8.42 
26.42 -9.08 7.50 
26.42 -9.14 6.66 
25.28 -7.84 8.49 
26.42 -10.64 7.18 
25.28 -10.46 7.31 
25.28 -9.29 6.97 
25.28 -8.89 8.67 
26.42 -8.61 7.66 
26.42 -8.95 5.28 
26.42 -8.55 7.41 
26.42 -8.77 7.04 
26.42 -9.14 7.23 
25.28 -9.26 5.11 
26.42 -9.35 7.44 
26.42 -8.89 6.91 
26.42 -8.89 5.55 
26.42 -9.14 5.09 
26.42 -9.41 6.91 
26.42 -9.23 6.22 
26.42 -9.01 5.76 
26.42 -9.29 8.05 
26.42 -9.20 6.15 
26.42 -8.86 7.17 
26.42 -9.23 8.08 
25.28 -9.08 5.49 
26.42 -9.20 7.24 
26.42 -7.04 7.42 
25.28 -9.08 7.98 
26.42 -9.01 6.35 
25.28 -9.01 7.81 
26.42 -9.26 8.42 
26.42 -8.21 7.05 
26.42 -10.77 7.24 
26.42 -8.95 8.33 
26.42 -9.48 7.47 
25.28 -8.74 6.63 
26.42 -8.55 7.02 
25.28 -8.80 7.24 
26.42 -9.01 6.87 
26.42 -8.95 8.99 
26.42 -8.89 7.89 
25.28 -9.14 7.16 
26.42 -8.55 6.79 
26.42 -9.14 5.92 
26.42 -9.20 6.58 
26.42 -9.08 8.72 
26.42 -9.17 6.54 
25.28 -8.89 9.46 
26.42 -9.08 8.18 
25.28 -9.35 6.68 
25.28 -8.49 10.00 
26.42 -9.14 7.81 
26.42 -9.01 7.12 
26.42 -9.29 8.43 
26.42 -9.29 7.11 
25.28 -9.20 7.09 
26.42 -8.80 7.75 
25.28 -9.35 7.41 
26.42 -8.89 5.81 
25.28 -8.86 6.73 
26.42 -9.23 7.38 
26.42 -9.08 6.59 
26.42 -9.29 7.40 
26.42 -9.29 6.11 
26.42 -7.32 6.64 
26.42 -9.48 7.60 
26.42 -7.94 6.19 
26.42 -9.04 7.14 
26.42 -9.38 8.61 
26.42 -7.54 7.44 
26.42 -9.29 5.24 
26.42 -8.89 9.10 
25.28 -8.68 7.67 
25.28 -8.61 5.71 
26.42 -8.61 6.67 
25.28 -9.35 5.52 
26.42 -8.89 7.31 
26.42 -8.89 5.87 
25.28 -10.43 5.27 
25.28 -8.68 6.91 
26.42 -8.24 5.47 
25.28 -8.92 4.91 
26.42 -8.95 6.56 
26.42 -9.57 5.93 
26.42 -8.95 6.21 
26.42 -9.20 8.37 
26.42 -8.00 7.13 
26.42 -8.61 6.62 
26.42 -9.01 8.33 
25.28 -9.23 5.28 
26.42 -9.23 8.53 
25.28 -9.35 5.50 
26.42 -8.86 6.68 
26.42 -9.08 7.73 
26.42 -8.95 6.97 
26.42 -8.80 5.82 
26.42 -8.89 7.38 
26.42 -8.89 7.76 
26.42 -9.29 5.16 
25.28 -8.95 6.03 
26.42 -9.08 6.17 
26.42 -8.61 5.81 
26.42 -8.68 7.53 
26.42 -8.49 6.03 
26.42 -10.24 7.67 
26.42 -9.14 5.38 
26.42 -9.23 7.35 
26.42 -9.20 5.80 
26.42 -8.89 5.91 
26.42 -8.95 7.22 
26.42 -7.32 6.94 
25.28 -8.49 8.59 
26.42 -10.40 5.94 
25.28 -9.84 5.98 
25.28 -9.14 7.04 
26.42 -8.31 5.55 
26.42 -9.20 5.55 
25.28 -8.89 6.71 
25.28 -10.71 6.00 
26.42 -8.89 4.88 
26.42 -9.01 8.56 
25.28 -7.78 8.53 
26.42 -8.74 7.18 
26.42 -9.35 5.65 
26.42 -8.68 7.23 
26.42 -9.32 6.52 
26.42 -9.11 8.00 
26.42 -8.68 6.37 
26.42 -8.86 8.53 
26.42 -8.61 6.04 
26.42 -7.11 7.35 
26.42 -8.95 6.42 
26.42 -9.08 6.10 
26.42 -8.49 8.15 
26.42 -8.86 5.64 
25.28 -8.68 8.80 
26.42 -9.08 6.46 
25.28 -8.95 6.58 
26.42 -9.75 7.81 
26.42 -9.23 7.15 
26.42 -9.20 8.81 
26.42 -8.89 7.45 
26.42 -9.23 6.96 
25.28 -8.49 6.52 
25.28 -9.08 8.32 
26.42 -8.95 9.43 
26.42 -8.55 7.38 
25.28 -9.35 6.69 
26.42 -9.20 7.78 
26.42 -9.08 5.76 
26.42 -9.29 8.59 
26.42 -9.63 7.13 
25.28 -9.41 8.03 
26.42 -10.03 7.30 
25.28 -8.68 6.42 
26.42 -8.95 8.01 
26.42 -10.09 6.09 
25.28 -9.29 6.06 
26.42 -8.74 6.25 
26.42 -8.89 8.29 
26.42 -9.41 5.89 
26.42 -8.80 7.55 
25.28 -8.86 8.69 
26.42 -8.89 5.46 
26.42 -9.20 8.40 
26.42 -9.01 5.71 
26.42 -9.48 8.62 
26.42 -9.14 5.82 
26.42 -9.29 5.37 
25.28 -9.23 8.47 
26.42 -9.08 7.32 
26.42 -9.23 8.59 
26.42 -9.23 7.41 
26.42 -9.08 8.72 
26.42 -9.01 5.95 
25.28 -9.48 8.48 
26.42 -9.63 7.41 
25.28 -8.86 7.38 
25.28 -9.20 6.10 
26.42 -8.74 7.44 
26.42 -9.20 7.75 
26.42 -8.86 7.84 
26.42 -9.14 6.27 
26.42 -8.74 6.21 
26.42 -8.68 6.43 
25.28 -9.44 6.91 
26.42 -9.23 8.37 
25.28 -9.60 7.09 
26.42 -9.20 9.46 
26.42 -8.31 6.02 
26.42 -9.97 7.52 
26.42 -9.01 7.81 
25.28 -7.17 7.75 
26.42 -9.48 8.33 
26.42 -7.23 6.33 
26.42 -9.41 8.40 
26.42 -10.52 7.61 
25.28 -9.29 9.27 
26.42 -9.63 7.65 
26.42 -8.37 7.68 
26.42 -8.80 7.84 
26.42 -7.91 9.51 
26.42 -8.98 7.44 
26.42 -9.14 9.27 
26.42 -9.08 8.43 
25.28 -10.92 8.51 
25.28 -7.26 7.73 
26.42 -8.95 8.70 
26.42 -10.24 7.06 
26.42 -8.89 7.38 
26.42 -10.31 6.24 
26.42 -8.86 6.57 
26.42 -9.14 7.37 
26.42 -9.20 8.62 
26.42 -9.01 6.31 
25.28 -9.08 6.58 
26.42 -8.24 7.10 
26.42 -8.89 7.88 
26.42 -8.86 8.09 
26.42 -10.49 8.01 
25.28 -9.01 7.04 
26.42 -8.86 7.90 
26.42 -9.23 7.43 
26.42 -8.95 8.10 
25.28 -8.86 5.43 
25.28 -9.54 7.08 
26.42 -8.89 5.45 
26.42 -9.23 8.54 
25.28 -9.63 5.12 
26.42 -8.89 6.59 
25.28 -8.89 5.78 
25.28 -9.48 5.89 
26.42 -8.86 5.17 
26.42 -9.35 6.85 
25.28 -9.23 6.12 
25.28 -9.01 6.67 
26.42 -9.29 7.97 
26.42 -8.89 6.20 
26.42 -8.95 7.03 
26.42 -9.91 6.97 
26.42 -7.63 5.24 
26.42 -8.86 6.93 
26.42 -9.20 6.00 
25.28 -9.11 6.42 
26.42 -8.80 6.89 
26.42 -8.37 7.20 
26.42 -9.54 5.13 
26.42 -9.35 7.72 
26.42 -9.20 8.50 
26.42 -8.74 6.17 
26.42 -9.23 7.40 
26.42 -8.89 7.66 
26.42 -10.43 5.12 
26.42 -8.55 6.93 
26.42 -9.17 5.26 
26.42 -8.89 6.92 
26.42 -8.86 8.63 
26.42 -8.80 8.04 
26.42 -8.86 7.81 
26.42 -8.80 7.55 
25.28 -8.80 8.84 
26.42 -9.08 8.80 
26.42 -9.23 8.25 
26.42 -8.89 7.18 
26.42 -8.68 6.80 
26.42 -9.29 7.27 
26.42 -8.86 7.09 
26.42 -8.98 8.60 
25.28 -8.86 7.96 
26.42 -9.44 8.64 
26.42 -9.29 6.00 
26.42 -9.08 9.00 
26.42 -9.08 5.56 
26.42 -9.44 6.76 
26.42 -9.20 5.74 
26.42 -9.29 6.27 
26.42 -9.20 5.93 
26.42 -9.08 5.89 
26.42 -8.89 6.18 
26.42 -8.95 6.55 
26.42 -8.95 6.53 
26.42 -10.43 5.72 
26.42 -9.08 7.09 
26.42 -8.95 5.23 
26.42 -8.89 9.06 
26.42 -8.80 6.28 
26.42 -8.89 9.57 
26.42 -8.89 5.68 
26.42 -10.71 6.35 
25.28 -9.08 7.77 
26.42 -9.14 8.11 
26.42 -9.23 6.07 
26.42 -9.23 6.10 
26.42 -9.51 5.10 
26.42 -8.95 6.91 
26.42 -9.14 7.16 
26.42 -9.14 5.47 
26.42 -9.29 6.68 
26.42 -8.71 5.83 
26.42 -9.29 6.53 
26.42 -8.89 8.47 
26.42 -9.01 6.13 
26.42 -9.20 6.47 
26.42 -8.95 5.95 
26.42 -9.35 5.62 
26.42 -8.89 7.11 
26.42 -9.08 8.63 
26.42 -8.68 7.01 
26.42 -9.08 6.35 
26.42 -9.29 7.62 
26.42 -9.35 6.45 
26.42 -9.66 7.79 
27.56 -9.23 7.04 
26.42 -9.08 7.47 
26.42 -8.95 8.31 
26.42 -9.01 7.74 
26.42 -8.89 8.23 
26.42 -8.95 8.06 
26.42 -8.52 7.33 
26.42 -9.14 9.12 
26.42 -9.08 8.08 
27.56 -8.95 7.78 
26.42 -8.86 7.29 
26.42 -9.60 7.28 
26.42 -9.38 7.76 
26.42 -8.74 8.09 
26.42 -7.66 8.00 
26.42 -9.41 7.09 
26.42 -9.08 7.90 
26.42 -9.29 7.12 
26.42 -9.20 7.99 
26.42 -9.08 7.96 
26.42 -8.74 9.63 
26.42 -9.20 7.24 
26.42 -9.08 8.82 
26.42 -9.01 7.55 
25.28 -8.74 7.94 
26.42 -9.20 7.88 
26.42 -9.20 8.07 
26.42 -9.41 8.78 
26.42 -10.40 7.58 
26.42 -8.95 7.59 
26.42 -10.40 7.58 
26.42 -8.12 7.60 
26.42 -9.20 6.05 
26.42 -8.89 6.92 
26.42 -8.68 6.01 
26.42 -9.20 9.09 
26.42 -9.14 7.45 
26.42 -9.44 8.64 
26.42 -9.35 5.65 
26.42 -8.89 7.47 
26.42 -8.68 7.20 
26.42 -9.69 5.54 
26.42 -10.37 6.48 
26.42 -9.29 5.58 
26.42 -9.20 6.75 
26.42 -9.51 7.32 
26.42 -7.94 5.97 
27.56 -10.18 5.93 
26.42 -9.88 5.41 
26.42 -9.51 5.75 
26.42 -9.44 8.03 
26.42 -8.80 5.82 
26.42 -9.44 6.16 
26.42 -8.80 6.85 
26.42 -8.86 5.57 
26.42 -10.64 5.87 
26.42 -8.95 7.24 
26.42 -9.91 6.98 
26.42 -7.57 6.42 
26.42 -8.68 6.76 
26.42 -9.08 5.82 
26.42 -9.08 6.65 
25.28 -8.89 6.99 
26.42 -8.74 6.06 
26.42 -9.32 7.51 
25.28 -8.95 6.81 
26.42 -8.64 7.01 
26.42 -8.98 6.36 
26.42 -9.35 5.45 
26.42 -8.55 6.28 
26.42 -9.66 6.61 
26.42 -8.74 5.66 
26.42 -9.20 6.28 
26.42 -8.95 8.49 
26.42 -9.01 5.76 
26.42 -9.57 6.19 
26.42 -8.00 7.50 
26.42 -10.77 5.95 
26.42 -8.61 6.46 
26.42 -8.80 5.87 
26.42 -9.48 5.68 
26.42 -9.17 6.50 
26.42 -8.95 5.89 
26.42 -9.08 6.34 
27.56 -9.01 6.96 
26.42 -9.32 5.32 
26.42 -9.35 6.01 
26.42 -8.98 9.09 
26.42 -9.35 5.24 
26.42 -9.41 6.69 
25.28 -9.29 6.64 
26.42 -9.14 5.28 
26.42 -8.89 6.55 
26.42 -8.68 7.73 
26.42 -9.29 5.46 
26.42 -9.14 7.37 
26.42 -8.74 7.39 
26.42 -9.14 6.94 
26.42 -9.14 5.46 
26.42 -9.23 6.03 
26.42 -8.86 7.01 
26.42 -9.14 7.06 
26.42 -10.46 5.89 
25.28 -9.01 6.48 
25.28 -9.01 6.97 
26.42 -9.38 6.05 
26.42 -9.20 5.89 
26.42 -10.46 7.17 
26.42 -9.29 5.47 
26.42 -8.89 6.57 
26.42 -8.89 7.73 
26.42 -7.72 5.25 
25.28 -9.41 5.44 
26.42 -8.86 7.28 
26.42 -8.95 5.18 
26.42 -8.86 6.41 
26.42 -8.89 6.71 
26.42 -7.91 7.19 
26.42 -8.86 5.74 
26.42 -11.14 6.32 
26.42 -9.08 6.96 
25.28 -9.20 5.65 
26.42 -9.08 6.39 
26.42 -9.23 7.48 
26.42 -8.86 6.02 
26.42 -9.60 5.68 
26.42 -9.23 7.12 
26.42 -10.31 7.80 
26.42 -9.08 6.05 
26.42 -8.37 8.16 
26.42 -9.20 6.57 
26.42 -8.98 7.47 
26.42 -10.37 6.07 
26.42 -8.74 7.31 
26.42 -8.34 8.07 
26.42 -10.46 5.49 
26.42 -9.01 6.02 
26.42 -9.01 7.26 
26.42 -8.95 5.84 
26.42 -9.01 5.90 
26.42 -8.86 6.39 
27.56 -9.14 7.03 
27.56 -9.35 7.02 
26.42 -9.23 5.71 
26.42 -8.80 6.61 
26.42 -9.08 6.92 
26.42 -8.89 5.78 
25.28 -9.01 5.99 
26.42 -9.08 7.01 
25.28 -9.23 4.61 
26.42 -9.32 7.11 
26.42 -9.35 5.97 
26.42 -8.89 7.29 
26.42 -8.68 6.93 
26.42 -8.74 6.98 
26.42 -9.20 5.82 
26.42 -9.01 6.91 
26.42 -9.38 7.55 
26.42 -9.08 5.73 
26.42 -10.34 6.34 
26.42 -9.01 7.35 
26.42 -9.01 5.43 
26.42 -9.35 5.63 
26.42 -8.06 6.43 
25.28 -9.08 7.14 
26.42 -7.84 5.77 
26.42 -9.20 5.87 
26.42 -9.01 6.60 
26.42 -7.20 7.08 
26.42 -7.97 5.28 
26.42 -9.20 5.51 
26.42 -9.01 6.44 
27.56 -8.95 8.17 
26.42 -9.01 6.02 
26.42 -8.89 5.04 
26.42 -9.23 6.70 
26.42 -9.08 4.98 
26.42 -8.89 6.17 
26.42 -9.01 6.65 
26.42 -9.14 6.50 
26.42 -9.20 7.07 
26.42 -8.95 5.58 
26.42 -9.08 6.01 
26.42 -9.14 6.02 
26.42 -9.08 6.61 
26.42 -9.35 4.81 
26.42 -9.20 4.93 
27.56 -9.14 5.70 
26.42 -9.01 7.07 
26.42 -9.01 7.93 
26.42 -6.49 5.78 
27.56 -9.23 5.93 
26.42 -9.14 7.11 
26.42 -9.23 7.34 
26.42 -8.95 8.13 
26.42 -9.01 5.83 
26.42 -8.24 6.11 
26.42 -9.38 7.00 
26.42 -9.08 7.30 
26.42 -8.95 5.77 
26.42 -8.68 6.67 
26.42 -8.95 6.55 
26.42 -9.08 7.00 
26.42 -9.01 7.31 
26.42 -9.01 5.84 
26.42 -9.48 6.44 
26.42 -9.23 6.34 
26.42 -9.23 6.51 
26.42 -9.08 7.86 
26.42 -9.66 6.31 
27.56 -9.23 5.56 
26.42 -8.89 7.12 
26.42 -9.23 7.94 
26.42 -8.89 6.93 
26.42 -9.14 7.03 
26.42 -8.89 6.32 
26.42 -10.92 6.27 
26.42 -9.14 5.87 
26.42 -9.08 6.53 
26.42 -9.08 8.54 
26.42 -9.08 5.40 
26.42 -9.08 5.88 
27.56 -8.68 6.98 
27.56 -9.29 5.97 
26.42 -9.01 7.09 
26.42 -8.80 6.74 
26.42 -9.26 5.22 
26.42 -9.23 5.83 
27.56 -9.29 6.77 
26.42 -9.01 6.03 
26.42 -9.08 6.42 
26.42 -10.77 6.43 
26.42 -9.08 7.98 
26.42 -10.52 7.38 
26.42 -9.20 5.72 
26.42 -9.29 5.73 
26.42 -8.18 5.60 
26.42 -9.20 6.52 
26.42 -9.20 7.83 
26.42 -9.29 7.18 
26.42 -8.80 6.08 
26.42 -7.94 6.15 
26.42 -8.95 8.21 
26.42 -9.48 7.00 
26.42 -8.86 6.95 
26.42 -8.40 7.42 
26.42 -9.20 7.57 
26.42 -8.95 6.19 
26.42 -9.69 5.69 
26.42 -9.57 7.00 
26.42 -7.78 7.47 
26.42 -9.91 8.47 
26.42 -9.01 5.76 
27.56 -8.52 5.54 
26.42 -9.08 5.99 
27.56 -9.48 6.13 
27.56 -9.81 6.24 
26.42 -9.81 7.50 
27.56 -9.08 5.50 
26.42 -9.20 5.16 
26.42 -9.14 6.40 
26.42 -8.89 6.19 
26.42 -9.20 7.26 
26.42 -9.01 8.24 
26.42 -9.08 6.30 
26.42 -9.29 5.19 
26.42 -9.14 5.54 
26.42 -10.12 6.74 
26.42 -9.23 6.19 
26.42 -7.57 7.52 
26.42 -7.14 6.68 
26.42 -9.29 7.97 
26.42 -9.08 5.41 
26.42 -9.08 5.58 
26.42 -9.23 5.74 
27.56 -9.17 6.54 
26.42 -10.24 8.58 
27.56 -9.08 7.49 
26.42 -9.41 7.10 
26.42 -9.35 6.95 
26.42 -9.41 5.25 
27.56 -9.20 6.69 
26.42 -9.14 5.48 
26.42 -9.08 7.13 
26.42 -9.14 6.50 
26.42 -8.80 6.67 
26.42 -7.78 7.56 
26.42 -9.08 5.40 
26.42 -9.29 5.60 
27.56 -8.95 6.47 
26.42 -10.43 6.31 
25.28 -8.95 6.40 
26.42 -9.54 6.70 
26.42 -8.95 5.75 
26.42 -9.72 5.04 
26.42 -8.86 6.69 
26.42 -9.14 6.37 
26.42 -9.35 6.19 
27.56 -8.89 7.08 
26.42 -9.57 6.15 
26.42 -9.01 7.19 
26.42 -8.80 7.98 
26.42 -9.14 5.69 
26.42 -9.14 5.27 
26.42 -9.14 5.66 
26.42 -9.29 5.53 
26.42 -9.14 6.17 
26.42 -9.41 6.10 
26.42 -9.54 6.55 
26.42 -9.08 7.18 
26.42 -8.80 7.14 
26.42 -9.20 7.81 
26.42 -8.80 7.95 
26.42 -8.95 7.23 
26.42 -8.77 7.63 
26.42 -9.01 5.14 
26.42 -9.20 5.76 
26.42 -9.01 6.85 
26.42 -10.09 7.11 
26.42 -9.23 6.01 
26.42 -8.95 6.64 
27.56 -8.86 7.59 
26.42 -9.14 6.81 
26.42 -9.51 7.37 
26.42 -9.23 7.04 
26.42 -7.97 5.47 
26.42 -9.20 5.78 
27.56 -7.72 7.68 
26.42 -9.35 5.40 
26.42 -9.11 5.78 
26.42 -7.63 6.89 
27.56 -9.01 6.30 
26.42 -9.23 5.83 
26.42 -8.18 7.40 
27.56 -8.86 7.47 
26.42 -9.20 6.63 
26.42 -9.23 6.60 
26.42 -8.89 7.17 
26.42 -9.14 6.37 
26.42 -9.29 6.09 
26.42 -8.89 7.04 
26.42 -9.35 6.47 
26.42 -9.23 6.98 
26.42 -9.14 7.75 
26.42 -9.01 7.39 
26.42 -9.35 5.35 
26.42 -9.14 5.24 
26.42 -9.63 5.60 
26.42 -9.51 5.88 
26.42 -9.14 5.87 
26.42 -8.89 6.34 
26.42 -8.95 6.23 
26.42 -9.08 6.08 
26.42 -8.68 7.44 
26.42 -9.60 7.56 
26.42 -8.86 6.53 
26.42 -10.18 6.26 
26.42 -9.54 7.92 
26.42 -9.41 5.89 
26.42 -9.54 6.17 
27.56 -9.23 6.63 
26.42 -9.29 6.96 
26.42 -8.95 7.45 
26.42 -9.41 7.19 
26.42 -9.14 5.64 
26.42 -10.37 5.93 
26.42 -9.35 5.34 
26.42 -8.86 5.76 
26.42 -10.74 7.32 
26.42 -9.41 5.63 
27.56 -9.48 5.59 
26.42 -9.20 5.98 
26.42 -9.69 5.47 
26.42 -9.23 6.26 
26.42 -9.51 6.37 
26.42 -8.00 6.30 
26.42 -8.74 7.07 
26.42 -9.01 6.20 
26.42 -8.74 6.94 
26.42 -9.14 5.87 
25.28 -9.35 6.35 
26.42 -9.35 7.93 
26.42 -9.54 7.65 
26.42 -10.52 8.13 
26.42 -8.24 7.59 
27.56 -8.95 5.89 
26.42 -9.29 6.52 
26.42 -7.78 6.72 
26.42 -9.72 5.85 
26.42 -9.01 5.74 
26.42 -8.86 6.72 
26.42 -9.29 6.41 
26.42 -9.08 6.18 
26.42 -9.08 6.47 
26.42 -8.80 6.80 
26.42 -9.20 5.86 
26.42 -10.71 6.66 
26.42 -8.74 6.73 
26.42 -7.63 6.73 
26.42 -9.29 5.78 
26.42 -9.29 6.50 
26.42 -8.80 6.13 
26.42 -9.14 6.51 
27.56 -8.68 7.12 
26.42 -8.00 6.58 
26.42 -9.20 5.68 
27.56 -9.23 6.22 
26.42 -8.61 6.72 
26.42 -8.74 5.86 
26.42 -9.63 5.80 
26.42 -8.95 5.49 
26.42 -9.08 6.68 
26.42 -10.34 6.20 
26.42 -7.26 7.01 
26.42 -8.00 6.18 
26.42 -9.20 5.85 
26.42 -9.35 6.82 
26.42 -8.95 6.32 
27.56 -9.32 7.62 
26.42 -8.68 6.50 
26.42 -8.89 6.21 
26.42 -8.89 6.68 
26.42 -8.80 6.53 
26.42 -9.41 6.09 
26.42 -9.14 6.83 
26.42 -10.15 6.13 
26.42 -9.29 6.71 
26.42 -7.41 5.85 
26.42 -8.74 6.58 
26.42 -9.48 6.24 
27.56 -8.06 6.43 
26.42 -9.54 5.76 
26.42 -8.80 6.31 
26.42 -8.89 6.39 
26.42 -7.63 5.88 
27.56 -8.86 6.47 
26.42 -9.60 7.83 
26.42 -9.41 5.87 
26.42 -8.95 7.20 
26.42 -9.51 5.43 
26.42 -9.14 5.81 
26.42 -8.89 5.97 
26.42 -8.68 6.10 
27.56 -9.11 5.95 
26.42 -9.35 5.63 
26.42 -8.89 6.52 
26.42 -9.14 5.60 
26.42 -8.95 7.09 
25.28 -9.23 5.76 
27.56 -9.29 5.56 
27.56 -9.23 5.97 
27.56 -9.44 5.33 
27.56 -9.08 5.74 
26.42 -9.14 6.77 
26.42 -8.06 6.07 
26.42 -10.46 5.84 
26.42 -9.35 6.32 
26.42 -9.14 5.61 
26.42 -8.80 6.37 
26.42 -7.60 5.54 
26.42 -9.08 6.50 
26.42 -9.14 5.48 
26.42 -9.48 5.15 
26.42 -10.58 5.25 
26.42 -8.68 6.20 
26.42 -10.12 5.98 
26.42 -11.38 5.59 
26.42 -9.41 5.06 
26.42 -9.01 6.24 
27.56 -9.08 5.73 
27.56 -8.95 6.05 
27.56 -9.69 4.97 
27.56 -9.63 5.51 
27.56 -8.12 5.41 
26.42 -9.35 5.13 
26.42 -9.11 6.49 
27.56 -9.08 6.62 
26.42 -10.09 6.82 
26.42 -9.35 7.33 
26.42 -9.35 7.09 
26.42 -9.60 6.70 
26.42 -8.61 6.57 
27.56 -8.77 5.66 
26.42 -9.97 5.96 
27.56 -9.60 6.03 
26.42 -7.91 6.68 
27.56 -9.23 6.45 
26.42 -9.54 5.84 
26.42 -8.89 6.70 
26.42 -9.32 5.72 
26.42 -9.38 6.16 
27.56 -9.48 5.38 
27.56 -9.23 5.88 
26.42 -10.64 4.89 
26.42 -8.80 6.07 
27.56 -8.95 6.55 
26.42 -9.29 6.38 
26.42 -9.20 5.29 
26.42 -9.48 7.49 
27.56 -9.20 7.41 
27.56 -9.01 7.59 
27.56 -9.41 6.63 
27.56 -9.23 8.56 
26.42 -9.41 6.18 
26.42 -9.08 5.52 
27.56 -9.63 7.34 
26.42 -8.68 6.46 
26.42 -8.28 6.39 
26.42 -9.08 6.16 
27.56 -9.17 5.33 
26.42 -9.63 5.21 
26.42 -9.51 4.88 
27.56 -9.23 5.46 
26.42 -9.08 5.66 
26.42 -8.86 5.78 
26.42 -7.63 7.86 
26.42 -8.86 7.71 
26.42 -10.37 6.46 
26.42 -8.89 6.07 
26.42 -8.89 6.01 
27.56 -9.72 6.30 
27.56 -9.29 5.28 
26.42 -9.08 5.62 
26.42 -9.08 5.64 
26.42 -8.89 6.52 
27.56 -9.08 5.81 
26.42 -8.34 7.14 
27.56 -9.20 7.14 
26.42 -9.23 6.81 
27.56 -10.46 5.86 
