55.23920000000007 8.489099999999997
55.47239200000004 8.604090999999999
55.23532392000003 8.65554091
55.004953239200034 8.663455409100003
54.808849532392024 8.691434554091
54.70428849532393 8.729314345540907
54.56644288495327 8.757893143455405
54.39406442884954 8.779578931434552
54.28974064428851 8.777995789314343
54.61929740644291 8.713779957893145
54.39459297406445 8.83273779957893
54.22134592974064 8.895127377995792
53.88901345929741 8.92355127377996
53.74889013459295 8.965435512737805
53.70188890134592 8.994554355127379
53.678618889013485 9.02094554355128
53.56438618889018 9.060309455435512
53.34664386188894 9.070203094554353
53.35586643861891 9.111302030945543
53.23055866438622 9.035613020309455
53.138105586643924 9.149456130203093
53.10298105586648 9.178294561302032
53.12542981055871 9.190582945613022
53.00025429810562 9.206905829456135
53.021802542981106 9.25076905829456
52.96501802542984 9.245907690582946
52.91885018025434 9.256959076905833
52.95258850180257 9.263969590769063
52.78192588501805 9.252639695907694
52.78021925885021 9.227226396959079
52.791602192588535 9.24527226396959
52.5637160219259 9.287052722639697
52.56143716021928 9.2382705272264
52.356214371602206 9.282582705272269
52.44536214371603 9.299325827052725
52.320853621437166 9.33729325827053
52.29680853621438 9.324672932582706
52.307968085362155 9.356846729325833
52.44487968085365 9.40596846729326
52.35504879680854 9.401859684672935
52.3085504879681 9.434718596846732
52.194085504879695 9.432347185968469
52.31834085504881 9.419523471859689
52.14858340855049 9.481995234718603
52.15828583408551 9.484519952347192
52.11278285834087 9.514445199523475
52.05532782858343 9.562944451995241
51.97495327828583 9.549829444519961
52.008349532782866 9.572098294445206
51.723683495327826 9.591920982944458
51.777836834953284 9.557919209829452
51.983578368349534 9.5575791920983
51.76903578368349 9.596275791920986
51.858090357836836 9.576062757919214
51.92738090357835 9.627760627579198
51.44927380903577 9.624177606275797
51.729492738090336 9.652341776062762
51.834894927380894 9.648023417760635
51.835948949273806 9.62978023417761
51.75615948949274 9.667997802341784
51.76676159489492 9.678179978023426
51.75546761594894 9.680581799780244
51.73255467615946 9.667705817997808
51.629725546761584 9.647777058179985
51.594497255467616 9.659677770581808
51.52574497255465 9.685996777705828
51.684657449725535 9.719459967777066
51.58364657449724 9.722294599677776
51.57123646574496 9.703022945996784
51.61671236465742 9.735530229459973
51.639967123646585 9.717855302294604
51.526199671236455 9.59477855302295
51.55926199671235 9.743547785530234
51.71919261996712 9.741335477855307
51.469991926199654 9.734913354778554
51.47889991926199 9.74174913354779
51.35358899919258 9.746717491335483
51.43213588999191 9.746767174913359
51.4443213588999 9.78646767174914
51.47864321358898 9.757364676717497
51.33078643213585 9.764873646767182
51.37490786432135 9.784248736467674
51.32974907864318 9.757242487364678
51.27229749078639 9.771672424873652
51.31732297490785 9.772416724248743
51.123973229749055 9.794824167242494
51.05363973229747 9.777948241672428
51.10993639732293 9.793279482416729
50.97369936397319 9.798132794824172
50.91533699363971 9.818781327948248
50.99455336993637 9.822787813279485
51.09794553369933 9.810827878132798
50.95077945533696 9.875208278781326
50.858107794553355 9.876852082787813
51.0509810779455 9.864468520827877
51.018709810779434 9.873244685208277
50.88158709810776 9.859732446852082
50.880215870981054 9.880297324468518
50.97140215870978 9.842402973244688
51.029314021587076 9.870524029732444
50.96149314021584 9.878305240297328
50.93801493140213 9.898583052402973
50.880780149314 9.907485830524031
50.846007801493094 9.804774858305242
50.777260078014926 9.901947748583051
50.81077260078014 9.926619477485833
50.845307726007775 9.903066194774857
50.75445307726006 9.91033066194775
50.787744530772585 9.881703306619478
50.8336774453077 9.915317033066188
50.77713677445304 9.904053170330657
50.70817136774452 9.900240531703306
50.661881713677445 9.91010240531703
50.718418817136765 9.906301024053166
50.70758418817131 9.917763010240533
50.75307584188169 9.922277630102402
50.75353075841879 9.92662277630102
50.59393530758416 9.927466227763013
50.67213935307578 9.929874662277628
50.65012139353075 9.94649874662278
50.74110121393528 9.969064987466227
50.67361101213935 9.887590649874664
50.63873611012136 9.971075906498749
50.64978736110117 9.987310759064991
50.706897873610984 9.976073107590649
50.627668978736075 9.970660731075903
50.52427668978736 9.880606607310758
50.45484276689785 9.995306066073104
50.522548427668966 9.993353060660734
50.47762548427665 9.985633530606608
50.534176254842734 9.992056335306067
50.660141762548385 9.914420563353065
50.77540141762545 10.029444205633533
50.81075401417624 10.011294442056334
50.799707540141725 10.015612944420566
50.78819707540139 10.014656129444209
50.51448197075396 10.020346561294444
50.819544819707495 10.009603465612951
50.68579544819704 10.007496034656134
50.54765795448198 10.026774960346566
50.6488765795448 10.033367749603467
50.54728876579543 10.017133677496041
50.5918728876579 10.010871336774965
50.52391872887655 10.038108713367755
50.454839187288734 10.014681087133685
50.60234839187287 10.038646810871336
50.52402348391866 10.050486468108714
50.61444023483915 10.045704864681094
50.387344402348354 10.033357048646812
50.30527344402348 10.054233570486472
50.45265273444018 10.079842335704864
50.32872652734439 10.064898423357048
50.5782872652734 10.07744898423357
50.52378287265271 10.093674489842336
50.568837828726515 10.072236744898428
50.47808837828724 10.083122367448983
50.37458088378285 10.070131223674492
50.40774580883779 10.105701312236743
50.55627745808833 10.089357013122365
50.443762774580854 10.080593570131226
50.44263762774578 10.10640593570131
50.419826376277406 10.108764059357012
50.24859826376276 10.089287640593568
50.3038859826376 10.111692876405934
50.45263885982635 10.109816928764062
50.35152638859823 10.103898169287643
50.35051526388598 10.110038981692874
50.40750515263885 10.136200389816924
50.44227505152637 10.10716200389817
50.36282275051528 10.123971620038983
50.38482822750513 10.111839716200397
50.57884828227501 10.093818397162009
50.51238848282273 10.107238183971619
50.50032388482822 10.109972381839714
50.55720323884827 10.108099723818398
50.40957203238847 10.123980997238181
50.44229572032385 10.091739809972383
50.442622957203184 10.109417398099724
50.29442622957202 10.136194173980995
50.27014426229569 10.092961941739807
50.30410144262295 10.110029619417393
50.236041014426206 10.132500296194172
50.235360410144246 10.129125002961937
50.121353604101444 10.131091250029614
50.12021353604102 10.139210912500294
50.1544021353604 10.136092109125002
50.166144021353574 10.139260921091248
50.22326144021352 10.120392609210912
50.087032614402105 10.127203926092108
50.22247032614401 10.142572039260916
50.07562470326142 10.11902572039261
50.153956247032575 10.126190257203923
50.029339562470284 10.154161902572037
50.119293395624645 10.155341619025716
50.01759293395625 10.149953416190261
50.084975929339514 10.1601995341619
50.06284975929338 10.156001995341619
50.005628497592916 10.159760019953412
50.09625628497586 10.147797600199532
50.07436256284975 10.152677976001991
50.074143625628466 10.127026779760016
49.97154143625626 10.0467702677976
49.91351541436254 10.15796770267797
49.969935154143606 10.155979677026776
49.90209935154141 10.171459796770263
49.867220993515396 10.173414597967701
49.821272209935124 10.168834145979677
49.78661272209931 10.174588341459792
49.87746612722097 10.169845883414595
49.878374661272176 10.186798458834145
49.9011837466127 10.185667984588335
49.8786118374661 10.177156679845876
49.90118611837465 10.181571566798452
50.01541186118371 10.186815715667981
49.85695411861182 10.197268157156671
49.8097695411861 10.190072681571563
49.92329769541182 10.197000726815713
49.8788329769541 10.19977000726815
49.71878832976952 10.213197700072675
49.93378788329769 10.203331977000722
49.97013787883297 10.21453331977
49.77670137878831 10.209445333197692
49.83176701378786 10.19599445333197
49.86651767013785 10.110359944533313
49.84406517670136 10.238503599445329
49.78684065176698 10.24378503599445
49.900268406517654 10.252237850359936
49.83300268406516 10.221722378503596
49.75253002684063 10.222217223785036
49.763125300268364 10.248022172237846
49.78603125300267 10.255680221722374
49.74066031253001 10.250656802217218
49.66040660312528 10.285906568022165
49.68240406603121 10.263359065680214
49.79662404066026 10.265533590656798
49.729366240406556 10.285355335906564
49.80849366240405 10.27365355335906
49.683884936624025 10.27303653553359
49.70543884936621 10.302230365355332
49.68285438849362 10.312822303653546
49.69402854388491 10.334828223036524
49.59154028543881 10.286048282230361
49.64751540285436 10.2787604828223
49.5682751540285 10.295487604828216
49.521882751540254 10.313154876048275
49.555618827515374 10.290531548760477
49.62435618827512 10.293405315487599
49.613643561882725 10.30603405315487
49.64773643561878 10.297360340531545
49.53407736435615 10.285173603405315
49.68114077364353 10.291851736034046
49.614211407736406 10.289818517360334
49.55654211407733 10.297598185173602
49.55596542114075 10.329775981851732
49.65855965421137 10.302397759818517
49.545585596542075 10.307623977598176
49.4532558559654 10.316176239775976
49.543532558559626 10.347761762397754
49.54443532558555 10.341677617623969
49.510244353255814 10.314816776176228
49.464302443532524 10.344148167761755
49.498043024435304 10.31964148167761
49.441380430244315 10.348296414816765
49.5206138043024 10.340082964148165
49.475806138042984 10.330500829641476
49.46395806138039 10.309305008296407
49.42963958061376 10.318993050082959
49.40649639580611 10.340389930500823
49.41766496395801 10.338303899305002
49.383576649639544 10.326983038993044
49.33763576649636 10.335669830389927
49.405576357664934 10.32025669830389
49.42905576357661 10.365302566983027
49.45209055763573 10.380153025669829
49.315520905576314 10.380101530256688
49.41675520905573 10.395601015302562
49.30376755209051 10.39045601015302
49.32543767552085 10.389404560101527
49.41685437675518 10.39989404560101
49.349368543767504 10.406598940456
49.45129368543763 10.392865989404552
49.30411293685435 10.394928659894038
49.1316411293685 10.412749286598935
49.209716411293655 10.387427492865982
49.2332971641129 10.420474274928655
49.24493297164109 10.412904742749285
49.08544932971637 10.380029047427486
49.06105449329712 10.39570029047427
49.14061054493293 10.423957002904737
49.05020610544929 10.384339570029042
49.18610206105444 10.398443395700284
49.050661020610505 10.41098443395699
48.88970661020607 10.412109844339566
49.05909706610201 10.43902109844339
49.15199097066098 10.434090210984426
49.004719909706566 10.423940902109837
48.980447199097014 10.385739409021093
48.99160447199091 10.412957394090201
48.95751604471986 10.444729573940892
49.014175160447145 10.402547295739407
49.09454175160442 10.399025472957392
48.958545417516 10.410390254729563
48.85458545417513 10.409603902547293
48.91054585454171 10.428296039025472
48.89970545854538 10.43758296039025
48.92239705458542 10.438975829603896
48.79722397054581 10.43508975829603
48.70477223970542 10.432850897582952
48.726647722397004 10.455428508975821
48.71546647722393 10.455954285089748
48.63555466477218 10.43855954285089
48.71455554664768 10.450885595428506
48.77234555546643 10.425408855954279
48.73872345555463 10.443054088559538
48.7953872345555 10.42883054088559
48.681953872345495 10.436888305408853
48.76061953872341 10.43806888305408
48.7956061953872 10.444780688830535
48.79595606195383 10.448347806888302
48.8187595606195 10.447783478068883
48.739187595606154 10.41687783478068
48.69279187595602 10.435268778347805
48.6809279187595 10.436752687783466
48.77200927918757 10.440867526877833
48.63612009279184 10.444308675268772
48.737361200927865 10.423043086752676
48.64717361200922 10.425930430867522
48.76027173612006 10.424159304308667
48.647402717361146 10.43514159304308
48.73747402717357 10.437451415930425
48.68137474027169 10.4502745141593
48.73781374740266 10.446102745141584
48.66997813747398 10.420461027451404
48.85169978137469 10.436504610274508
48.7851169978137 10.441165046102743
48.77305116997808 10.45041165046102
48.738730511699735 10.4501041165046
48.63578730511695 10.472301041165037
48.72595787305112 10.44202301041165
48.76105957873045 10.486820230104113
48.65881059578725 10.482768202301036
48.58938810595782 10.474727682023007
48.56589388105953 10.450847276820227
48.58845893881055 10.4750084727682
48.57728458938806 10.45945008472768
48.599972845893824 10.47269450084727
48.57739972845889 10.461226945008466
48.48597399728454 10.456212269450083
48.6218597399728 10.477262122694492
48.56621859739968 10.461772621226935
48.56566218597395 10.478517726212266
48.748056621859675 10.470085177262115
48.624480566218544 10.472400851772615
48.53204480566215 10.468524008517727
48.49692044805659 10.46938524008517
48.58776920448051 10.488393852400845
48.48607769204475 10.486283938524009
48.53066077692038 10.496262839385233
48.55390660776916 10.478162628393843
48.50853906607767 10.490781626283932
48.47388539066073 10.495407816262833
48.541938853906565 10.498454078162624
48.519819388539005 10.478484540781615
48.58799819388534 10.46798484540781
48.679879981938804 10.509379848454078
48.60099879981935 10.517593798484539
48.56600998799817 10.532675937984843
