28.275399999999962 -7.939399999999999
29.427354000000015 -8.022893999999997
30.088673540000023 -8.083828939999998
30.40308673540002 -8.1260382894
30.78243086735401 -8.189860382893997
31.151024308673556 -8.250398603828938
31.371310243086747 -8.215303986038286
31.56731310243086 -8.299953039860378
31.84287313102428 -8.3055995303986
31.959628731310204 -8.257855995303984
32.37119628731304 -8.355178559953039
32.6717119628731 -8.312151785599527
33.130717119628756 -8.339621517855996
33.31770717119634 -8.410296215178557
33.501977071712034 -8.468802962151779
33.64061977071719 -8.503388029621515
33.75600619770724 -6.798599999999998
33.89396006197714 -8.441885999999995
34.21453960061984 -8.535318859999995
34.434345396006265 -8.51605318859999
34.607543453960126 -8.581460531885998
34.68907543453966 -8.571914605318858
34.815290754345455 -8.655119146053185
34.9533529075435 -8.70735119146053
35.17133352907546 -8.691573511914603
35.196313335290775 -8.716515735119142
35.11676313335295 -8.724565157351185
35.03616763133357 -8.706345651573509
35.00116167631337 -8.728663456515735
35.41121161676313 -8.520786634565157
35.540712116167626 -8.545307866345652
35.542007121161674 -8.534053078663458
35.66742007121161 -8.536740530786638
35.81687420071209 -8.50816740530786
35.863968742007096 -8.693681674053074
35.95563968742003 -8.618736816740528
36.01355639687417 -8.636987368167402
36.1965355639687 -8.60906987368167
36.11856535563966 -8.605590698736812
36.30018565355636 -8.741455906987367
36.43880185653552 -8.837414559069874
36.6111880185653 -8.943274145590692
36.5901118801856 -8.972532741455908
36.8635011188018 -8.993225327414553
36.93463501118795 -8.949332253274145
37.07214635011182 -9.025693322532744
36.83412146350106 -8.935656933225328
36.87734121463497 -8.997456569332256
36.84357341214629 -9.042374565693324
36.75203573412141 -9.150223745656938
36.51172035734116 -9.115802237456569
36.714517203573365 -9.084858022374569
36.79634517203568 -9.097248580223745
36.6945634517203 -9.169872485802237
36.773345634517156 -9.169398724858024
36.86533345634512 -9.12749398724858
36.9688533345634 -9.208674939872491
36.87868853334558 -9.219286749398728
36.91198688533339 -9.158092867493986
36.969319868853276 -9.215880928674942
37.083893198688486 -9.181258809286753
37.142038931986846 -9.212712588092872
37.108420389319846 -9.309127125880927
37.16508420389316 -9.311591271258811
37.27965084203888 -9.33511591271259
37.47459650842036 -9.257751159127126
37.339745965084205 -9.268477511591273
37.2243974596508 -9.238884775115912
37.32584397459645 -9.19258884775116
37.475058439745936 -9.336925888477511
37.41955058439748 -9.300869258884779
37.51019550584396 -9.317408692588854
37.704901955058446 -9.28007408692589
37.67264901955058 -9.302600740869261
37.72932649019555 -9.199926007408694
37.38789326490195 -9.365999260074087
37.64667893264904 -9.351059992600744
37.786066789326476 -9.333410599926008
37.855860667893296 -9.304034105999264
37.82235860667896 -9.29604034106
37.86762358606683 -9.3165604034106
38.061876235860716 -9.27146560403411
38.16641876235867 -9.275414656040343
38.133264187623645 -9.302554146560404
38.40653264187629 -9.354025541465607
38.44346532641882 -9.358940255414655
38.46663465326424 -9.374789402554153
38.5010663465327 -9.421847894025545
38.729410663465366 -9.482618478940259
38.87989410663469 -9.4365261847894
38.983998941066396 -9.389265261847896
38.9508399894107 -9.420992652618482
38.79090839989417 -9.460609926526185
38.65250908399899 -9.472806099265265
38.49152509084004 -9.463628060992654
38.467115250908456 -9.40573628060993
38.523871152509145 -9.458857362806102
38.51303871152515 -9.464288573628062
38.5813303871153 -9.458442885736282
38.6276133038712 -9.492184428857364
38.74207613303877 -9.538121844288575
38.84582076133044 -9.47148121844289
38.801258207613344 -9.534214812184429
38.77801258207617 -9.451142148121848
38.9715801258208 -9.436311421481221
38.91651580125827 -9.496163114214818
39.075565158012616 -9.490361631142148
38.83775565158016 -9.520603616311423
38.926577556515845 -9.515006036163115
39.13266577556521 -9.464650060361636
39.111926657755674 -9.558346500603617
39.07751926657759 -9.507683465006041
39.248175192665805 -9.501276834650065
39.1928817519267 -9.6167127683465
39.306328817519294 -9.46046712768347
39.28466328817522 -9.52690467127684
39.31864663288178 -9.471469046712773
39.318986466328845 -9.521614690467128
39.30758986466332 -9.510716146904674
39.36447589864666 -9.526207161469047
39.387844758986496 -9.579262071614696
39.37667844758989 -9.555292620716148
39.479166784475915 -9.526552926207165
39.582791667844766 -9.497365529262076
39.67502791667845 -9.553973655292618
39.61895027916679 -9.52373973655293
39.78938950279166 -9.571137397365534
39.69989389502792 -9.542711373973653
39.98399893895026 -9.584827113739738
40.16923998938947 -9.5668482711374
39.703692399893896 -9.573568482711375
39.619236923998955 -9.560435684827112
39.53859236924001 -9.624704356848273
39.526385923692416 -9.589347043568488
39.66306385923693 -9.572193470435682
39.77843063859236 -9.606021934704362
39.9961843063859 -9.599460219347044
40.078161843063825 -9.597994602193472
40.15878161843061 -9.594579946021943
40.14818781618427 -9.627045799460225
39.920081878161824 -9.648470457994604
40.088800818781586 -9.647384704579952
40.07908800818779 -9.6389738470458
40.13599088008184 -9.62238973847046
39.9313599088008 -9.620323897384704
39.872313599088 -9.661003238973855
39.91732313599087 -9.534410032389737
39.91777323135988 -9.651344100323897
39.80377773231359 -9.629413441003239
39.91663777732312 -9.667994134410034
40.0431663777732 -9.702979941344104
40.27243166377769 -9.700829799413443
40.377324316637726 -9.622408297994136
40.45817324316633 -9.768824082979942
40.550181732431604 -9.705088240829802
40.49410181732426 -9.722450882408303
40.504941018173184 -9.752424508824085
40.61904941018167 -9.722424245088245
40.66579049410175 -9.669924242450884
40.70045790494095 -9.694899242424512
40.81480457904934 -9.723348992424244
41.00974804579041 -9.693533489924244
40.93189748045782 -9.753435334899246
41.04511897480449 -9.725134353348993
41.09185118974797 -9.705851343533492
41.126518511897395 -9.719258513435339
41.058465185118905 -9.719092585134355
40.95518465185109 -9.724390925851349
40.98835184651842 -9.721943909258517
41.0456835184651 -9.706919439092589
41.02345683518459 -9.79776919439093
40.90923456835178 -9.703077691943912
40.93089234568343 -9.733630776919442
41.170508923456744 -9.731336307769196
40.88790508923448 -9.71171336307769
41.13587905089226 -9.809317133630781
41.09275879050884 -9.761193171336311
41.080927587905016 -9.824111931713366
41.263209275878964 -9.672441119317135
41.1966320927587 -9.767024411193175
41.27576632092749 -9.843270244111931
41.15115766320919 -9.762832702441123
41.08151157663202 -9.771728327024414
41.194815115766254 -9.777217283270243
41.207348151157575 -9.741972172832702
41.17327348151147 -9.823219721728327
41.309732734815 -9.776032197217289
41.379497327348055 -9.79106032197217
41.45999497327339 -9.785710603219723
41.57479994973264 -9.7674571060322
41.61014799949723 -9.664374571060325
41.63330147999488 -9.772443745710605
41.644933014799854 -9.795724437457107
41.679249330147904 -9.796457244374574
41.65679249330138 -9.877664572443749
41.72496792493292 -9.88987664572444
41.623049679249235 -9.788398766457245
41.6334304967924 -9.768483987664574
41.736134304967834 -9.837884839876644
41.80556134304961 -9.801978848398768
41.760655613430416 -9.798919788483989
41.89700655613424 -9.764889197884843
41.90977006556127 -9.816748891978849
41.93269770065555 -9.786167488919789
41.98992697700652 -9.834161674889199
41.88789926977002 -9.775241616748893
41.989478992697656 -9.811452416167489
41.990494789926906 -9.90331452416168
41.9677049478992 -9.839433145241623
42.16127704947897 -9.84939433145242
42.231612770494806 -9.903093943314525
42.16391612770495 -9.859630939433151
42.23163916127705 -9.893196309394327
42.24371639161275 -9.863931963093943
42.2780371639161 -9.831939319630939
42.39238037163918 -9.84811939319631
42.40492380371642 -9.846281193931969
42.34804923803719 -9.905662811939319
42.33608049238039 -9.887456628119388
42.3929608049238 -9.843074566281196
42.575929608049265 -9.874930745662814
42.48655929608049 -9.898749307456626
42.34886559296083 -9.898687493074572
42.38168865592965 -9.896486874930748
42.313616886559295 -9.875764868749307
42.78033616886566 -9.904157648687493
42.71660336168871 -9.929741576486876
42.750166033616935 -9.83409741576487
42.807501660336236 -9.848440974157645
42.899275016603426 -9.882784409741578
42.84319275016611 -9.846127844097412
42.93383192750172 -9.876061278440973
42.74093831927507 -9.785860612784411
42.75040938319279 -9.830258606127845
42.841704093831986 -9.780102586061279
42.94521704093839 -9.824501025860611
42.94625217040945 -9.88834501025861
42.92346252170417 -9.782083450102585
43.0144346252171 -9.890420834501022
42.94694434625224 -9.824804208345013
43.19706944346259 -9.876148042083452
43.10837069443468 -9.847061480420841
43.210083706944395 -9.838870614804204
43.2453008370695 -9.805088706148043
43.25705300837075 -9.877650887061476
43.35977053008376 -9.885476508870616
43.3037977053009 -9.917754765088706
43.48563797705304 -9.87827754765089
43.510256379770574 -9.844182775476511
43.214102563797766 -9.754841827754767
43.37074102563803 -9.771148418277551
43.36090741025644 -9.81431148418278
43.429209074102594 -9.90984311484183
43.53249209074105 -9.884198431148416
43.75012492090743 -9.807941984311489
43.604101249209094 -9.884879419843115
43.69384101249212 -9.941448794198429
43.694738410124955 -9.999514487941985
43.84294738410127 -9.953195144879423
43.84442947384104 -9.94373195144879
43.77604429473842 -9.930737319514485
43.85516044294741 -9.931007373195149
43.821751604429494 -9.902710073731951
43.901217516044305 -9.900127100737317
43.84501217516047 -9.964001271007373
43.867250121751624 -9.96174001271008
43.86747250121753 -9.953917400127102
43.8902747250122 -9.935539174001269
43.92470274725013 -9.921755391740009
43.86804702747252 -9.9936175539174
43.90168047027475 -9.928436175539174
44.00461680470276 -9.93778436175539
44.07404616804703 -9.936877843617559
44.108940461680476 -9.927768778436178
44.09788940461681 -10.03567768778436
43.98377889404618 -10.095756776877836
44.06243778894047 -10.023957567768777
44.1886243778894 -9.936539575677683
44.201286243778895 -10.015765395756773
44.24701286243778 -10.014557653957567
43.8712701286244 -9.948845576539576
43.92451270128627 -9.932288455765399
43.94784512701289 -9.938522884557653
44.02787845127014 -9.982285228845573
44.302278784512694 -9.992722852288455
44.008622787845134 -9.944827228522884
44.245086227878446 -10.013748272285223
44.293050862278776 -9.974037482722851
44.45313050862276 -9.996240374827225
44.45473130508621 -9.981962403748273
44.46614731305083 -10.024419624037483
44.64866147313048 -9.923544196240378
44.61628661473129 -10.014535441962401
44.467762866147304 -9.988245354419625
44.51187762866144 -9.953182453544194
44.67191877628657 -9.981231824535438
44.78751918776284 -9.998912318245356
44.891275191877575 -9.935489123182458
44.86951275191873 -9.983354891231825
45.00609512751914 -9.99163354891232
45.03026095127515 -10.00301633548912
45.04190260951271 -10.011830163354894
45.03061902609507 -10.012318301633545
45.05330619026089 -10.007423183016334
45.04213306190256 -9.986974231830162
45.042021330618965 -9.9894697423183
45.07622021330613 -9.985194697423184
45.09936220213302 -10.00505194697423
45.15659362202128 -10.003050519469747
45.11156593622016 -9.979930505194696
45.17951565936217 -10.005799305051944
45.22579515659357 -9.930157993050523
45.22625795156589 -9.890901579930507
45.27186257951563 -9.897309015799308
45.20391862579511 -9.999173090157992
45.35143918625793 -10.018291730901582
45.20471439186254 -10.039882917309011
45.305847143918584 -9.966098829173088
45.38665847143914 -10.025660988291726
45.227866584714356 -10.01305660988291
45.10087866584709 -10.010230566098828
45.15660878665844 -10.024502305660985
45.12296608786652 -10.008245023056608
45.22522966087863 -9.971882450230568
45.21485229660874 -9.98191882450231
45.16914852296603 -9.965419188245026
45.1914914852296 -9.998654191882451
45.14611491485225 -10.02088654191882
45.100061149148466 -9.99700886541919
45.042600611491444 -10.065070088654192
45.076226006114865 -9.979250700886544
45.01956226006112 -9.996192507008862
44.99619562260055 -10.021261925070085
45.13276195622595 -10.041712619250701
45.08852761956221 -10.040317126192505
45.12228527619557 -10.01790317126192
45.020022852761905 -10.012279031712618
45.11020022852757 -10.014222790317126
45.09970200228522 -10.051442227903163
45.145197020022806 -10.01821442227903
45.088651970200175 -10.028082144222788
45.14508651970195 -10.014380821442229
45.12285086519699 -10.035443808214417
45.11122850865192 -10.062554438082143
45.179512285086474 -10.030425544380824
45.18019512285081 -9.97330425544381
45.15740195122846 -10.107833042554438
45.271174019512245 -10.019378330425543
45.23811174019509 -10.131593783304258
45.306181117401906 -10.124515937833042
