52.64 -9.94 8.23 
52.64 -9.75 7.15 
52.64 -9.97 7.28 
52.64 -9.69 7.66 
53.78 -9.81 7.25 
52.64 -9.60 8.78 
51.50 -9.88 8.22 
52.64 -9.48 7.73 
52.64 -9.88 7.08 
51.50 -9.88 7.40 
52.64 -9.54 8.94 
52.64 -9.14 6.99 
51.50 -9.54 7.49 
52.64 -9.29 8.09 
51.50 -9.69 8.91 
52.64 -9.69 9.58 
51.50 -9.41 7.55 
51.50 -9.63 8.54 
51.50 -9.63 9.13 
51.50 -9.81 9.46 
51.50 -9.14 7.92 
51.50 -9.81 7.59 
52.64 -9.63 8.36 
52.64 -9.69 7.13 
51.50 -9.48 7.37 
51.50 -9.54 8.22 
52.64 -9.75 7.17 
51.50 -9.63 8.00 
51.50 -9.63 8.30 
51.50 -9.69 9.86 
52.64 -9.81 8.00 
51.50 -9.60 8.49 
51.50 -9.63 7.72 
51.50 -9.54 8.21 
51.50 -10.43 8.46 
51.50 -10.09 7.44 
51.50 -9.88 6.99 
51.50 -9.94 8.39 
51.50 -9.94 7.32 
51.50 -9.60 10.17 
51.50 -9.60 7.28 
51.50 -10.03 7.48 
51.50 -10.09 7.35 
51.50 -9.88 8.29 
51.50 -9.94 7.45 
51.50 -10.15 6.63 
51.50 -10.03 8.20 
51.50 -10.15 7.59 
51.50 -10.09 8.21 
51.50 -9.81 9.37 
51.50 -10.09 8.75 
52.64 -10.28 8.29 
51.50 -9.75 7.82 
51.50 -9.69 9.44 
51.50 -10.03 7.78 
52.64 -9.97 8.11 
52.64 -9.88 7.50 
52.64 -10.03 6.52 
51.50 -10.55 8.28 
52.64 -10.21 7.77 
51.50 -10.15 7.25 
51.50 -9.91 6.88 
51.50 -9.63 9.00 
52.64 -9.75 8.73 
52.64 -9.81 7.87 
51.50 -9.97 8.09 
52.64 -9.94 7.32 
51.50 -9.81 9.12 
51.50 -9.81 8.55 
51.50 -9.81 7.85 
52.64 -9.69 7.33 
52.64 -9.75 10.07 
52.64 -9.94 8.10 
52.64 -9.72 7.18 
51.50 -9.60 8.52 
52.64 -9.97 7.64 
51.50 -10.37 9.71 
51.50 -10.28 7.78 
52.64 -9.97 7.34 
52.64 -10.09 7.27 
52.64 -10.34 7.02 
52.64 -10.15 9.64 
52.64 -11.11 8.93 
52.64 -10.31 7.49 
52.64 -9.97 7.10 
51.50 -9.81 7.21 
52.64 -10.03 6.74 
51.50 -9.75 9.17 
51.50 -9.75 9.19 
52.64 -9.94 7.28 
51.50 -9.81 8.34 
51.50 -10.15 8.00 
52.64 -10.09 7.15 
52.64 -9.88 9.19 
52.64 -9.81 8.55 
52.64 -9.60 9.10 
52.64 -10.03 7.54 
52.64 -9.54 7.50 
52.64 -9.97 7.68 
52.64 -10.09 7.14 
52.64 -9.88 9.69 
52.64 -9.97 8.54 
51.50 -9.60 8.53 
51.50 -9.94 7.14 
52.64 -9.75 7.80 
51.50 -10.34 7.06 
51.50 -9.94 8.04 
52.64 -9.60 8.74 
51.50 -9.88 8.53 
51.50 -9.97 8.08 
51.50 -9.63 8.40 
51.50 -9.81 8.25 
52.64 -9.63 8.36 
51.50 -10.03 8.13 
52.64 -10.28 7.52 
52.64 -9.81 9.39 
51.50 -10.15 7.86 
52.64 -9.97 7.47 
52.64 -9.88 7.78 
51.50 -9.88 7.55 
52.64 -10.28 7.22 
51.50 -10.12 6.56 
52.64 -10.21 8.30 
52.64 -9.81 8.64 
51.50 -9.97 8.60 
52.64 -9.44 8.47 
51.50 -9.69 8.76 
52.64 -9.60 7.48 
52.64 -8.71 9.38 
51.50 -9.88 7.32 
52.64 -10.03 7.42 
52.64 -9.94 8.04 
52.64 -9.75 9.47 
52.64 -9.60 9.79 
52.64 -9.75 10.45 
52.64 -9.81 9.00 
52.64 -9.94 7.61 
51.50 -9.75 9.05 
51.50 -9.81 8.00 
51.50 -9.75 7.47 
52.64 -10.09 7.32 
51.50 -9.94 6.96 
52.64 -9.88 7.67 
53.78 -9.75 8.41 
52.64 -9.88 7.42 
53.78 -10.74 7.00 
52.64 -9.75 9.67 
52.64 -9.94 7.94 
52.64 -9.88 7.94 
52.64 -9.97 7.18 
52.64 -9.81 8.10 
52.64 -10.03 7.25 
51.50 -9.88 7.18 
52.64 -9.88 7.67 
52.64 -9.81 7.65 
52.64 -10.03 8.72 
52.64 -9.72 9.68 
52.64 -9.88 8.33 
51.50 -9.54 9.08 
51.50 -9.94 8.36 
52.64 -10.21 7.58 
52.64 -9.88 8.73 
52.64 -9.94 7.38 
52.64 -9.94 7.65 
52.64 -9.75 7.83 
51.50 -10.03 7.96 
52.64 -10.15 8.95 
52.64 -10.15 8.42 
51.50 -11.26 8.33 
51.50 -10.86 7.74 
52.64 -9.88 7.92 
51.50 -9.94 7.50 
51.50 -10.15 6.73 
52.64 -10.34 7.70 
51.50 -10.21 7.88 
52.64 -10.21 8.02 
52.64 -10.15 7.76 
52.64 -9.88 8.97 
52.64 -9.94 9.51 
52.64 -9.75 8.75 
52.64 -10.15 7.37 
52.64 -9.69 8.58 
52.64 -9.63 7.98 
52.64 -9.75 8.61 
52.64 -9.81 7.44 
52.64 -9.48 8.77 
52.64 -9.88 7.89 
52.64 -9.97 7.32 
52.64 -10.77 7.97 
52.64 -9.69 7.46 
52.64 -10.03 8.12 
52.64 -9.63 8.06 
52.64 -10.09 7.11 
52.64 -10.28 7.14 
51.50 -9.97 7.32 
52.64 -9.88 7.33 
52.64 -9.94 8.12 
52.64 -10.09 7.84 
52.64 -9.75 8.94 
52.64 -9.97 7.34 
52.64 -9.63 7.65 
51.50 -9.88 9.65 
52.64 -9.60 9.54 
52.64 -11.47 8.74 
51.50 -9.88 9.26 
52.64 -9.60 9.92 
52.64 -8.24 9.58 
52.64 -9.97 8.08 
52.64 -10.28 7.93 
52.64 -9.54 7.20 
52.64 -10.09 8.70 
52.64 -12.89 8.74 
52.64 -10.03 7.34 
52.64 -9.14 9.09 
51.50 -9.69 8.11 
52.64 -9.75 8.32 
52.64 -9.88 8.03 
52.64 -9.63 8.59 
52.64 -9.69 8.56 
52.64 -9.94 8.06 
52.64 -10.15 8.34 
52.64 -9.94 7.97 
52.64 -9.81 8.78 
52.64 -9.81 8.58 
51.50 -9.81 7.88 
52.64 -9.75 7.72 
52.64 -10.09 7.67 
52.64 -9.97 7.55 
52.64 -9.94 7.83 
51.50 -9.97 7.02 
52.64 -9.94 7.62 
51.50 -9.94 8.01 
52.64 -11.17 8.38 
52.64 -9.69 7.93 
52.64 -9.88 7.77 
52.64 -10.98 8.34 
52.64 -8.64 7.86 
52.64 -9.81 7.26 
52.64 -9.69 8.66 
52.64 -9.88 8.14 
52.64 -9.75 7.89 
52.64 -9.60 8.41 
52.64 -10.03 8.10 
52.64 -9.63 8.60 
52.64 -11.11 8.65 
52.64 -9.94 9.30 
52.64 -9.63 8.57 
52.64 -9.75 9.21 
52.64 -10.09 7.88 
52.64 -10.09 9.32 
52.64 -9.81 8.89 
52.64 -9.63 9.74 
52.64 -9.38 8.08 
52.64 -9.81 8.42 
52.64 -9.94 8.22 
52.64 -9.75 8.79 
52.64 -9.81 9.36 
51.50 -9.94 7.92 
52.64 -9.94 8.06 
52.64 -9.81 8.59 
51.50 -9.69 8.04 
52.64 -10.09 7.42 
52.64 -9.88 7.89 
52.64 -9.88 8.20 
52.64 -9.94 7.60 
52.64 -10.03 8.72 
52.64 -9.63 6.83 
52.64 -9.94 7.91 
51.50 -9.60 8.22 
52.64 -9.69 7.91 
52.64 -9.88 8.05 
52.64 -7.48 7.74 
52.64 -9.94 7.98 
53.78 -9.44 8.11 
52.64 -9.63 8.14 
52.64 -9.60 8.06 
52.64 -9.94 7.61 
53.78 -9.75 8.22 
52.64 -9.75 8.64 
52.64 -9.94 8.95 
52.64 -8.71 7.87 
52.64 -9.88 8.23 
52.64 -10.15 7.88 
52.64 -8.24 7.31 
52.64 -9.88 8.08 
52.64 -8.92 7.91 
53.78 -9.54 8.60 
52.64 -10.86 7.36 
52.64 -10.21 7.60 
52.64 -9.69 8.59 
52.64 -10.03 7.57 
53.78 -9.88 8.79 
51.50 -10.92 9.20 
52.64 -9.60 9.62 
52.64 -9.63 8.79 
52.64 -10.21 8.08 
52.64 -9.60 7.52 
52.64 -9.75 8.53 
52.64 -9.88 8.30 
52.64 -9.97 7.96 
52.64 -9.94 7.48 
52.64 -9.88 8.33 
52.64 -9.94 9.20 
52.64 -10.34 6.59 
52.64 -9.54 8.97 
52.64 -9.75 7.47 
52.64 -11.17 9.21 
51.50 -9.88 9.42 
52.64 -9.75 9.51 
52.64 -9.75 5.64 
52.64 -9.97 6.67 
52.64 -9.60 8.05 
52.64 -10.12 7.30 
53.78 -10.09 6.73 
52.64 -10.77 6.92 
52.64 -10.03 7.08 
52.64 -10.03 6.78 
52.64 -11.04 6.19 
52.64 -10.21 6.84 
52.64 -9.75 6.71 
52.64 -9.97 7.42 
52.64 -9.63 7.89 
52.64 -9.97 7.59 
52.64 -11.11 7.53 
52.64 -9.81 7.51 
52.64 -9.75 8.07 
52.64 -9.81 7.82 
52.64 -9.54 8.27 
52.64 -9.97 6.94 
51.50 -10.21 5.39 
52.64 -10.92 8.68 
52.64 -9.88 7.65 
52.64 -9.88 6.33 
52.64 -9.81 8.63 
52.64 -9.75 7.27 
52.64 -10.03 8.41 
52.64 -9.94 8.50 
52.64 -11.38 9.28 
52.64 -9.69 9.13 
52.64 -9.97 6.75 
52.64 -8.74 8.92 
52.64 -9.81 9.31 
52.64 -10.09 6.82 
52.64 -9.97 8.97 
52.64 -9.75 9.88 
52.64 -9.54 8.30 
52.64 -10.21 6.63 
52.64 -10.09 6.83 
52.64 -9.88 5.77 
52.64 -10.09 6.91 
52.64 -9.63 7.30 
52.64 -11.04 7.88 
52.64 -9.97 7.31 
52.64 -9.94 7.57 
51.50 -10.15 7.08 
52.64 -8.40 8.11 
52.64 -9.63 6.03 
52.64 -9.63 7.89 
52.64 -10.03 6.97 
52.64 -9.88 7.85 
52.64 -10.09 6.75 
52.64 -10.28 7.06 
52.64 -11.17 7.45 
53.78 -9.81 7.69 
52.64 -10.03 7.06 
52.64 -9.54 9.04 
52.64 -9.88 7.55 
51.50 -9.88 8.66 
52.64 -9.60 8.86 
52.64 -9.97 8.12 
52.64 -11.17 8.14 
52.64 -9.81 6.83 
52.64 -8.98 6.73 
52.64 -9.54 9.43 
52.64 -10.09 6.74 
52.64 -9.81 8.51 
52.64 -10.03 7.89 
51.50 -9.91 7.89 
51.50 -9.88 8.20 
52.64 -10.31 8.14 
52.64 -10.21 8.03 
52.64 -9.97 8.21 
53.78 -10.03 7.67 
52.64 -9.75 6.53 
52.64 -9.48 7.43 
52.64 -9.75 8.76 
52.64 -10.03 8.87 
52.64 -9.35 8.44 
51.50 -10.34 8.14 
52.64 -9.97 8.90 
52.64 -9.54 8.07 
53.78 -10.03 8.02 
52.64 -9.88 8.83 
52.64 -9.97 9.16 
52.64 -9.94 8.05 
52.64 -10.09 8.60 
52.64 -9.81 7.41 
52.64 -9.63 8.67 
52.64 -7.91 6.96 
52.64 -9.63 9.41 
51.50 -8.64 7.27 
52.64 -9.75 9.37 
52.64 -9.75 6.98 
52.64 -7.78 9.37 
52.64 -10.12 7.60 
52.64 -9.35 10.11 
52.64 -9.88 9.20 
52.64 -9.63 7.64 
52.64 -9.75 8.56 
52.64 -9.94 9.79 
52.64 -8.86 7.39 
52.64 -8.80 8.61 
52.64 -9.54 9.60 
52.64 -11.04 5.76 
52.64 -9.81 6.05 
51.50 -9.88 5.80 
53.78 -9.88 7.89 
52.64 -9.75 8.09 
52.64 -9.94 7.79 
52.64 -9.78 7.82 
51.50 -10.28 7.55 
52.64 -10.09 7.75 
52.64 -10.15 7.79 
52.64 -9.75 8.70 
52.64 -9.97 8.30 
52.64 -9.94 8.43 
52.64 -10.28 8.09 
52.64 -9.81 8.38 
52.64 -9.69 8.99 
52.64 -9.97 8.65 
51.50 -9.97 8.38 
52.64 -9.81 9.01 
52.64 -9.81 8.91 
52.64 -9.88 8.68 
52.64 -10.03 8.34 
52.64 -10.09 8.46 
52.64 -9.75 9.66 
52.64 -9.75 9.11 
52.64 -9.88 9.09 
52.64 -10.09 8.82 
52.64 -9.69 7.29 
52.64 -10.06 8.35 
52.64 -9.69 7.10 
52.64 -10.09 8.32 
52.64 -9.81 7.26 
52.64 -10.15 7.97 
52.64 -9.81 8.65 
52.64 -9.75 9.26 
52.64 -10.15 8.11 
52.64 -9.69 6.79 
52.64 -9.81 9.01 
52.64 -9.69 8.27 
52.64 -9.94 6.46 
52.64 -9.97 9.12 
52.64 -9.48 7.86 
52.64 -9.81 8.44 
53.78 -10.03 8.06 
52.64 -9.97 8.20 
52.64 -9.63 7.67 
52.64 -10.09 7.96 
52.64 -9.54 7.29 
52.64 -9.60 8.51 
52.64 -9.88 8.78 
52.64 -10.09 8.79 
51.50 -10.15 8.64 
51.50 -9.69 8.07 
52.64 -10.37 8.48 
52.64 -9.63 8.04 
52.64 -9.69 7.96 
52.64 -9.81 8.76 
52.64 -10.03 7.81 
52.64 -9.60 9.31 
52.64 -10.34 7.68 
52.64 -9.75 6.45 
52.64 -9.97 6.50 
52.64 -11.17 8.40 
52.64 -9.97 6.60 
52.64 -9.81 9.19 
52.64 -9.60 7.65 
52.64 -9.75 6.92 
52.64 -10.15 8.33 
51.50 -9.97 8.45 
52.64 -9.88 9.13 
52.64 -9.97 6.40 
52.64 -9.69 6.62 
52.64 -10.03 5.01 
52.64 -11.35 7.71 
52.64 -9.97 7.03 
52.64 -9.88 6.91 
52.64 -10.89 7.55 
52.64 -9.75 5.90 
52.64 -9.81 5.77 
52.64 -10.03 7.49 
52.64 -9.41 6.89 
52.64 -11.72 8.23 
52.64 -9.63 6.60 
52.64 -9.81 8.83 
52.64 -10.34 9.16 
52.64 -9.75 7.82 
52.64 -9.63 7.35 
52.64 -9.97 8.32 
51.50 -9.94 8.51 
52.64 -9.63 9.25 
52.64 -10.34 9.11 
52.64 -10.03 7.25 
52.64 -9.81 5.85 
52.64 -11.14 7.89 
52.64 -10.03 5.75 
52.64 -10.03 7.16 
52.64 -9.81 5.95 
52.64 -9.97 7.44 
52.64 -9.60 8.89 
52.64 -10.03 5.85 
52.64 -9.69 6.79 
52.64 -10.03 7.97 
53.78 -9.75 7.76 
52.64 -10.09 6.73 
52.64 -9.94 8.40 
52.64 -9.75 7.49 
52.64 -10.09 8.55 
52.64 -10.21 8.22 
52.64 -9.94 8.53 
52.64 -9.54 8.13 
52.64 -9.69 7.65 
52.64 -10.03 6.73 
52.64 -9.94 7.43 
52.64 -9.69 6.12 
52.64 -9.88 5.95 
52.64 -10.03 8.00 
52.64 -10.12 7.02 
52.64 -9.63 8.04 
52.64 -9.75 6.10 
52.64 -10.09 8.01 
52.64 -9.75 9.02 
52.64 -9.35 10.12 
52.64 -10.03 6.82 
52.64 -9.94 5.85 
53.78 -11.32 7.35 
52.64 -9.81 7.16 
53.78 -9.60 7.40 
52.64 -8.37 7.87 
52.64 -9.88 7.64 
52.64 -9.81 6.42 
52.64 -9.75 8.44 
52.64 -9.94 7.77 
52.64 -11.66 8.53 
52.64 -10.09 8.68 
52.64 -10.49 9.00 
52.64 -9.94 8.96 
52.64 -10.28 8.14 
52.64 -9.97 6.75 
52.64 -9.75 7.03 
52.64 -9.69 7.85 
52.64 -9.63 7.73 
52.64 -11.11 6.08 
52.64 -9.81 7.89 
52.64 -9.97 7.26 
52.64 -9.35 8.80 
52.64 -10.21 7.81 
52.64 -9.69 6.95 
52.64 -10.03 7.64 
52.64 -9.97 8.34 
51.50 -9.20 8.50 
52.64 -9.63 8.88 
52.64 -10.03 8.73 
52.64 -9.75 9.48 
52.64 -9.41 6.70 
52.64 -10.03 6.87 
52.64 -9.94 7.65 
51.50 -10.03 6.84 
52.64 -9.97 7.28 
53.78 -9.97 7.20 
53.78 -10.18 7.44 
52.64 -9.35 6.29 
52.64 -9.84 6.97 
52.64 -9.75 8.43 
52.64 -9.81 8.07 
52.64 -9.88 8.85 
52.64 -10.37 7.69 
52.64 -10.03 6.70 
52.64 -10.03 7.21 
52.64 -9.69 7.60 
52.64 -9.88 6.09 
52.64 -9.69 7.97 
53.78 -10.03 6.45 
52.64 -9.75 8.15 
52.64 -10.15 7.62 
52.64 -9.63 7.96 
52.64 -9.69 8.53 
52.64 -8.86 9.14 
52.64 -9.69 7.40 
52.64 -9.94 6.67 
52.64 -8.71 5.40 
52.64 -9.75 5.45 
52.64 -9.81 7.56 
53.78 -9.94 5.28 
53.78 -10.03 7.12 
52.64 -9.60 6.39 
52.64 -9.97 7.15 
52.64 -9.17 7.90 
52.64 -9.69 5.89 
52.64 -10.86 6.30 
52.64 -9.88 7.86 
52.64 -9.69 6.47 
52.64 -9.88 6.10 
52.64 -10.03 6.26 
52.64 -9.97 6.92 
52.64 -9.97 7.13 
52.64 -9.63 7.09 
52.64 -9.81 9.61 
52.64 -9.81 5.87 
52.64 -9.75 5.53 
52.64 -9.88 5.54 
52.64 -10.03 7.22 
52.64 -10.37 8.61 
52.64 -9.17 6.36 
52.64 -9.97 5.69 
52.64 -9.75 7.94 
52.64 -8.64 7.42 
52.64 -9.94 8.68 
52.64 -9.88 7.67 
52.64 -9.97 5.13 
53.78 -9.81 5.56 
52.64 -8.64 5.70 
52.64 -9.88 5.36 
52.64 -9.48 6.94 
52.64 -9.54 5.33 
52.64 -9.81 7.74 
52.64 -9.69 5.96 
52.64 -9.63 6.69 
52.64 -9.69 7.42 
52.64 -9.97 6.14 
52.64 -9.17 7.09 
52.64 -9.94 6.69 
52.64 -9.75 7.22 
52.64 -9.94 6.39 
52.64 -9.88 8.45 
52.64 -9.94 7.44 
52.64 -9.97 6.95 
52.64 -9.81 7.57 
52.64 -9.97 8.37 
52.64 -9.81 6.84 
53.78 -9.75 7.42 
52.64 -9.63 5.54 
52.64 -9.88 5.61 
52.64 -9.69 5.31 
52.64 -9.69 5.77 
52.64 -9.75 7.22 
52.64 -7.91 6.85 
52.64 -9.75 6.58 
52.64 -9.69 7.24 
52.64 -10.15 7.56 
52.64 -9.94 6.97 
52.64 -9.48 10.43 
52.64 -9.81 6.02 
52.64 -10.49 7.62 
52.64 -9.75 6.23 
52.64 -10.74 7.41 
52.64 -9.81 7.25 
52.64 -9.69 6.23 
52.64 -9.97 5.35 
52.64 -10.03 7.42 
52.64 -9.94 5.83 
51.50 -9.63 6.97 
52.64 -9.88 6.80 
52.64 -9.69 7.07 
52.64 -9.81 7.03 
52.64 -9.88 6.42 
52.64 -9.88 7.17 
52.64 -9.88 5.23 
52.64 -9.88 6.37 
52.64 -12.09 6.00 
52.64 -9.60 8.29 
52.64 -9.63 5.91 
52.64 -10.09 5.56 
52.64 -9.97 6.04 
52.64 -10.09 7.93 
52.64 -9.75 6.68 
52.64 -9.54 9.38 
52.64 -9.94 9.17 
52.64 -9.60 5.45 
53.78 -9.69 8.10 
52.64 -10.21 5.27 
52.64 -9.97 6.74 
52.64 -9.69 7.36 
52.64 -10.21 6.13 
52.64 -9.75 7.90 
52.64 -9.81 7.20 
52.64 -9.60 8.35 
52.64 -10.09 7.84 
52.64 -10.09 8.15 
52.64 -8.58 6.85 
51.50 -9.88 8.46 
52.64 -9.63 9.57 
52.64 -9.69 8.58 
51.50 -9.75 8.88 
53.78 -9.81 8.30 
53.78 -10.21 6.41 
52.64 -9.54 10.19 
52.64 -9.69 5.99 
52.64 -9.75 7.59 
52.64 -9.63 6.29 
52.64 -9.97 6.99 
52.64 -10.21 6.72 
52.64 -9.97 26.05 
52.64 -9.97 7.88 
52.64 -9.88 8.50 
52.64 -9.88 8.06 
52.64 -9.35 9.02 
52.64 -9.97 9.31 
52.64 -9.94 7.38 
53.78 -10.15 6.56 
52.64 -9.88 6.95 
52.64 -9.60 8.31 
52.64 -9.63 7.60 
51.50 -10.28 6.90 
52.64 -9.69 7.03 
52.64 -9.94 7.47 
52.64 -9.69 8.04 
52.64 -10.09 7.97 
52.64 -9.97 7.86 
52.64 -9.75 8.73 
52.64 -9.81 8.80 
52.64 -9.81 8.60 
52.64 -9.78 6.45 
52.64 -10.09 6.74 
52.64 -9.88 7.36 
52.64 -9.94 7.47 
51.50 -9.94 7.23 
52.64 -9.97 8.35 
52.64 -9.81 8.10 
52.64 -9.94 8.51 
52.64 -10.03 8.62 
52.64 -10.09 8.53 
52.64 -9.63 9.09 
52.64 -9.94 7.04 
52.64 -10.15 6.79 
52.64 -9.75 7.54 
52.64 -9.75 6.02 
51.50 -9.63 6.19 
52.64 -9.88 8.24 
52.64 -9.88 7.64 
52.64 -9.97 7.10 
52.64 -10.15 7.19 
52.64 -9.88 7.81 
52.64 -9.88 7.98 
52.64 -9.69 8.46 
52.64 -9.97 9.21 
52.64 -10.09 8.34 
52.64 -9.94 8.97 
52.64 -9.88 9.68 
52.64 -9.94 8.95 
52.64 -9.63 7.56 
52.64 -9.69 5.66 
52.64 -9.88 7.66 
52.64 -10.03 7.15 
52.64 -10.21 7.24 
52.64 -9.81 6.06 
52.64 -10.92 8.13 
53.78 -9.75 7.85 
52.64 -9.88 8.52 
52.64 -9.81 8.03 
52.64 -10.28 8.25 
53.78 -8.74 8.33 
52.64 -9.81 9.48 
52.64 -9.94 9.81 
52.64 -10.03 7.56 
52.64 -9.97 7.39 
52.64 -9.60 7.73 
52.64 -9.75 7.14 
52.64 -9.81 7.89 
52.64 -9.88 7.76 
52.64 -9.97 7.26 
52.64 -9.81 7.65 
53.78 -9.94 7.92 
52.64 -9.60 8.74 
52.64 -9.81 8.30 
52.64 -9.94 8.29 
52.64 -8.06 9.34 
52.64 -9.63 7.67 
52.64 -9.94 7.38 
52.64 -9.94 7.97 
52.64 -9.94 6.95 
52.64 -9.97 5.45 
52.64 -9.88 7.96 
52.64 -9.75 6.05 
52.64 -9.88 8.13 
52.64 -9.69 8.33 
52.64 -9.94 8.11 
52.64 -9.94 8.20 
52.64 -9.78 7.99 
52.64 -9.63 7.44 
52.64 -9.81 7.17 
52.64 -9.97 8.49 
52.64 -10.28 8.41 
52.64 -9.63 7.48 
52.64 -9.69 7.63 
52.64 -9.97 7.17 
52.64 -10.09 8.33 
52.64 -9.63 9.40 
52.64 -9.54 6.13 
51.50 -10.09 6.96 
52.64 -9.88 6.61 
52.64 -10.15 7.02 
51.50 -9.88 7.35 
52.64 -10.03 6.73 
52.64 -9.54 8.25 
52.64 -9.94 7.30 
52.64 -9.97 7.44 
52.64 -9.63 8.06 
52.64 -9.97 7.76 
52.64 -10.03 7.72 
52.64 -10.06 7.74 
52.64 -9.88 7.98 
52.64 -9.75 8.71 
52.64 -9.94 8.42 
52.64 -9.81 7.26 
52.64 -9.29 9.76 
52.64 -9.81 6.01 
52.64 -9.63 7.84 
52.64 -9.48 8.11 
52.64 -9.60 6.41 
52.64 -9.69 7.54 
52.64 -10.92 8.13 
52.64 -10.09 5.02 
52.64 -9.75 7.37 
51.50 -9.63 6.12 
52.64 -10.09 7.89 
52.64 -9.75 9.06 
52.64 -10.09 8.07 
52.64 -8.34 8.30 
52.64 -9.81 8.86 
52.64 -9.63 10.15 
53.78 -9.75 8.81 
52.64 -9.97 6.90 
53.78 -9.69 5.99 
52.64 -11.51 7.61 
52.64 -9.69 8.07 
52.64 -9.81 7.54 
53.78 -9.60 6.26 
52.64 -9.60 9.10 
52.64 -9.97 6.26 
52.64 -9.75 8.86 
52.64 -9.60 8.87 
51.50 -9.94 7.11 
52.64 -9.81 5.91 
52.64 -10.15 5.69 
52.64 -9.69 6.02 
52.64 -9.81 8.21 
52.64 -9.88 8.22 
52.64 -9.81 9.21 
52.64 -8.52 7.21 
52.64 -9.41 8.87 
52.64 -9.81 7.17 
52.64 -9.97 5.59 
52.64 -9.81 6.02 
52.64 -10.15 6.82 
52.64 -10.09 7.19 
52.64 -9.97 8.07 
52.64 -9.63 7.95 
52.64 -10.21 7.26 
52.64 -10.28 7.31 
52.64 -9.94 7.93 
52.64 -9.88 8.42 
52.64 -10.03 8.40 
52.64 -9.63 6.72 
52.64 -9.97 6.80 
51.50 -10.43 7.43 
52.64 -9.48 7.01 
52.64 -10.03 6.09 
52.64 -9.81 5.42 
52.64 -11.20 5.95 
52.64 -9.88 7.76 
52.64 -9.69 7.71 
52.64 -10.34 7.35 
52.64 -9.69 8.27 
52.64 -9.88 8.06 
52.64 -10.34 8.34 
52.64 -10.03 8.43 
52.64 -9.88 9.38 
52.64 -9.69 9.12 
52.64 -9.81 6.77 
52.64 -9.60 10.18 
52.64 -9.48 8.24 
52.64 -9.94 7.18 
52.64 -9.63 5.93 
52.64 -9.75 7.71 
52.64 -10.21 7.42 
52.64 -9.41 7.09 
52.64 -9.75 8.84 
52.64 -10.03 8.63 
52.64 -9.88 9.02 
52.64 -10.28 6.50 
52.64 -9.81 7.53 
52.64 -9.60 8.38 
52.64 -9.48 8.50 
52.64 -9.97 6.06 
52.64 -9.81 8.06 
52.64 -9.97 9.16 
52.64 -9.48 9.38 
52.64 -9.97 8.97 
52.64 -9.94 7.13 
52.64 -9.81 5.84 
52.64 -9.60 7.61 
52.64 -10.03 7.01 
52.64 -9.97 7.42 
52.64 -9.81 6.18 
52.64 -9.69 7.39 
52.64 -9.97 7.44 
52.64 -9.81 9.39 
52.64 -9.88 8.90 
52.64 -9.75 7.73 
52.64 -9.54 10.16 
52.64 -9.63 6.14 
52.64 -9.94 7.28 
52.64 -9.81 5.60 
52.64 -10.03 7.18 
52.64 -9.94 8.12 
52.64 -9.69 6.58 
52.64 -9.75 8.87 
52.64 -10.03 8.21 
52.64 -8.52 8.48 
52.64 -9.75 7.85 
52.64 -9.88 8.60 
52.64 -9.88 8.77 
52.64 -9.81 9.77 
52.64 -9.75 5.74 
52.64 -10.15 6.69 
52.64 -9.69 7.40 
52.64 -9.60 7.88 
52.64 -10.21 6.97 
52.64 -10.03 7.58 
52.64 -8.00 7.84 
52.64 -9.01 8.54 
52.64 -10.09 7.82 
52.64 -9.81 7.91 
52.64 -9.54 8.73 
52.64 -9.75 9.29 
52.64 -9.04 8.67 
52.64 -10.21 8.60 
52.64 -9.88 9.29 
52.64 -9.88 7.71 
52.64 -9.94 6.99 
52.64 -10.77 7.40 
52.64 -9.63 7.89 
52.64 -9.75 8.30 
52.64 -9.88 8.44 
52.64 -9.88 8.57 
52.64 -10.03 9.80 
52.64 -10.03 9.02 
52.64 -9.75 7.51 
52.64 -8.37 8.17 
52.64 -9.63 6.96 
52.64 -9.63 7.81 
52.64 -9.81 8.42 
52.64 -9.60 8.96 
52.64 -9.48 9.33 
52.64 -9.88 9.37 
52.64 -9.63 7.04 
52.64 -9.48 9.70 
53.78 -10.09 6.69 
52.64 -9.81 7.47 
52.64 -8.92 8.07 
52.64 -9.88 7.80 
52.64 -9.75 7.82 
52.64 -8.71 7.99 
52.64 -9.88 7.85 
52.64 -10.15 8.13 
52.64 -9.94 8.31 
52.64 -8.74 8.81 
53.78 -9.69 9.11 
52.64 -10.28 9.49 
52.64 -9.88 8.87 
52.64 -9.88 9.02 
52.64 -9.60 9.79 
52.64 -9.94 7.44 
52.64 -9.54 6.79 
52.64 -9.94 7.63 
52.64 -9.88 7.59 
52.64 -9.69 8.10 
52.64 -8.00 8.40 
52.64 -9.97 8.70 
52.64 -9.97 8.62 
52.64 -9.69 9.85 
52.64 -9.94 6.91 
52.64 -10.46 7.69 
52.64 -10.15 6.99 
52.64 -9.75 9.23 
52.64 -9.88 8.57 
53.78 -9.54 9.47 
52.64 -9.63 8.97 
53.78 -9.60 7.48 
51.50 -9.97 5.88 
52.64 -9.69 7.85 
51.50 -9.94 7.78 
52.64 -9.75 7.45 
52.64 -9.75 6.98 
52.64 -9.81 9.58 
52.64 -9.60 10.25 
52.64 -9.94 6.88 
52.64 -10.09 6.89 
52.64 -9.63 8.36 
52.64 -9.81 8.06 
52.64 -9.54 7.52 
52.64 -9.69 9.03 
52.64 -10.03 8.71 
52.64 -9.69 7.37 
52.64 -8.09 7.44 
52.64 -9.48 8.63 
52.64 -9.54 8.44 
52.64 -9.94 7.33 
52.64 -9.97 7.40 
52.64 -10.03 7.93 
52.64 -9.97 9.12 
53.78 -11.29 9.00 
52.64 -9.63 9.65 
52.64 -10.15 6.67 
52.64 -10.34 6.65 
53.78 -9.81 7.69 
52.64 -9.69 6.14 
52.64 -9.75 7.91 
52.64 -10.03 7.68 
52.64 -8.64 7.89 
52.64 -9.81 7.94 
52.64 -9.94 8.32 
52.64 -9.88 8.80 
53.78 -9.69 8.53 
52.64 -10.15 8.28 
52.64 -10.09 9.36 
52.64 -10.09 6.96 
52.64 -9.69 5.72 
52.64 -9.69 5.79 
52.64 -9.81 7.13 
52.64 -9.75 8.08 
52.64 -9.81 8.23 
52.64 -9.97 7.02 
53.78 -8.77 6.61 
52.64 -9.81 8.55 
52.64 -9.81 9.17 
52.64 -9.75 9.28 
52.64 -9.81 9.08 
52.64 -9.97 9.02 
53.78 -9.88 8.82 
52.64 -9.94 7.42 
52.64 -10.12 8.68 
52.64 -8.77 9.63 
52.64 -8.80 7.39 
52.64 -9.88 5.88 
52.64 -10.03 6.85 
52.64 -10.09 7.26 
52.64 -9.88 6.25 
52.64 -9.69 7.93 
52.64 -9.75 7.91 
52.64 -11.20 8.60 
52.64 -9.63 9.26 
52.64 -9.75 9.55 
52.64 -9.94 7.97 
52.64 -9.75 7.44 
52.64 -9.97 6.92 
52.64 -9.88 7.60 
52.64 -9.69 7.89 
52.64 -10.09 7.40 
52.64 -9.69 7.77 
52.64 -9.97 7.40 
52.64 -10.15 7.77 
52.64 -10.09 8.60 
52.64 -9.97 7.95 
52.64 -9.35 8.19 
51.50 -9.88 8.69 
52.64 -9.54 7.78 
52.64 -9.63 10.18 
53.78 -9.88 7.16 
52.64 -9.97 6.76 
52.64 -10.03 7.16 
52.64 -9.94 7.41 
52.64 -9.63 8.11 
52.64 -10.09 7.42 
52.64 -9.88 7.79 
52.64 -10.15 8.20 
53.78 -9.97 8.42 
52.64 -9.88 8.51 
52.64 -9.81 8.78 
52.64 -10.09 6.79 
52.64 -10.03 6.71 
52.64 -9.94 7.71 
52.64 -10.21 6.91 
52.64 -9.75 7.80 
52.64 -9.97 7.43 
52.64 -12.15 8.21 
52.64 -10.83 8.97 
52.64 -9.94 9.36 
52.64 -9.81 5.65 
52.64 -9.94 7.55 
52.64 -10.58 6.98 
52.64 -10.15 6.71 
52.64 -9.75 6.16 
52.64 -10.92 8.25 
52.64 -9.94 7.24 
52.64 -9.88 6.20 
52.64 -8.64 7.61 
52.64 -9.81 6.37 
52.64 -10.21 8.69 
52.64 -9.94 8.80 
52.64 -9.75 9.75 
52.64 -9.81 7.66 
52.64 -9.88 7.82 
53.78 -9.97 7.62 
52.64 -9.97 7.71 
52.64 -9.75 7.55 
52.64 -10.64 6.03 
52.64 -10.09 7.53 
52.64 -9.97 6.87 
52.64 -9.60 8.55 
52.64 -9.75 8.30 
52.64 -9.94 8.72 
52.64 -10.15 8.47 
52.64 -10.03 7.39 
52.64 -9.81 9.48 
52.64 -10.03 6.75 
52.64 -9.88 7.64 
52.64 -10.15 7.54 
52.64 -9.54 6.91 
51.50 -10.21 7.74 
52.64 -9.94 8.34 
52.64 -9.63 9.18 
52.64 -12.86 9.05 
52.64 -9.88 9.19 
52.64 -9.94 6.67 
52.64 -9.94 7.44 
52.64 -10.15 7.12 
52.64 -9.57 6.96 
52.64 -10.03 7.17 
53.78 -10.21 6.94 
52.64 -10.03 7.03 
52.64 -9.60 8.70 
51.50 -9.75 8.38 
52.64 -11.78 8.27 
52.64 -9.81 8.70 
52.64 -9.81 6.69 
52.64 -9.60 7.86 
52.64 -9.60 8.49 
52.64 -9.75 7.58 
52.64 -10.03 6.97 
52.64 -9.88 6.81 
52.64 -9.60 6.63 
53.78 -9.88 7.27 
52.64 -8.58 6.66 
52.64 -9.75 6.70 
52.64 -9.60 9.07 
52.64 -8.64 8.92 
52.64 -9.75 8.22 
52.64 -10.21 6.55 
52.64 -9.63 7.68 
52.64 -10.03 6.82 
52.64 -9.75 7.66 
52.64 -9.54 7.11 
52.64 -8.58 6.68 
52.64 -9.75 6.99 
52.64 -9.88 6.68 
52.64 -10.21 8.43 
52.64 -9.81 8.47 
52.64 -9.97 8.24 
52.64 -8.80 7.74 
52.64 -9.63 6.51 
52.64 -9.81 7.62 
51.50 -9.94 7.17 
52.64 -9.81 6.13 
52.64 -9.88 6.11 
52.64 -9.88 7.97 
52.64 -10.03 6.35 
52.64 -9.81 8.56 
52.64 -9.94 8.68 
52.64 -8.37 8.09 
52.64 -9.81 7.73 
52.64 -9.81 9.34 
52.64 -9.97 6.64 
52.64 -9.75 9.10 
53.78 -10.03 6.73 
52.64 -9.63 7.15 
52.64 -9.97 7.19 
52.64 -9.97 7.11 
52.64 -9.63 7.72 
52.64 -9.97 5.60 
52.64 -9.75 7.67 
52.64 -9.81 8.31 
52.64 -9.88 8.22 
52.64 -9.75 7.83 
52.64 -10.03 8.44 
52.64 -9.94 4.83 
52.64 -9.94 6.93 
52.64 -9.97 5.17 
52.64 -9.69 7.94 
52.64 -9.97 7.55 
53.78 -10.21 7.78 
53.78 -10.15 8.31 
52.64 -9.81 9.02 
52.64 -10.09 8.46 
52.64 -9.81 7.56 
52.64 -9.81 6.96 
52.64 -9.97 6.84 
53.78 -9.32 5.94 
52.64 -9.97 7.12 
51.50 -9.81 5.93 
52.64 -9.97 8.49 
52.64 -9.88 7.53 
52.64 -9.97 6.26 
52.64 -10.03 7.68 
52.64 -9.57 7.99 
52.64 -9.97 6.35 
52.64 -10.03 8.86 
52.64 -9.54 9.47 
52.64 -9.75 9.75 
52.64 -10.09 6.57 
52.64 -9.69 6.71 
52.64 -9.88 5.38 
52.64 -10.15 6.69 
52.64 -9.69 6.01 
52.64 -9.97 7.34 
52.64 -9.75 8.11 
52.64 -9.63 7.83 
53.78 -9.63 6.64 
52.64 -9.88 9.00 
51.50 -10.09 8.90 
53.78 -9.81 7.28 
52.64 -10.21 6.68 
52.64 -9.41 6.49 
52.64 -9.88 6.84 
52.64 -9.97 5.84 
52.64 -10.03 7.17 
52.64 -9.69 8.12 
52.64 -9.88 7.85 
53.78 -9.75 6.52 
52.64 -9.97 8.29 
52.64 -8.37 7.06 
52.64 -9.88 6.46 
52.64 -9.97 7.20 
52.64 -10.03 8.73 
52.64 -9.51 8.90 
52.64 -9.97 6.64 
52.64 -9.81 5.87 
52.64 -9.97 6.63 
52.64 -9.88 6.66 
52.64 -9.63 6.82 
52.64 -9.54 6.44 
52.64 -10.21 7.72 
53.78 -9.81 6.63 
52.64 -10.09 8.29 
52.64 -9.75 6.77 
52.64 -9.60 8.09 
52.64 -9.75 7.02 
52.64 -9.75 8.04 
52.64 -9.60 7.68 
52.64 -10.98 8.04 
52.64 -10.92 7.40 
52.64 -9.94 9.29 
52.64 -10.34 8.88 
52.64 -9.94 8.93 
52.64 -9.81 8.93 
53.78 -9.54 7.88 
52.64 -9.63 5.91 
52.64 -9.41 6.34 
52.64 -9.81 5.37 
52.64 -11.41 5.18 
52.64 -9.54 7.92 
52.64 -10.09 8.62 
52.64 -9.75 8.46 
52.64 -9.97 7.55 
52.64 -9.69 8.18 
52.64 -9.97 6.50 
52.64 -9.54 8.12 
52.64 -9.75 7.67 
52.64 -9.75 8.40 
52.64 -9.97 6.59 
52.64 -9.63 7.37 
52.64 -9.91 4.97 
52.64 -9.97 5.95 
53.78 -9.81 7.72 
52.64 -11.11 7.59 
52.64 -11.04 8.36 
52.64 -9.75 8.45 
52.64 -10.03 8.33 
52.64 -9.75 7.31 
52.64 -9.94 8.34 
52.64 -9.69 7.17 
52.64 -10.09 8.82 
52.64 -9.88 7.75 
52.64 -9.75 6.98 
52.64 -9.81 7.30 
52.64 -9.97 5.63 
52.64 -10.15 7.02 
52.64 -9.94 7.96 
52.64 -9.60 8.87 
52.64 -9.63 9.09 
52.64 -9.69 9.33 
52.64 -9.75 5.59 
52.64 -9.63 6.66 
52.64 -9.75 5.93 
52.64 -9.88 6.96 
52.64 -9.75 6.32 
52.64 -9.88 7.82 
53.78 -9.88 8.47 
52.64 -9.60 7.67 
52.64 -9.97 9.05 
52.64 -10.61 9.36 
52.64 -9.41 8.06 
53.78 -9.81 7.93 
52.64 -8.46 9.64 
53.78 -9.69 7.79 
52.64 -9.97 5.18 
52.64 -9.75 8.01 
52.64 -9.41 7.69 
52.64 -9.81 7.92 
52.64 -9.94 8.29 
52.64 -9.69 8.67 
52.64 -10.71 7.90 
52.64 -9.88 7.43 
52.64 -9.81 7.28 
52.64 -11.60 6.34 
52.64 -8.37 6.91 
52.64 -10.58 7.51 
52.64 -9.60 6.24 
52.64 -9.60 8.70 
52.64 -11.11 8.30 
52.64 -9.88 9.16 
52.64 -8.92 8.14 
52.64 -10.03 7.97 
52.64 -9.11 5.37 
52.64 -10.40 6.17 
52.64 -9.81 5.89 
52.64 -10.03 6.94 
52.64 -8.46 6.07 
52.64 -9.63 8.46 
52.64 -9.88 8.04 
52.64 -9.69 9.31 
52.64 -9.69 7.41 
51.50 -10.21 8.90 
52.64 -9.75 7.39 
52.64 -10.21 8.01 
52.64 -9.94 7.32 
52.64 -11.17 9.16 
52.64 -9.81 7.91 
52.64 -9.48 8.12 
52.64 -10.09 6.95 
52.64 -9.60 7.92 
52.64 -9.94 7.09 
52.64 -10.21 7.34 
52.64 -10.21 7.61 
52.64 -9.88 8.84 
52.64 -6.06 7.10 
52.64 -9.57 8.71 
52.64 -9.94 4.87 
53.78 -10.09 7.22 
52.64 -9.54 6.10 
52.64 -10.03 6.84 
52.64 -9.75 7.69 
52.64 -9.75 6.76 
52.64 -9.54 7.28 
52.64 -10.09 7.17 
53.78 -9.97 8.69 
52.64 -9.54 8.59 
52.64 -9.60 7.58 
52.64 -9.88 5.82 
52.64 -9.81 5.99 
52.64 -9.69 6.44 
52.64 -10.03 7.73 
51.50 -9.75 7.04 
52.64 -9.88 7.96 
52.64 -11.04 6.98 
52.64 -9.75 8.95 
52.64 -10.21 6.44 
52.64 -10.15 5.15 
52.64 -9.88 5.87 
52.64 -9.63 6.66 
52.64 -9.88 7.74 
52.64 -10.15 7.18 
52.64 -9.75 8.20 
52.64 -9.97 5.95 
52.64 -9.63 8.97 
52.64 -10.80 9.48 
52.64 -9.63 6.07 
52.64 -9.94 7.51 
52.64 -10.15 5.30 
51.50 -9.35 7.71 
52.64 -10.03 8.50 
52.64 -9.69 7.72 
52.64 -9.91 7.76 
52.64 -9.97 8.73 
52.64 -9.94 8.74 
52.64 -10.21 8.82 
52.64 -9.88 9.02 
52.64 -10.15 6.91 
53.78 -9.75 6.98 
52.64 -9.97 5.26 
51.50 -9.97 6.91 
52.64 -9.75 6.89 
52.64 -9.88 7.84 
53.78 -9.60 7.93 
52.64 -9.81 8.03 
52.64 -9.88 6.45 
53.78 -10.15 7.43 
52.64 -10.03 6.57 
52.64 -9.81 8.43 
52.64 -9.54 7.50 
52.64 -9.69 7.38 
52.64 -9.81 7.71 
52.64 -9.54 8.25 
52.64 -10.15 7.65 
52.64 -9.94 8.18 
52.64 -9.94 6.50 
52.64 -9.81 8.85 
52.64 -9.48 9.81 
52.64 -9.88 5.62 
52.64 -11.04 7.77 
52.64 -9.94 7.03 
51.50 -10.09 7.21 
52.64 -9.69 8.10 
52.64 -10.89 8.38 
52.64 -9.97 7.61 
52.64 -9.69 7.33 
52.64 -9.20 8.51 
52.64 -9.60 9.14 
52.64 -10.15 7.73 
52.64 -9.97 8.39 
52.64 -9.88 8.36 
52.64 -9.88 8.99 
52.64 -9.97 8.17 
52.64 -9.60 10.06 
52.64 -10.28 8.74 
52.64 -9.54 7.67 
52.64 -10.09 8.54 
52.64 -9.69 9.03 
52.64 -10.03 5.44 
52.64 -9.75 7.16 
52.64 -10.92 6.32 
52.64 -10.09 7.75 
52.64 -9.48 6.71 
52.64 -9.63 9.46 
52.64 -9.97 8.43 
52.64 -9.97 6.96 
52.64 -10.03 7.29 
52.64 -10.15 6.84 
52.64 -9.94 5.41 
52.64 -8.52 5.93 
52.64 -9.88 7.00 
52.64 -9.60 7.85 
52.64 -9.60 7.08 
52.64 -9.75 6.10 
52.64 -9.54 7.98 
52.64 -9.60 7.00 
52.64 -9.75 7.59 
52.64 -10.09 7.18 
51.50 -8.52 9.19 
52.64 -9.97 8.31 
52.64 -9.97 8.48 
52.64 -9.60 7.92 
52.64 -9.54 7.99 
52.64 -9.75 7.12 
52.64 -9.60 6.07 
53.78 -8.06 8.05 
52.64 -9.97 7.26 
52.64 -9.60 6.67 
53.78 -8.37 6.82 
53.78 -9.94 8.05 
52.64 -8.52 7.00 
52.64 -9.88 9.11 
52.64 -9.35 9.04 
52.64 -9.75 5.39 
52.64 -8.71 8.73 
52.64 -9.63 7.99 
52.64 -9.75 5.56 
52.64 -9.75 6.91 
52.64 -9.54 8.76 
52.64 -10.03 7.40 
52.64 -9.60 6.83 
52.64 -10.34 8.28 
52.64 -10.03 6.57 
52.64 -9.69 7.95 
52.64 -9.88 5.06 
52.64 -9.69 5.80 
52.64 -9.97 6.90 
52.64 -9.94 5.95 
52.64 -10.12 8.10 
52.64 -9.60 7.26 
52.64 -9.97 8.71 
52.64 -10.15 8.15 
52.64 -9.97 7.13 
51.50 -9.63 8.75 
52.64 -9.94 9.16 
52.64 -11.41 5.07 
52.64 -9.63 7.64 
52.64 -9.88 7.86 
52.64 -9.75 7.65 
52.64 -10.09 7.26 
52.64 -9.75 6.18 
52.64 -9.54 7.60 
51.50 -10.15 7.90 
52.64 -9.69 7.78 
52.64 -9.88 6.66 
52.64 -10.21 8.12 
52.64 -9.75 7.27 
52.64 -9.94 8.50 
51.50 -10.28 8.20 
52.64 -10.15 8.85 
52.64 -9.97 8.85 
52.64 -9.69 8.37 
52.64 -10.21 6.64 
52.64 -9.94 7.01 
52.64 -9.94 7.09 
52.64 -9.60 7.92 
52.64 -9.81 8.00 
52.64 -9.97 8.30 
51.50 -10.86 6.94 
52.64 -9.81 8.52 
52.64 -9.60 8.29 
52.64 -9.75 9.21 
53.78 -9.88 5.63 
52.64 -9.63 7.67 
53.78 -9.88 7.30 
52.64 -10.15 6.91 
52.64 -9.69 7.93 
52.64 -9.69 8.78 
51.50 -8.24 7.43 
52.64 -9.97 7.67 
52.64 -9.81 8.68 
52.64 -9.75 8.12 
52.64 -11.11 8.59 
52.64 -11.17 8.94 
52.64 -9.75 6.97 
52.64 -9.81 9.06 
51.50 -9.97 9.25 
52.64 -11.38 7.99 
52.64 -10.28 6.56 
52.64 -9.88 5.90 
53.78 -8.92 7.30 
52.64 -9.97 5.79 
52.64 -11.11 7.26 
52.64 -10.21 8.31 
52.64 -9.63 7.52 
52.64 -9.94 8.17 
52.64 -9.63 9.29 
52.64 -9.94 9.04 
53.78 -9.69 9.20 
52.64 -9.75 7.41 
52.64 -9.88 5.67 
52.64 -10.03 6.90 
52.64 -9.81 8.01 
52.64 -10.09 6.28 
52.64 -9.88 7.59 
52.64 -10.34 6.94 
52.64 -10.15 8.49 
52.64 -9.94 7.31 
52.64 -9.63 9.53 
52.64 -9.88 8.71 
52.64 -10.03 7.17 
52.64 -10.43 6.56 
52.64 -10.03 7.60 
52.64 -9.94 7.45 
52.64 -9.94 6.44 
52.64 -9.94 8.22 
52.64 -9.63 8.09 
52.64 -9.97 7.14 
53.78 -9.81 7.31 
52.64 -9.94 6.93 
52.64 -9.75 7.77 
52.64 -9.48 6.45 
52.64 -9.94 6.94 
52.64 -9.81 5.72 
52.64 -9.75 6.82 
52.64 -9.88 8.13 
53.78 -9.88 8.51 
52.64 -11.35 7.80 
51.50 -9.97 7.20 
52.64 -9.88 7.06 
52.64 -9.69 6.67 
52.64 -9.75 6.54 
52.64 -10.09 7.33 
52.64 -9.97 6.18 
52.64 -10.09 8.03 
52.64 -10.15 8.29 
52.64 -7.84 9.73 
51.50 -9.88 5.31 
52.64 -9.63 6.06 
52.64 -9.69 5.83 
52.64 -9.60 6.41 
52.64 -10.03 5.42 
52.64 -9.81 6.11 
52.64 -10.21 8.78 
52.64 -10.09 8.62 
52.64 -10.03 8.44 
52.64 -10.09 8.37 
52.64 -9.63 7.41 
52.64 -9.94 7.21 
52.64 -9.81 6.64 
52.64 -10.09 6.84 
52.64 -9.54 6.31 
52.64 -10.03 5.59 
52.64 -9.75 6.00 
52.64 -9.97 8.29 
52.64 -10.15 8.31 
52.64 -9.63 7.49 
52.64 -9.75 7.09 
52.64 -9.48 7.65 
52.64 -9.88 8.67 
52.64 -10.09 4.89 
53.78 -9.69 6.04 
52.64 -9.97 7.00 
52.64 -10.03 6.85 
51.50 -9.69 5.64 
52.64 -9.48 7.10 
52.64 -9.97 5.78 
52.64 -9.75 6.29 
52.64 -9.69 7.24 
52.64 -9.60 8.15 
52.64 -9.97 7.10 
53.78 -9.88 7.59 
52.64 -9.88 5.49 
52.64 -10.34 6.67 
51.50 -9.94 5.92 
52.64 -8.58 5.87 
53.78 -9.63 6.61 
53.78 -9.94 7.94 
52.64 -10.37 7.62 
53.78 -9.63 8.41 
53.78 -10.03 7.83 
52.64 -9.81 8.45 
52.64 -10.09 8.28 
52.64 -9.48 7.84 
52.64 -9.94 7.23 
51.50 -10.09 9.44 
52.64 -10.03 5.14 
52.64 -9.94 5.47 
52.64 -10.21 6.91 
52.64 -9.63 5.95 
52.64 -8.74 8.21 
52.64 -10.18 5.98 
52.64 -9.63 6.84 
52.64 -9.54 7.83 
52.64 -9.94 6.97 
52.64 -10.18 6.69 
52.64 -10.28 6.60 
52.64 -9.75 5.35 
52.64 -9.75 6.43 
51.50 -9.75 7.72 
52.64 -9.88 5.64 
52.64 -9.69 7.14 
52.64 -9.81 6.84 
52.64 -9.97 7.55 
52.64 -9.63 7.18 
53.78 -9.69 5.96 
52.64 -9.94 6.15 
52.64 -9.41 6.29 
52.64 -9.81 6.28 
53.78 -10.15 7.51 
52.64 -9.97 6.23 
52.64 -9.75 7.28 
53.78 -9.29 7.61 
52.64 -9.94 6.90 
51.50 -9.88 9.36 
52.64 -9.75 7.05 
52.64 -9.75 5.96 
52.64 -10.15 6.91 
52.64 -10.55 7.16 
52.64 -9.88 8.22 
52.64 -10.09 8.78 
52.64 -9.97 7.39 
52.64 -9.11 7.35 
53.78 -10.09 7.15 
52.64 -9.94 7.23 
52.64 -9.75 6.76 
53.78 -8.64 8.06 
52.64 -10.15 6.58 
52.64 -9.94 9.01 
52.64 -10.15 8.96 
52.64 -9.94 9.25 
52.64 -9.69 6.81 
52.64 -9.69 5.91 
52.64 -8.52 5.85 
52.64 -10.15 5.74 
52.64 -9.94 6.05 
52.64 -9.60 7.27 
52.64 -9.97 9.25 
52.64 -9.81 8.55 
52.64 -9.69 7.89 
52.64 -10.09 6.60 
52.64 -10.03 5.31 
52.64 -9.60 6.40 
52.64 -10.83 5.89 
52.64 -8.86 8.43 
53.78 -10.03 7.91 
52.64 -10.09 7.93 
52.64 -10.03 8.06 
52.64 -9.88 8.98 
52.64 -9.60 7.20 
53.78 -9.88 7.24 
52.64 -10.09 6.95 
52.64 -9.88 5.74 
52.64 -9.94 5.65 
52.64 -10.09 6.74 
52.64 -9.54 6.69 
52.64 -10.03 7.55 
52.64 -9.75 8.31 
52.64 -9.88 7.72 
52.64 -10.03 8.19 
52.64 -9.63 8.10 
52.64 -9.75 7.60 
52.64 -9.88 6.67 
52.64 -10.09 6.86 
52.64 -9.81 7.46 
52.64 -9.69 6.43 
52.64 -9.54 6.38 
52.64 -9.94 7.40 
52.64 -9.94 7.56 
52.64 -9.97 7.63 
52.64 -9.97 7.94 
52.64 -9.81 6.91 
51.50 -9.75 7.48 
53.78 -9.94 9.18 
52.64 -10.34 4.81 
52.64 -10.09 6.81 
52.64 -9.97 7.05 
51.50 -9.81 6.22 
52.64 -9.54 7.12 
52.64 -9.75 7.96 
52.64 -10.58 8.28 
52.64 -9.94 8.78 
52.64 -9.94 7.05 
52.64 -10.09 6.69 
52.64 -10.03 7.03 
52.64 -9.63 5.97 
52.64 -10.09 7.08 
52.64 -9.97 5.58 
52.64 -9.63 7.84 
52.64 -9.81 7.55 
52.64 -10.03 5.96 
52.64 -9.97 8.49 
52.64 -10.03 8.99 
52.64 -10.09 7.49 
52.64 -9.94 7.69 
52.64 -8.58 5.34 
52.64 -9.88 7.05 
52.64 -9.88 5.69 
52.64 -9.88 5.84 
53.78 -10.03 6.92 
52.64 -9.94 6.61 
52.64 -9.88 8.39 
51.50 -9.97 6.17 
52.64 -9.29 6.76 
52.64 -10.09 6.88 
52.64 -9.75 5.95 
53.78 -9.81 6.15 
52.64 -10.03 6.42 
52.64 -10.15 7.65 
52.64 -10.09 6.07 
52.64 -9.75 8.89 
52.64 -9.60 7.49 
52.64 -9.94 4.89 
51.50 -8.18 6.36 
52.64 -9.97 5.41 
52.64 -9.41 6.45 
52.64 -9.94 6.29 
52.64 -9.54 6.86 
52.64 -8.74 6.33 
52.64 -9.78 8.76 
52.64 -9.54 8.86 
52.64 -9.75 7.35 
52.64 -9.63 5.85 
52.64 -9.60 7.61 
52.64 -9.88 5.92 
53.78 -10.21 6.84 
52.64 -9.57 5.40 
52.64 -9.97 7.31 
53.78 -9.69 6.25 
52.64 -9.69 8.43 
52.64 -9.88 7.14 
52.64 -9.88 8.60 
52.64 -9.94 5.61 
52.64 -9.97 5.34 
52.64 -9.94 7.11 
51.50 -9.97 5.85 
53.78 -9.81 5.65 
52.64 -10.03 5.70 
52.64 -9.81 8.01 
52.64 -9.81 6.22 
52.64 -9.69 8.29 
52.64 -9.97 8.81 
52.64 -9.81 5.03 
52.64 -9.60 6.22 
52.64 -9.81 7.78 
52.64 -9.81 5.72 
52.64 -9.94 7.04 
52.64 -9.60 7.51 
52.64 -9.97 7.53 
52.64 -9.94 8.15 
52.64 -9.94 6.79 
52.64 -11.17 8.99 
52.64 -9.75 9.85 
52.64 -10.03 7.18 
52.64 -9.60 6.01 
52.64 -9.94 5.13 
52.64 -9.88 6.01 
52.64 -10.09 7.70 
52.64 -9.75 6.75 
52.64 -10.34 7.70 
52.64 -9.60 8.00 
52.64 -9.75 6.97 
52.64 -11.26 5.17 
52.64 -10.15 5.64 
52.64 -9.94 6.96 
52.64 -10.15 5.24 
52.64 -10.77 8.91 
52.64 -9.60 6.97 
52.64 -9.63 6.01 
52.64 -9.75 6.20 
52.64 -9.88 8.21 
52.64 -10.15 7.83 
52.64 -10.21 5.93 
52.64 -10.03 7.94 
52.64 -9.69 7.80 
52.64 -9.63 7.82 
52.64 -9.75 6.64 
52.64 -10.03 6.58 
52.64 -10.03 6.93 
53.78 -11.17 5.67 
52.64 -9.97 7.72 
52.64 -9.94 6.12 
52.64 -10.21 5.63 
51.50 -9.75 6.54 
52.64 -9.60 7.33 
52.64 -9.63 10.32 
52.64 -9.32 5.85 
52.64 -10.64 8.33 
52.64 -9.60 5.86 
52.64 -10.34 7.21 
52.64 -10.86 6.44 
52.64 -9.97 5.47 
52.64 -9.60 6.91 
52.64 -9.69 6.41 
52.64 -10.34 7.88 
52.64 -10.09 6.53 
52.64 -9.88 7.56 
52.64 -9.54 7.95 
52.64 -10.95 5.94 
52.64 -9.81 5.67 
52.64 -9.69 6.46 
52.64 -9.63 6.37 
52.64 -10.12 8.29 
52.64 -9.75 6.72 
52.64 -9.94 6.46 
52.64 -9.75 9.83 
52.64 -9.75 5.23 
52.64 -9.88 7.29 
52.64 -9.88 7.65 
52.64 -9.88 5.55 
52.64 -10.92 5.86 
51.50 -9.94 7.04 
52.64 -9.48 7.03 
52.64 -9.88 6.17 
52.64 -9.69 6.75 
52.64 -9.88 8.78 
51.50 -9.04 7.20 
52.64 -9.97 7.28 
52.64 -9.94 6.66 
52.64 -9.48 10.51 
52.64 -9.81 6.02 
52.64 -9.88 5.84 
52.64 -9.97 6.11 
53.78 -10.03 5.91 
52.64 -10.03 8.35 
52.64 -9.88 7.83 
52.64 -9.88 6.85 
52.64 -9.66 8.58 
52.64 -9.41 6.61 
52.64 -9.81 7.17 
52.64 -9.75 7.57 
52.64 -9.88 5.95 
52.64 -9.94 7.65 
52.64 -9.88 7.75 
52.64 -9.69 7.25 
52.64 -9.81 7.13 
52.64 -9.81 7.88 
52.64 -10.09 6.49 
52.64 -9.69 5.70 
52.64 -9.94 5.43 
52.64 -9.88 5.74 
52.64 -9.75 7.92 
52.64 -9.88 6.17 
52.64 -10.03 8.27 
52.64 -9.88 6.43 
52.64 -9.60 7.50 
52.64 -9.81 6.14 
52.64 -9.75 7.75 
52.64 -9.48 6.63 
52.64 -9.97 7.04 
51.50 -10.21 7.25 
52.64 -9.41 8.66 
52.64 -10.28 7.08 
52.64 -10.15 7.66 
52.64 -9.48 7.50 
52.64 -9.75 8.13 
52.64 -8.40 7.10 
52.64 -9.60 9.22 
52.64 -9.75 7.81 
52.64 -10.21 6.79 
53.78 -9.97 7.60 
52.64 -10.15 7.18 
52.64 -9.54 6.86 
52.64 -9.88 8.33 
52.64 -9.97 8.19 
52.64 -10.09 8.50 
53.78 -10.09 6.75 
52.64 -9.88 5.67 
52.64 -9.94 5.38 
52.64 -9.97 7.39 
52.64 -10.34 6.73 
52.64 -9.60 7.52 
52.64 -9.97 8.08 
52.64 -9.97 5.85 
52.64 -9.94 8.25 
52.64 -9.97 8.39 
52.64 -9.69 9.48 
52.64 -9.88 8.52 
52.64 -9.81 9.24 
52.64 -9.63 5.70 
52.64 -9.97 5.98 
52.64 -9.88 5.94 
52.64 -9.91 6.50 
52.64 -10.09 7.14 
52.64 -9.63 6.86 
52.64 -9.94 7.71 
52.64 -10.34 7.88 
51.50 -9.63 7.95 
52.64 -11.44 8.15 
52.64 -9.97 8.37 
52.64 -9.69 8.83 
52.64 -9.88 5.93 
52.64 -9.72 6.86 
52.64 -10.09 5.63 
52.64 -10.09 6.01 
53.78 -10.03 8.28 
52.64 -9.88 9.46 
52.64 -9.94 6.75 
52.64 -10.98 5.95 
51.50 -9.97 6.69 
52.64 -9.60 6.48 
52.64 -10.21 6.96 
52.64 -10.09 7.29 
52.64 -9.54 7.40 
52.64 -9.69 8.14 
52.64 -9.81 7.32 
52.64 -9.35 9.03 
52.64 -10.95 7.99 
52.64 -9.88 5.73 
52.64 -10.15 7.36 
52.64 -9.97 5.51 
52.64 -8.31 6.84 
52.64 -8.52 6.81 
52.64 -9.88 8.49 
52.64 -9.60 8.88 
53.78 -9.88 5.33 
52.64 -9.97 6.67 
52.64 -9.94 5.05 
52.64 -9.66 5.45 
53.78 -9.41 6.73 
52.64 -10.71 7.54 
52.64 -9.60 6.56 
52.64 -11.20 6.22 
52.64 -9.88 9.95 
52.64 -9.97 9.17 
52.64 -11.11 5.82 
52.64 -9.88 5.70 
52.64 -10.15 6.56 
52.64 -9.94 5.20 
52.64 -9.75 7.24 
52.64 -9.60 7.64 
52.64 -9.88 6.25 
52.64 -9.88 7.78 
52.64 -10.18 7.39 
52.64 -9.63 7.76 
52.64 -9.75 9.18 
52.64 -9.75 5.92 
52.64 -9.94 5.98 
52.64 -10.09 6.71 
52.64 -8.46 6.12 
52.64 -10.92 6.28 
52.64 -9.54 8.01 
52.64 -9.54 8.16 
52.64 -9.81 8.75 
52.64 -9.60 8.03 
52.64 -9.88 5.87 
52.64 -9.81 5.79 
52.64 -9.94 7.57 
52.64 -10.28 6.81 
52.64 -10.28 7.54 
52.64 -9.88 5.89 
53.78 -9.75 7.85 
52.64 -10.15 8.40 
52.64 -9.48 7.84 
52.64 -9.97 8.50 
52.64 -10.03 8.79 
52.64 -9.94 7.73 
51.50 -9.94 7.19 
52.64 -9.63 8.25 
52.64 -9.97 6.99 
52.64 -8.74 7.23 
52.64 -9.75 6.22 
52.64 -11.04 8.06 
52.64 -9.88 6.68 
52.64 -9.88 7.29 
52.64 -10.03 7.03 
52.64 -10.86 5.42 
52.64 -9.75 5.70 
52.64 -10.03 6.13 
51.50 -9.81 5.89 
52.64 -8.58 6.99 
52.64 -9.69 9.24 
52.64 -9.88 7.17 
52.64 -9.75 8.33 
52.64 -9.88 5.55 
51.50 -10.09 6.76 
52.64 -10.03 5.72 
52.64 -9.51 6.16 
52.64 -9.75 6.98 
52.64 -9.81 7.03 
52.64 -10.98 9.62 
52.64 -9.75 6.09 
52.64 -9.81 7.41 
52.64 -9.81 7.71 
52.64 -8.80 5.63 
52.64 -9.94 6.10 
52.64 -10.15 6.37 
52.64 -9.81 9.58 
52.64 -10.09 8.34 
52.64 -9.94 8.49 
52.64 -9.75 9.53 
52.64 -10.03 7.34 
52.64 -9.63 7.58 
52.64 -10.15 8.33 
52.64 -10.21 7.69 
52.64 -9.94 7.13 
52.64 -9.88 7.11 
52.64 -9.69 5.52 
51.50 -8.64 6.24 
52.64 -11.26 7.27 
52.64 -9.69 5.93 
52.64 -10.21 5.34 
52.64 -9.81 6.73 
52.64 -9.69 8.72 
52.64 -10.21 7.87 
52.64 -9.97 7.10 
52.64 -9.75 7.67 
52.64 -10.03 6.63 
52.64 -9.88 8.28 
52.64 -9.69 7.23 
52.64 -9.81 7.17 
52.64 -9.81 6.47 
52.64 -9.94 6.94 
52.64 -9.69 6.22 
52.64 -9.94 5.74 
52.64 -9.81 6.70 
52.64 -10.09 5.15 
52.64 -9.97 7.56 
52.64 -10.09 7.64 
52.64 -10.31 7.53 
52.64 -9.97 7.78 
52.64 -10.21 7.80 
53.78 -10.03 6.42 
52.64 -10.61 7.91 
52.64 -9.88 9.38 
52.64 -9.69 9.64 
52.64 -9.88 7.26 
52.64 -9.94 5.72 
52.64 -9.75 6.27 
52.64 -9.88 6.08 
52.64 -9.97 6.69 
52.64 -9.94 7.39 
52.64 -9.60 7.25 
52.64 -9.81 7.67 
52.64 -9.48 8.97 
52.64 -9.81 7.27 
52.64 -8.98 7.67 
52.64 -9.97 7.55 
52.64 -9.97 6.35 
51.50 -9.88 6.89 
52.64 -9.81 7.06 
52.64 -9.81 7.55 
52.64 -9.97 5.72 
52.64 -9.88 7.10 
52.64 -8.80 5.80 
52.64 -10.34 7.21 
51.50 -10.09 7.41 
52.64 -10.09 6.91 
52.64 -9.60 7.65 
52.64 -9.81 8.53 
52.64 -10.03 6.61 
52.64 -9.69 7.77 
52.64 -10.46 5.95 
52.64 -10.09 7.55 
52.64 -9.88 5.58 
52.64 -10.03 5.58 
52.64 -10.09 7.23 
52.64 -9.97 5.76 
52.64 -9.94 7.97 
52.64 -9.88 8.36 
53.78 -9.75 7.34 
52.64 -10.92 7.14 
52.64 -9.97 8.61 
53.78 -9.75 7.60 
52.64 -9.94 7.31 
52.64 -9.88 7.12 
52.64 -10.03 7.62 
52.64 -9.63 5.92 
52.64 -9.97 8.10 
52.64 -9.54 8.58 
52.64 -9.75 6.10 
53.78 -9.54 6.98 
52.64 -9.75 8.35 
52.64 -9.69 9.75 
52.64 -9.63 5.44 
53.78 -11.66 5.81 
53.78 -9.75 6.67 
52.64 -9.94 5.82 
52.64 -9.60 6.69 
53.78 -9.88 6.69 
52.64 -9.63 8.22 
52.64 -9.94 6.33 
52.64 -10.03 6.35 
52.64 -9.88 7.64 
52.64 -9.88 7.24 
52.64 -10.03 5.54 
52.64 -9.63 8.20 
52.64 -9.48 6.42 
52.64 -9.97 6.45 
53.78 -9.94 8.36 
52.64 -8.31 9.95 
52.64 -10.15 8.46 
52.64 -9.63 9.63 
53.78 -9.81 5.68 
52.64 -10.09 6.76 
52.64 -11.11 5.68 
52.64 -10.09 6.93 
53.78 -9.69 7.81 
52.64 -9.69 6.42 
52.64 -10.03 5.49 
52.64 -9.97 8.52 
52.64 -9.69 7.43 
52.64 -9.75 8.94 
53.78 -9.69 6.98 
52.64 -9.94 8.89 
52.64 -10.21 5.18 
52.64 -10.09 5.51 
52.64 -9.97 7.78 
52.64 -9.81 6.47 
52.64 -10.12 8.71 
52.64 -9.94 8.52 
52.64 -9.88 8.70 
51.50 -9.94 6.98 
52.64 -9.69 9.54 
53.78 -9.88 5.23 
52.64 -9.60 6.75 
52.64 -9.60 6.25 
52.64 -9.97 6.99 
52.64 -9.94 5.39 
52.64 -9.41 7.29 
52.64 -10.21 7.16 
52.64 -9.81 7.48 
52.64 -9.81 7.83 
52.64 -9.69 8.22 
52.64 -9.81 7.32 
51.50 -9.88 5.64 
52.64 -9.75 5.54 
52.64 -10.24 7.38 
52.64 -9.88 7.27 
52.64 -9.97 6.99 
52.64 -9.75 6.24 
52.64 -9.69 7.40 
52.64 -9.97 6.07 
52.64 -9.75 7.43 
52.64 -12.83 7.85 
53.78 -9.63 7.96 
53.78 -9.54 5.78 
52.64 -10.34 6.75 
52.64 -9.75 6.08 
52.64 -10.06 7.43 
52.64 -9.88 5.92 
52.64 -10.03 7.10 
53.78 -9.48 7.19 
52.64 -8.71 8.19 
52.64 -9.94 6.80 
52.64 -9.97 7.35 
52.64 -9.81 6.06 
53.78 -8.71 6.03 
52.64 -8.64 6.08 
52.64 -9.60 6.32 
53.78 -9.60 6.65 
52.64 -9.81 8.02 
52.64 -9.97 8.76 
52.64 -9.97 9.08 
52.64 -9.32 5.95 
52.64 -9.81 5.53 
51.50 -9.97 5.87 
52.64 -10.03 5.48 
53.78 -9.81 8.06 
52.64 -9.54 6.40 
52.64 -8.74 6.54 
52.64 -9.63 7.20 
52.64 -9.97 8.21 
52.64 -9.81 9.02 
52.64 -9.97 7.30 
52.64 -10.09 6.52 
52.64 -9.88 7.26 
52.64 -10.28 6.87 
52.64 -9.94 7.25 
52.64 -10.21 7.13 
52.64 -9.97 7.99 
52.64 -10.03 5.98 
52.64 -9.88 8.23 
52.64 -9.94 8.74 
52.64 -9.88 9.68 
52.64 -9.81 9.09 
52.64 -10.09 6.82 
52.64 -9.75 7.51 
52.64 -9.81 7.70 
52.64 -9.88 7.61 
52.64 -10.15 7.14 
52.64 -9.88 6.50 
53.78 -9.97 7.31 
52.64 -9.97 8.33 
52.64 -11.11 9.16 
52.64 -9.81 5.96 
52.64 -9.81 6.14 
52.64 -10.09 7.37 
52.64 -10.03 7.25 
52.64 -9.97 5.61 
52.64 -9.81 8.37 
52.64 -9.94 8.33 
53.78 -9.97 6.69 
52.64 -9.88 7.34 
52.64 -9.97 6.92 
53.78 -9.69 5.85 
52.64 -10.09 5.12 
52.64 -9.75 7.49 
52.64 -9.75 5.57 
52.64 -10.15 5.57 
52.64 -9.97 6.75 
53.78 -9.81 6.61 
52.64 -11.17 5.37 
53.78 -9.94 5.47 
52.64 -9.60 5.99 
52.64 -9.54 7.08 
52.64 -10.03 5.32 
52.64 -9.63 8.25 
52.64 -10.09 8.10 
52.64 -9.48 8.31 
52.64 -10.28 4.80 
52.64 -9.69 6.40 
52.64 -9.69 5.96 
52.64 -9.81 7.78 
52.64 -9.54 6.59 
53.78 -10.09 5.36 
52.64 -9.60 6.44 
52.64 -9.54 7.34 
52.64 -9.41 8.30 
52.64 -9.69 9.65 
52.64 -9.60 6.20 
52.64 -9.41 7.17 
53.78 -9.75 7.19 
52.64 -10.15 4.89 
52.64 -9.94 6.42 
52.64 -8.77 6.74 
52.64 -9.69 8.87 
52.64 -9.84 6.03 
52.64 -9.88 6.55 
52.64 -10.71 6.59 
51.50 -9.63 5.90 
52.64 -9.41 6.63 
52.64 -10.03 6.71 
52.64 -9.97 5.53 
52.64 -9.69 6.11 
52.64 -10.15 7.27 
52.64 -9.88 6.24 
52.64 -9.97 8.31 
52.64 -9.88 8.26 
52.64 -9.88 7.10 
52.64 -9.97 8.24 
52.64 -10.21 8.89 
52.64 -9.75 7.78 
52.64 -9.63 9.65 
52.64 -9.75 8.74 
52.64 -9.69 7.94 
52.64 -9.63 6.07 
51.50 -9.69 6.46 
52.64 -9.97 8.27 
53.78 -9.88 8.49 
52.64 -9.48 6.43 
52.64 -9.81 8.42 
52.64 -9.88 8.66 
52.64 -10.03 7.93 
53.78 -10.09 8.30 
52.64 -10.15 8.75 
52.64 -9.63 5.05 
53.78 -10.09 7.54 
52.64 -9.81 5.76 
52.64 -9.88 7.33 
52.64 -10.09 7.36 
52.64 -9.88 7.14 
52.64 -9.75 7.17 
52.64 -8.52 8.42 
52.64 -9.94 7.66 
52.64 -9.63 6.55 
52.64 -9.81 8.63 
52.64 -10.15 6.84 
52.64 -9.81 8.29 
52.64 -9.81 5.44 
52.64 -10.03 7.51 
52.64 -10.03 5.70 
52.64 -9.88 8.57 
52.64 -10.15 7.53 
52.64 -9.97 8.29 
52.64 -9.88 8.39 
52.64 -10.09 6.74 
52.64 -10.15 5.13 
52.64 -9.69 7.28 
52.64 -11.04 5.82 
52.64 -9.81 5.64 
52.64 -9.81 7.94 
52.64 -10.03 7.44 
52.64 -9.94 6.88 
52.64 -9.69 7.04 
52.64 -9.97 7.60 
53.78 -9.88 8.13 
52.64 -9.75 8.74 
52.64 -10.03 6.96 
52.64 -9.69 8.03 
52.64 -9.97 7.08 
52.64 -9.81 5.92 
52.64 -11.26 5.81 
52.64 -9.97 7.21 
52.64 -9.69 5.79 
52.64 -9.97 7.79 
52.64 -9.63 6.73 
53.78 -8.31 6.99 
52.64 -9.69 7.42 
52.64 -9.75 9.25 
52.64 -9.63 5.83 
52.64 -9.69 5.90 
53.78 -9.63 5.92 
52.64 -9.97 7.33 
52.64 -8.64 6.10 
53.78 -9.75 8.00 
52.64 -10.03 7.98 
52.64 -10.21 8.26 
52.64 -9.97 8.60 
52.64 -9.75 7.21 
52.64 -9.81 7.04 
52.64 -9.88 5.85 
52.64 -9.81 5.60 
52.64 -9.94 5.54 
51.50 -9.75 6.35 
52.64 -9.88 7.22 
52.64 -9.88 7.58 
52.64 -10.37 9.13 
52.64 -10.03 6.55 
51.50 -10.09 5.01 
52.64 -10.15 7.18 
52.64 -9.88 7.52 
52.64 -9.81 6.25 
52.64 -9.97 8.47 
53.78 -9.69 8.37 
52.64 -9.60 7.71 
52.64 -9.88 8.60 
52.64 -9.81 7.48 
51.50 -9.97 7.59 
52.64 -10.34 5.47 
52.64 -10.15 6.78 
52.64 -10.03 5.36 
52.64 -10.86 6.34 
52.64 -9.88 6.29 
52.64 -9.69 6.91 
52.64 -9.69 9.46 
52.64 -9.97 6.84 
52.64 -11.04 7.08 
52.64 -9.69 5.74 
52.64 -9.97 5.84 
52.64 -11.26 5.54 
52.64 -9.60 8.58 
52.64 -9.88 5.99 
53.78 -9.81 8.56 
52.64 -9.97 6.51 
52.64 -9.75 9.10 
52.64 -9.69 5.89 
52.64 -9.69 7.92 
52.64 -9.88 5.86 
52.64 -8.80 5.54 
52.64 -10.15 5.57 
52.64 -9.69 6.65 
52.64 -9.88 6.27 
52.64 -9.97 8.21 
52.64 -10.98 7.08 
52.64 -7.84 7.95 
52.64 -9.97 6.99 
52.64 -9.63 7.54 
52.64 -9.97 7.20 
52.64 -9.63 5.65 
52.64 -9.81 5.94 
53.78 -9.94 5.65 
52.64 -9.94 8.15 
52.64 -10.15 8.58 
52.64 -9.97 8.94 
52.64 -10.03 6.94 
52.64 -10.67 5.67 
52.64 -9.75 5.90 
52.64 -9.88 6.35 
52.64 -9.81 5.73 
52.64 -9.88 6.14 
52.64 -10.03 6.40 
52.64 -9.97 8.76 
52.64 -10.21 7.23 
52.64 -9.60 5.91 
52.64 -10.09 5.43 
52.64 -9.94 7.27 
52.64 -9.60 7.92 
52.64 -9.41 7.25 
52.64 -9.97 7.47 
53.78 -9.88 7.66 
52.64 -9.63 7.30 
52.64 -9.97 7.88 
52.64 -9.60 6.64 
53.78 -9.54 7.83 
53.78 -10.49 6.97 
52.64 -10.03 5.01 
52.64 -10.34 4.82 
52.64 -9.94 6.89 
52.64 -9.88 6.98 
52.64 -9.97 5.56 
52.64 -9.63 6.56 
52.64 -9.97 7.65 
52.64 -9.94 6.79 
52.64 -9.97 7.99 
52.64 -8.52 8.89 
53.78 -10.09 7.10 
52.64 -9.88 7.12 
52.64 -10.09 4.95 
52.64 -9.75 6.14 
52.64 -9.54 7.12 
52.64 -9.94 6.18 
51.50 -10.34 8.04 
52.64 -9.75 8.36 
52.64 -9.69 7.26 
52.64 -10.09 6.91 
52.64 -9.97 7.04 
52.64 -9.75 5.00 
52.64 -9.88 7.54 
52.64 -9.81 7.38 
52.64 -9.54 6.28 
52.64 -10.09 7.95 
52.64 -9.17 6.92 
53.78 -9.60 8.53 
52.64 -11.04 7.14 
52.64 -9.88 8.83 
52.64 -9.94 6.65 
52.64 -11.04 6.13 
52.64 -9.81 7.18 
52.64 -9.41 6.06 
52.64 -10.15 7.26 
52.64 -9.88 5.96 
52.64 -9.88 8.01 
52.64 -9.75 9.53 
52.64 -10.28 6.92 
52.64 -10.09 5.07 
52.64 -9.97 7.97 
52.64 -9.69 8.01 
53.78 -9.88 7.22 
52.64 -10.03 5.38 
52.64 -9.97 8.11 
52.64 -9.94 7.52 
53.78 -9.97 7.80 
52.64 -9.97 8.16 
52.64 -9.69 7.30 
52.64 -9.75 7.84 
52.64 -9.72 8.80 
52.64 -10.09 6.73 
52.64 -9.75 6.00 
52.64 -9.81 5.43 
52.64 -10.03 6.04 
52.64 -9.75 8.12 
52.64 -9.75 6.19 
52.64 -9.69 6.28 
52.64 -9.88 7.86 
52.64 -9.88 8.63 
52.64 -10.86 10.20 
52.64 -9.88 9.13 
52.64 -9.75 6.52 
52.64 -9.69 6.44 
52.64 -9.69 7.68 
52.64 -9.81 5.70 
52.64 -9.81 7.45 
52.64 -10.34 7.75 
52.64 -10.09 7.94 
52.64 -9.97 7.78 
51.50 -9.60 7.91 
52.64 -10.03 6.63 
52.64 -9.75 6.82 
52.64 -9.94 7.48 
52.64 -10.21 7.08 
52.64 -9.63 7.76 
52.64 -9.94 7.55 
52.64 -10.15 7.18 
52.64 -9.81 7.75 
52.64 -9.94 6.81 
52.64 -9.81 8.50 
52.64 -9.69 7.25 
52.64 -9.94 9.77 
52.64 -9.97 6.69 
52.64 -9.94 7.97 
52.64 -10.03 6.86 
52.64 -10.28 6.94 
52.64 -10.18 7.10 
52.64 -9.94 8.08 
52.64 -10.09 8.53 
52.64 -9.81 9.42 
52.64 -9.97 7.07 
52.64 -9.81 7.92 
52.64 -10.40 7.49 
52.64 -9.75 7.35 
52.64 -9.75 7.40 
52.64 -9.88 8.10 
52.64 -9.88 8.22 
52.64 -9.88 6.38 
52.64 -9.88 8.99 
52.64 -9.97 7.67 
52.64 -9.69 6.25 
52.64 -9.88 5.77 
52.64 -9.94 5.69 
52.64 -9.88 5.92 
52.64 -9.75 8.27 
52.64 -9.97 7.37 
52.64 -9.63 5.51 
53.78 -9.94 7.39 
52.64 -9.94 5.28 
52.64 -8.46 7.85 
52.64 -9.63 5.89 
52.64 -10.28 7.68 
52.64 -10.37 5.80 
53.78 -9.81 6.93 
52.64 -9.48 7.64 
53.78 -9.63 7.85 
52.64 -10.21 6.85 
52.64 -9.81 5.47 
52.64 -9.94 7.71 
52.64 -9.69 6.56 
52.64 -9.75 7.78 
52.64 -9.88 6.95 
52.64 -9.81 7.33 
52.64 -9.60 8.01 
52.64 -9.60 7.74 
52.64 -10.03 6.86 
52.64 -10.03 7.26 
52.64 -10.21 7.39 
52.64 -9.41 8.92 
52.64 -9.75 9.55 
52.64 -9.69 7.52 
52.64 -9.88 6.85 
53.78 -10.03 8.38 
52.64 -8.40 6.98 
52.64 -9.41 10.09 
52.64 -10.15 6.89 
53.78 -10.15 7.45 
52.64 -9.75 6.20 
52.64 -9.97 7.45 
52.64 -10.92 6.43 
52.64 -9.41 9.10 
52.64 -9.97 8.51 
52.64 -9.69 9.22 
52.64 -11.32 6.69 
52.64 -9.94 7.20 
52.64 -9.94 6.71 
52.64 -9.88 7.93 
53.78 -9.81 6.31 
52.64 -9.75 8.95 
52.64 -10.15 8.02 
52.64 -9.97 8.36 
52.64 -9.75 7.30 
52.64 -10.03 6.57 
52.64 -10.09 6.84 
53.78 -9.88 7.43 
52.64 -9.29 6.61 
52.64 -9.69 7.85 
52.64 -9.97 8.18 
52.64 -10.86 7.20 
52.64 -9.60 9.82 
52.64 -9.97 8.80 
53.78 -9.35 5.97 
52.64 -9.75 8.09 
52.64 -10.15 7.02 
52.64 -9.97 5.87 
52.64 -9.94 7.56 
52.64 -9.69 6.68 
52.64 -9.69 8.51 
52.64 -10.15 6.57 
53.78 -9.75 9.07 
52.64 -10.98 10.41 
52.64 -9.54 6.45 
52.64 -9.41 7.98 
52.64 -9.97 7.82 
53.78 -9.75 8.06 
52.64 -9.75 9.53 
52.64 -9.69 9.23 
52.64 -11.17 9.04 
52.64 -9.75 7.74 
52.64 -9.41 8.49 
52.64 -9.81 7.36 
52.64 -9.94 7.82 
52.64 -10.15 8.79 
53.78 -9.81 8.48 
52.64 -9.94 6.68 
51.50 -9.60 8.01 
52.64 -9.63 8.19 
52.64 -9.35 8.62 
52.64 -9.94 8.59 
52.64 -10.03 8.51 
51.50 -9.75 9.35 
52.64 -11.54 6.10 
52.64 -8.92 6.33 
52.64 -9.94 7.48 
52.64 -9.54 8.32 
52.64 -10.43 7.06 
52.64 -8.92 8.06 
52.64 -9.94 7.69 
52.64 -10.18 7.62 
52.64 -10.03 8.19 
52.64 -10.03 8.32 
52.64 -11.11 7.18 
52.64 -9.81 7.63 
52.64 -9.63 8.37 
52.64 -9.63 8.01 
52.64 -9.81 6.96 
52.64 -9.69 6.40 
52.64 -9.54 8.03 
52.64 -9.81 9.13 
52.64 -10.03 9.38 
52.64 -9.81 7.44 
53.78 -10.03 6.82 
53.78 -9.81 7.44 
52.64 -9.88 7.58 
52.64 -10.03 7.85 
52.64 -9.88 7.92 
52.64 -9.84 7.17 
52.64 -9.94 7.72 
52.64 -10.09 7.96 
52.64 -10.06 7.67 
52.64 -10.03 8.24 
52.64 -9.94 8.69 
52.64 -9.69 8.38 
52.64 -9.94 7.54 
52.64 -10.21 6.48 
52.64 -9.88 7.14 
52.64 -9.41 8.08 
52.64 -9.97 8.17 
52.64 -9.63 8.47 
52.64 -9.88 8.53 
52.64 -9.94 6.98 
52.64 -9.88 8.01 
52.64 -9.60 8.41 
52.64 -9.78 7.68 
52.64 -9.88 7.53 
52.64 -9.63 8.70 
51.50 -9.60 6.82 
52.64 -9.60 7.48 
52.64 -9.75 8.93 
52.64 -9.94 9.02 
52.64 -9.63 5.87 
52.64 -9.94 7.28 
53.78 -9.88 7.10 
52.64 -9.69 8.74 
52.64 -9.75 7.97 
52.64 -10.03 7.59 
52.64 -9.81 6.77 
52.64 -9.60 8.91 
52.64 -9.63 7.47 
52.64 -9.75 6.94 
52.64 -10.15 6.77 
52.64 -9.81 7.93 
52.64 -9.88 7.05 
52.64 -9.88 7.37 
52.64 -10.03 7.11 
51.50 -9.81 8.13 
52.64 -10.21 8.28 
52.64 -9.94 8.67 
53.78 -9.88 8.54 
52.64 -9.97 6.76 
52.64 -9.75 7.70 
52.64 -8.64 7.51 
52.64 -10.15 7.15 
52.64 -9.75 8.12 
52.64 -9.88 8.32 
52.64 -9.75 9.66 
52.64 -9.69 9.36 
51.50 -10.09 6.67 
52.64 -9.81 7.79 
52.64 -10.03 7.00 
52.64 -9.81 7.94 
52.64 -9.88 7.83 
52.64 -9.81 7.50 
52.64 -9.69 8.76 
52.64 -9.75 9.16 
51.50 -9.69 7.44 
53.78 -9.81 7.68 
52.64 -9.81 8.05 
52.64 -9.41 9.16 
52.64 -9.54 10.32 
52.64 -9.97 7.12 
52.64 -9.75 7.74 
52.64 -9.69 7.34 
52.64 -9.97 7.39 
52.64 -9.75 8.93 
52.64 -9.69 9.37 
52.64 -9.60 8.97 
52.64 -9.60 10.04 
53.78 -9.81 7.84 
52.64 -9.81 7.80 
52.64 -9.69 8.22 
53.78 -9.97 7.52 
52.64 -9.54 8.50 
52.64 -10.12 8.50 
52.64 -9.81 8.73 
51.50 -9.81 9.60 
52.64 -10.28 7.09 
52.64 -9.94 7.38 
52.64 -9.75 7.71 
52.64 -10.21 7.90 
52.64 -9.97 7.32 
52.64 -9.97 8.49 
52.64 -8.46 8.76 
52.64 -9.75 9.22 
52.64 -10.03 6.33 
52.64 -9.94 7.02 
52.64 -10.21 6.91 
52.64 -9.97 7.44 
52.64 -10.03 6.83 
51.50 -9.94 6.99 
52.64 -9.54 8.24 
52.64 -9.88 8.20 
52.64 -9.94 8.63 
52.64 -10.15 6.82 
52.64 -9.88 7.49 
52.64 -9.81 7.63 
52.64 -9.75 8.75 
52.64 -9.81 7.54 
52.64 -9.88 7.34 
52.64 -9.81 8.23 
52.64 -9.97 8.37 
52.64 -9.75 9.38 
51.50 -9.69 7.91 
52.64 -9.97 6.85 
51.50 -9.94 7.64 
52.64 -9.88 7.62 
52.64 -10.37 7.80 
52.64 -8.52 8.75 
52.64 -9.75 7.60 
52.64 -9.94 7.78 
51.50 -9.69 7.39 
52.64 -9.69 5.95 
52.64 -9.78 7.98 
53.78 -9.69 7.13 
51.50 -9.81 7.01 
52.64 -9.48 9.02 
52.64 -9.69 8.44 
52.64 -10.15 7.92 
52.64 -10.31 6.85 
52.64 -9.69 7.79 
52.64 -9.75 8.81 
52.64 -9.88 7.09 
52.64 -9.75 6.05 
52.64 -9.94 6.17 
52.64 -9.63 6.68 
52.64 -9.54 6.15 
52.64 -10.03 7.68 
52.64 -10.03 8.21 
53.78 -9.35 8.72 
52.64 -9.97 7.33 
52.64 -8.52 7.55 
52.64 -9.69 7.44 
52.64 -9.81 8.15 
52.64 -10.03 7.31 
52.64 -9.48 8.68 
52.64 -9.81 8.09 
51.50 -8.74 8.72 
51.50 -9.81 8.87 
52.64 -9.81 6.95 
52.64 -10.03 7.51 
52.64 -9.60 8.24 
52.64 -9.94 7.63 
52.64 -9.81 7.56 
52.64 -9.94 8.51 
52.64 -9.69 8.74 
52.64 -9.88 8.49 
52.64 -9.94 8.81 
52.64 -9.97 6.85 
52.64 -9.88 7.16 
52.64 -9.75 7.80 
52.64 -9.81 7.89 
52.64 -9.81 7.61 
52.64 -9.81 7.80 
53.78 -8.40 8.33 
52.64 -9.60 9.26 
52.64 -9.75 8.61 
52.64 -9.63 9.32 
52.64 -9.63 6.98 
52.64 -9.75 9.18 
52.64 -9.94 6.99 
52.64 -9.69 7.02 
52.64 -9.54 5.80 
52.64 -9.69 7.58 
52.64 -9.69 7.79 
52.64 -9.41 8.25 
53.78 -9.81 9.64 
52.64 -9.97 7.04 
52.64 -9.60 7.27 
52.64 -10.09 7.68 
52.64 -9.97 6.79 
52.64 -9.88 7.59 
52.64 -9.75 7.44 
52.64 -9.88 6.41 
52.64 -9.75 8.58 
52.64 -9.97 8.37 
52.64 -9.97 8.99 
52.64 -9.63 8.08 
52.64 -9.63 7.19 
52.64 -9.60 7.79 
53.78 -9.69 7.16 
52.64 -8.71 7.56 
53.78 -10.03 7.17 
52.64 -9.63 8.83 
52.64 -9.69 8.42 
52.64 -11.17 8.35 
52.64 -10.64 8.14 
52.64 -9.81 6.99 
52.64 -8.86 7.84 
52.64 -10.03 8.55 
52.64 -9.94 9.15 
52.64 -9.97 8.30 
52.64 -10.09 6.48 
52.64 -9.69 7.52 
52.64 -9.94 7.17 
52.64 -9.75 7.11 
52.64 -9.35 8.59 
52.64 -9.97 7.81 
52.64 -9.54 8.28 
52.64 -8.40 7.45 
52.64 -9.54 10.49 
52.64 -9.97 6.85 
52.64 -10.03 6.69 
52.64 -9.60 6.44 
52.64 -9.54 7.33 
52.64 -9.94 7.76 
52.64 -9.81 7.27 
52.64 -9.54 8.39 
52.64 -9.75 7.46 
52.64 -10.34 6.56 
52.64 -10.15 6.66 
52.64 -9.63 8.02 
52.64 -9.54 9.00 
52.64 -9.88 6.51 
52.64 -9.94 8.27 
52.64 -10.28 8.52 
51.50 -9.97 8.73 
52.64 -11.17 7.55 
52.64 -9.94 9.34 
52.64 -8.74 7.50 
52.64 -9.69 7.83 
53.78 -9.60 7.66 
52.64 -9.63 8.92 
52.64 -9.94 6.08 
52.64 -10.03 8.03 
52.64 -9.88 8.78 
52.64 -10.15 8.31 
52.64 -11.04 9.29 
52.64 -9.75 9.17 
52.64 -9.54 8.03 
52.64 -9.48 7.98 
52.64 -10.03 6.11 
52.64 -9.88 6.28 
52.64 -10.28 7.21 
52.64 -9.88 8.01 
52.64 -9.69 6.62 
52.64 -9.97 8.60 
52.64 -9.78 8.25 
52.64 -9.97 7.05 
52.64 -9.75 9.57 
52.64 -8.49 5.91 
52.64 -9.81 6.02 
52.64 -9.81 7.51 
53.78 -9.54 6.46 
52.64 -8.31 9.28 
52.64 -8.46 6.73 
52.64 -9.88 9.10 
52.64 -9.81 7.46 
52.64 -9.69 8.02 
52.64 -9.81 7.30 
52.64 -9.81 7.92 
52.64 -10.09 7.49 
52.64 -9.63 7.08 
52.64 -9.48 7.57 
52.64 -10.28 7.76 
52.64 -10.03 8.65 
52.64 -9.75 7.20 
52.64 -9.75 5.99 
52.64 -9.69 5.87 
52.64 -9.69 6.03 
52.64 -10.77 8.45 
51.50 -9.75 7.27 
52.64 -10.03 7.62 
52.64 -8.64 6.48 
52.64 -9.75 8.56 
52.64 -9.75 7.36 
52.64 -9.94 7.04 
52.64 -9.97 4.92 
52.64 -9.88 6.84 
52.64 -9.81 6.35 
52.64 -9.84 7.23 
52.64 -9.88 5.72 
52.64 -9.81 6.05 
52.64 -9.75 8.08 
52.64 -9.75 8.89 
52.64 -10.09 8.53 
52.64 -9.97 9.29 
52.64 -10.09 4.98 
52.64 -9.69 6.51 
52.64 -9.54 6.20 
53.78 -9.69 5.69 
52.64 -9.94 7.02 
52.64 -9.69 8.20 
52.64 -9.81 8.31 
52.64 -9.69 6.87 
52.64 -9.63 7.18 
52.64 -9.88 5.64 
52.64 -9.75 7.14 
52.64 -9.81 5.60 
52.64 -9.94 7.44 
52.64 -9.48 6.65 
51.50 -9.81 7.45 
52.64 -9.75 6.21 
52.64 -9.94 8.78 
52.64 -9.97 8.96 
53.78 -9.60 6.20 
52.64 -9.97 6.85 
52.64 -9.41 6.65 
52.64 -9.88 5.54 
52.64 -9.60 7.96 
52.64 -10.09 7.70 
52.64 -10.21 7.96 
52.64 -9.94 7.07 
52.64 -9.63 6.27 
52.64 -9.48 6.16 
53.78 -9.97 7.43 
51.50 -9.75 7.78 
53.78 -9.94 6.28 
52.64 -9.48 6.34 
52.64 -9.88 6.46 
52.64 -9.81 7.99 
52.64 -9.94 8.51 
51.50 -9.60 7.25 
52.64 -9.94 6.18 
52.64 -9.69 7.05 
52.64 -9.88 5.17 
52.64 -9.88 6.80 
52.64 -9.75 5.41 
