31.50439999999994 4.696499999999995
32.53764399999994 4.327864999999998
32.53657643999994 4.137278649999998
32.718965764399975 4.070972786500001
32.880389657643974 4.132609727865002
32.71100389657641 4.08652609727865
32.92591003896576 4.077965260972785
32.91665910038965 4.178979652609727
32.96216659100387 4.104689796526098
33.16782166591009 4.08164689796526
33.46627821665916 4.100616468979653
33.355262782166626 4.140506164689795
33.53655262782174 4.064905061646899
33.72076552627829 4.136149050616468
33.654207655262866 4.067361490506164
33.915742076552704 4.059873614905061
34.1577574207656 4.07199873614905
34.25137757420773 3.9564199873614916
34.18391377574214 3.952864199873615
34.536639137757476 3.902528641998737
34.654166391377636 3.894325286419985
34.83774166391383 3.9085432528642
34.725577416639204 3.8774854325286436
34.80425577416644 3.8684748543252874
34.81644255774171 3.875384748543253
35.03316442557745 3.843553847485433
34.97833164425581 3.8204355384748543
35.114583316442584 3.8086043553847504
35.10454583316446 3.8088860435538474
35.35524545833166 3.8037888604355383
35.426152454583324 3.787837888604355
35.29006152454585 3.7721783788860437
35.49390061524546 3.766721783788862
35.88353900615243 3.7384672178378877
35.70503539006152 3.7658846721783785
35.65765035390061 3.7359588467217835
35.85097650353898 3.7054595884672166
35.92130976503538 3.6980545958846727
35.97901309765032 3.7433805459588454
35.97959013097647 3.703133805459589
36.20759590130974 3.6924313380545954
35.92487595901307 3.714524313380544
38.96584875959005 3.4118452431338033
41.81205848759582 3.1000184524313363
41.72652058487587 3.1403001845243135
41.611665205848674 3.1172030018452426
41.6447166520584 3.1423720300184512
41.4626471665205 3.1163237203001817
41.35822647166511 3.118663237203001
41.322982264716565 3.107186632372029
41.128829822647084 3.118971866323721
41.22948829822638 3.1179897186632353
41.447094882982164 3.082979897186632
41.22127094882974 3.075429798971864
40.95681270948822 3.0636542979897183
40.9997681270948 3.0956365429798973
40.874797681270856 3.0613563654297984
40.99894797681263 3.078113563654299
40.96598947976806 3.0610811356365404
41.148059894797605 3.025010811356365
41.001680598947885 3.0143501081135637
41.20541680598938 3.0187435010811368
41.32145416805981 3.0458874350108105
41.265614541680506 2.998958874350107
41.242256145416704 3.0451895887434994
41.35602256145408 3.008151895887435
41.31156022561445 2.994081518958875
41.52771560225604 2.9909408151895893
41.38167715602246 3.272909408151896
41.39161677156014 2.947229094081521
41.357516167715524 2.958972290940815
41.345775161677054 2.996189722909408
41.322857751616674 2.951761897229095
41.27702857751606 2.98321761897229
41.45897028577506 2.911932176189723
41.586189702857645 2.9237193217618977
41.34806189702849 2.910537193217621
41.49388061897018 2.911405371932176
41.5865388061896 2.8943140537193233
41.633065388061794 2.846443140537196
41.69053065388054 2.9053644314053724
41.63410530653872 2.8869536443140555
41.576541053065284 2.918369536443141
41.58736541053056 2.877483695364433
41.5988736541052 2.8237748369536457
41.64458873654096 2.918637748369538
41.5766458873653 2.8589863774836966
41.67856645887355 2.874189863774839
41.70238566458865 2.838241898637751
41.86222385664583 2.819982418986378
41.73842223856637 2.8597998241898654
41.80558422238559 2.8254979982418997
41.80625584222377 2.84585497998242
41.76066255842215 2.8296585497998263
41.80580662558414 2.8290965854979992
41.69225806625573 2.77469096585498
41.79372258066248 2.80144690965855
41.920137225806556 2.798414469096585
41.77320137225798 2.776484144690967
41.8287320137225 2.8226648414469104
41.88628732013717 2.7419266484144718
41.87546287320131 2.8088192664841465
42.01215462873197 2.7816881926648427
41.671521546287224 2.8056168819266505
42.15831521546286 2.721356168819268
42.33418315215464 2.7546135616881946
42.33594183152155 2.728346135616883
42.3131594183152 2.7503834613561695
42.39273159418316 2.7339038346135633
42.24532731594181 2.7100390383461375
42.30085327315944 2.7328003903834635
42.22160853273159 2.699928003903837
42.43741608532735 2.67469928003904
42.405374160853256 2.717846992800392
42.43925374160854 2.690378469928006
42.61059253741614 2.6892037846992816
42.68070592537422 2.690592037846995
42.57880705925378 2.658205920378472
42.68038807059259 2.6809820592037865
42.52180388070594 2.6289098205920403
42.702618038807096 2.6622890982059237
42.727226180388136 2.667522890982062
42.807272261803966 2.6362752289098226
42.7966727226181 2.7143627522891
42.773766727226246 2.5564436275228912
42.750737667272325 2.65786443627523
42.85310737667279 2.5847786443627547
42.8313310737668 2.56894778644363
42.956513310737726 2.6050894778644387
43.00336513310744 2.5648508947786466
42.81003365133115 2.5263485089477897
42.89930033651338 2.56956348508948
42.85459300336521 2.5947956348508963
43.10494593003372 2.544947956348512
42.99344945930042 2.520749479563486
43.08353449459307 2.530107494795638
42.94763534494599 2.5046010749479586
42.91207635344953 2.4582460107494803
43.10552076353456 2.5109824601074973
43.10745520763541 2.554709824601078
42.947874552076435 2.4539470982460134
43.02607874552083 2.493239470982462
43.038260787455265 2.4710323947098267
43.06118260787461 2.4108103239471004
42.970211826078824 2.534908103239473
43.03770211826086 2.5292490810323973
42.89017702118268 2.455292490810326
43.0255017702119 2.560052924908106
43.11805501770218 2.621600529249083
43.15318055017708 2.511216005292494
43.17633180550184 2.5383121600529273
43.165163318055086 2.484283121600531
43.2334516331806 2.497242831216007
43.165734516331874 2.5091724283121617
43.11945734516339 2.436091724283125
43.21019457345168 2.5175609172428337
43.313701945734564 2.455375609172431
43.17793701945741 2.4523537560917257
43.29057937019461 2.460023537560919
43.109305793702006 2.4274002353756114
43.312693057937075 2.4090740023537576
43.25772693057942 2.424590740023541
43.211577269305856 2.454645907400238
43.4163157726931 2.4223464590740047
43.21316315772699 2.419523464590742
43.30233163157732 2.4535952346459093
43.13222331631585 2.416535952346462
43.24452223316321 2.4404653595234667
43.2000452223317 2.440404653595238
43.14260045222338 2.4229040465359546
43.233226004522294 2.345129040465362
43.41653226004528 2.4430512904046555
43.520965322600496 2.377330512904048
43.51060965322604 2.380973305129043
43.715706096532294 2.3670097330512925
43.763357060965355 2.3236700973305147
43.638433570609685 2.2430367009733065
43.648584335706126 2.3377303670097347
43.75128584335708 2.397477303670099
43.80931285843359 2.367774773036703
43.94669312858435 2.3829777477303686
43.81126693128587 2.4054297774773064
43.94671266931287 2.337854297774774
43.85686712669315 2.290778542977749
43.844568671266956 2.392707785429781
43.69624568671269 2.3830270778542997
43.78596245686715 2.277330270778544
43.70705962456869 2.343473302707786
43.672070596245725 2.3760347330270806
43.80852070596248 2.2705603473302727
43.42228520705967 2.290905603473305
43.395622852070645 2.3450090560347348
43.418156228520736 2.350550090560349
43.418381562285255 2.2973055009056056
43.73758381562286 2.273373055009057
43.85477583815625 2.3868337305500926
44.038347758381576 2.299868337305502
44.09718347758384 2.3215986833730575
44.07497183477586 2.2237159868337306
44.05194971834778 2.2270371598683374
43.92631949718349 2.265570371598685
43.93646319497185 2.1156557037159867
43.81116463194975 2.204756557037161
43.844111646319504 2.312447565570374
43.65064111646322 2.284824475655705
44.01350641116464 2.2650482447565583
44.10833506411164 2.2755504824475676
44.15488335064113 2.279255504824478
44.13254883350642 2.2583925550482467
44.143725488335065 2.297683925550484
44.052637254883365 2.240076839255506
44.04032637254886 2.259800768392557
44.234003263725484 2.2714980076839275
44.20174003263726 2.1712149800768406
43.97341740032639 2.2630121498007707
43.98253417400327 2.2642301214980094
44.02822534174007 2.191542301214981
44.08568225341742 2.2687154230121513
44.268656822534176 2.2086871542301227
43.974086568225346 2.2733868715423027
44.073740865682254 2.2086338687154243
44.08613740865684 2.254686338687155
44.08626137408658 2.218546863386873
44.24586261374086 2.23448546863387
44.532458626137384 2.20494485468634
44.56952458626132 2.1899494485468645
44.60409524586258 2.19819949448547
44.53604095245863 2.215181994944856
44.46696040952458 2.1638518199494494
44.45486960409523 2.204738518199496
44.63714869604093 2.195347385181996
44.92397148696036 2.2137534738518205
44.926839714869566 2.141337534738519
44.81286839714866 2.1672133753473863
44.823128683971454 2.1626721337534747
44.67503128683968 2.1941267213375357
44.73055031286836 2.1922412672133764
44.833705503128634 2.1650224126721347
44.88033705503124 2.1326502241267224
44.88080337055027 2.1730265022412687
44.80100803370546 2.230430265022414
44.72041008033702 2.133204302650225
44.58280410080337 2.169232043026503
44.421828041008006 2.1447923204302657
44.796418280410016 2.1593479232043036
44.92556418280404 2.1046934792320435
45.02945564182799 2.1528469347923216
45.07609455641822 2.1112284693479237
45.042360945564134 2.1123122846934796
45.06482360945559 2.1047231228469356
45.11064823609451 2.224447231228471
45.16810648236089 2.035544472312285
45.14588106482354 2.0997554447231237
45.15705881064819 2.101797554447231
45.407970588106444 2.0855179755444726
45.34207970588105 2.0866551797554447
45.27302079705876 2.0658665517975545
45.24953020797051 2.078658665517976
45.30629530207966 2.0402865866551796
45.30686295302079 2.074802865866552
45.39806862953019 2.0474480286586663
45.30778068629528 2.066974480286587
45.31827780686292 2.043569744802866
45.17018277806857 2.0329356974480293
45.25990182778065 2.102429356974482
45.30639901827776 2.0985242935697457
45.39806399018275 2.0833852429356976
45.38758063990178 2.1706338524293582
45.44447580639901 2.1543063385242944
45.467844758063976 2.1447430633852433
45.52507844758065 2.132047430633853
45.5028507844758 2.1019204743063393
45.62802850784475 2.106819204743063
45.937080285078466 2.1130681920474315
46.08837080285085 2.0673306819204744
46.249483708028585 2.1135733068192057
46.09149483708035 2.0532357330681914
46.02151494837086 2.0255323573306825
45.815615149483754 2.062155323573307
45.84775615149487 2.035821553235733
46.133077561515 2.0250582155323578
45.83953077561517 2.042350582155324
45.67699530775613 2.0468235058215534
45.926169953077604 2.0202682350582157
45.72346169953079 2.0594026823505827
45.96083461699536 1.9718940268235052
45.78080834616999 2.0038189402682347
