36.68 57860.0
36.68 57880.0
36.68 57900.0
36.68 57920.0
36.68 57940.0
36.68 57960.0
36.68 57980.0
36.68 58000.0
36.68 58020.0
36.68 58040.0
36.68 58060.0
36.68 58080.0
37.82 58100.0
36.68 58120.0
36.68 58140.0
36.68 58160.0
36.68 58180.0
36.68 58200.0
36.68 58220.0
36.68 58240.0
36.68 58260.0
36.68 58280.0
36.68 58300.0
36.68 58320.0
36.68 58340.0
36.68 58360.0
36.68 58380.0
36.68 58400.0
36.68 58420.0
37.82 58440.0
36.68 58460.0
36.68 58480.0
36.68 58500.0
36.68 58520.0
36.68 58540.0
36.68 58560.0
36.68 58580.0
36.68 58600.0
36.68 58620.0
36.68 58640.0
36.68 58660.0
36.68 58680.0
36.68 58700.0
36.68 58720.0
36.68 58740.0
36.68 58760.0
36.68 58780.0
36.68 58800.0
36.68 58820.0
36.68 58840.0
36.68 58860.0
36.68 58880.0
36.68 58900.0
36.68 58920.0
36.68 58940.0
36.68 58960.0
36.68 58980.0
36.68 59000.0
36.68 59020.0
36.68 59040.0
36.68 59060.0
36.68 59080.0
36.68 59100.0
37.82 59120.0
36.68 59140.0
36.68 59160.0
36.68 59180.0
36.68 59200.0
36.68 59220.0
36.68 59240.0
37.82 59260.0
36.68 59280.0
36.68 59300.0
36.68 59320.0
36.68 59340.0
36.68 59360.0
36.68 59380.0
36.68 59400.0
36.68 59420.0
36.68 59440.0
36.68 59460.0
36.68 59480.0
36.68 59500.0
36.68 59520.0
37.82 59540.0
36.68 59560.0
36.68 59580.0
36.68 59600.0
37.82 59620.0
36.68 59640.0
36.68 59660.0
36.68 59680.0
36.68 59700.0
36.68 59720.0
36.68 59740.0
36.68 59760.0
36.68 59780.0
36.68 59800.0
36.68 59820.0
36.68 59840.0
36.68 59860.0
36.68 59880.0
36.68 59900.0
36.68 59920.0
36.68 59940.0
36.68 59960.0
36.68 59980.0
36.68 60000.0
35.54 60020.0
36.68 60040.0
35.54 60060.0
36.68 60080.0
36.68 60100.0
36.68 60120.0
36.68 60140.0
35.54 60160.0
36.68 60180.0
36.68 60200.0
36.68 60220.0
36.68 60240.0
36.68 60260.0
36.68 60280.0
36.68 60300.0
36.68 60320.0
36.68 60340.0
36.68 60360.0
36.68 60380.0
36.68 60400.0
35.54 60420.0
37.82 60440.0
36.68 60460.0
36.68 60480.0
36.68 60500.0
36.68 60520.0
36.68 60540.0
36.68 60560.0
36.68 60580.0
36.68 60600.0
36.68 60620.0
36.68 60640.0
36.68 60660.0
36.68 60680.0
36.68 60700.0
36.68 60720.0
36.68 60740.0
36.68 60760.0
36.68 60780.0
36.68 60800.0
36.68 60820.0
36.68 60840.0
36.68 60860.0
36.68 60880.0
36.68 60900.0
36.68 60920.0
36.68 60940.0
36.68 60960.0
36.68 60980.0
36.68 61000.0
36.68 61020.0
36.68 61040.0
36.68 61060.0
36.68 61080.0
36.68 61100.0
35.54 61120.0
36.68 61140.0
36.68 61160.0
36.68 61180.0
36.68 61200.0
36.68 61220.0
36.68 61240.0
36.68 61260.0
36.68 61280.0
36.68 61300.0
36.68 61320.0
36.68 61340.0
36.68 61360.0
36.68 61380.0
36.68 61400.0
36.68 61420.0
36.68 61440.0
36.68 61460.0
36.68 61480.0
36.68 61500.0
36.68 61520.0
36.68 61540.0
36.68 61560.0
36.68 61580.0
36.68 61600.0
36.68 61620.0
36.68 61640.0
36.68 61660.0
36.68 61680.0
36.68 61700.0
36.68 61720.0
36.68 61740.0
36.68 61760.0
36.68 61780.0
36.68 61800.0
36.68 61820.0
36.68 61840.0
36.68 61860.0
36.68 61880.0
36.68 61900.0
36.68 61920.0
36.68 61940.0
36.68 61960.0
36.68 61980.0
36.68 62000.0
36.68 62020.0
36.68 62040.0
36.68 62060.0
36.68 62080.0
36.68 62100.0
36.68 62120.0
36.68 62140.0
36.68 62160.0
36.68 62180.0
36.68 62200.0
36.68 62220.0
36.68 62240.0
36.68 62260.0
36.68 62280.0
36.68 62300.0
36.68 62320.0
37.82 62340.0
36.68 62360.0
36.68 62380.0
36.68 62400.0
36.68 62420.0
36.68 62440.0
37.82 62460.0
36.68 62480.0
36.68 62500.0
36.68 62520.0
36.68 62540.0
36.68 62560.0
36.68 62580.0
36.68 62600.0
36.68 62620.0
36.68 62640.0
36.68 62660.0
36.68 62680.0
36.68 62700.0
36.68 62720.0
36.68 62740.0
36.68 62760.0
36.68 62780.0
36.68 62800.0
36.68 62820.0
36.68 62840.0
36.68 62860.0
36.68 62880.0
36.68 62900.0
36.68 62920.0
36.68 62940.0
35.54 62960.0
36.68 62980.0
35.54 63000.0
36.68 63020.0
36.68 63040.0
36.68 63060.0
36.68 63080.0
36.68 63100.0
36.68 63120.0
36.68 63140.0
36.68 63160.0
36.68 63180.0
36.68 63200.0
36.68 63220.0
36.68 63240.0
36.68 63260.0
36.68 63280.0
36.68 63300.0
36.68 63320.0
35.54 63340.0
36.68 63360.0
36.68 63380.0
36.68 63400.0
36.68 63420.0
37.82 63440.0
36.68 63460.0
36.68 63480.0
36.68 63500.0
36.68 63520.0
36.68 63540.0
37.82 63560.0
36.68 63580.0
36.68 63600.0
36.68 63620.0
36.68 63640.0
36.68 63660.0
36.68 63680.0
36.68 63700.0
36.68 63720.0
36.68 63740.0
36.68 63760.0
36.68 63780.0
36.68 63800.0
36.68 63820.0
36.68 63840.0
36.68 63860.0
36.68 63880.0
36.68 63900.0
36.68 63920.0
36.68 63940.0
36.68 63960.0
36.68 63980.0
36.68 64000.0
36.68 64020.0
36.68 64040.0
36.68 64060.0
36.68 64080.0
36.68 64100.0
37.82 64120.0
36.68 64140.0
36.68 64160.0
36.68 64180.0
36.68 64200.0
36.68 64220.0
36.68 64240.0
36.68 64260.0
36.68 64280.0
36.68 64300.0
36.68 64320.0
36.68 64340.0
37.82 64360.0
36.68 64380.0
36.68 64400.0
36.68 64420.0
36.68 64440.0
36.68 64460.0
36.68 64480.0
36.68 64500.0
36.68 64520.0
36.68 64540.0
36.68 64560.0
36.68 64580.0
36.68 64600.0
36.68 64620.0
36.68 64640.0
36.68 64660.0
36.68 64680.0
36.68 64700.0
36.68 64720.0
36.68 64740.0
36.68 64760.0
37.82 64780.0
36.68 64800.0
36.68 64820.0
36.68 64840.0
36.68 64860.0
37.82 64880.0
37.82 64900.0
36.68 64920.0
36.68 64940.0
36.68 64960.0
36.68 64980.0
36.68 65000.0
36.68 65020.0
36.68 65040.0
36.68 65060.0
36.68 65080.0
36.68 65100.0
36.68 65120.0
36.68 65140.0
36.68 65160.0
37.82 65180.0
36.68 65200.0
36.68 65220.0
36.68 65240.0
36.68 65260.0
37.82 65280.0
36.68 65300.0
36.68 65320.0
36.68 65340.0
36.68 65360.0
36.68 65380.0
36.68 65400.0
36.68 65420.0
36.68 65440.0
36.68 65460.0
36.68 65480.0
36.68 65500.0
36.68 65520.0
36.68 65540.0
36.68 65560.0
36.68 65580.0
36.68 65600.0
36.68 65620.0
36.68 65640.0
36.68 65660.0
36.68 65680.0
36.68 65700.0
36.68 65720.0
36.68 65740.0
36.68 65760.0
36.68 65780.0
36.68 65800.0
36.68 65820.0
36.68 65840.0
37.82 65860.0
36.68 65880.0
36.68 65900.0
36.68 65920.0
36.68 65940.0
36.68 65960.0
36.68 65980.0
36.68 66000.0
37.82 66020.0
36.68 66040.0
37.82 66060.0
36.68 66080.0
36.68 66100.0
36.68 66120.0
37.82 66140.0
36.68 66160.0
36.68 66180.0
37.82 66200.0
36.68 66220.0
36.68 66240.0
36.68 66260.0
36.68 66280.0
36.68 66300.0
36.68 66320.0
36.68 66340.0
36.68 66360.0
36.68 66380.0
36.68 66400.0
36.68 66420.0
36.68 66440.0
36.68 66460.0
36.68 66480.0
36.68 66500.0
36.68 66520.0
36.68 66540.0
36.68 66560.0
37.82 66580.0
36.68 66600.0
36.68 66620.0
36.68 66640.0
36.68 66660.0
36.68 66680.0
36.68 66700.0
37.82 66720.0
36.68 66740.0
36.68 66760.0
36.68 66780.0
36.68 66800.0
36.68 66820.0
36.68 66840.0
36.68 66860.0
36.68 66880.0
36.68 66900.0
36.68 66920.0
36.68 66940.0
36.68 66960.0
36.68 66980.0
36.68 67000.0
36.68 67020.0
36.68 67040.0
36.68 67060.0
36.68 67080.0
36.68 67100.0
36.68 67120.0
36.68 67140.0
36.68 67160.0
36.68 67180.0
36.68 67200.0
36.68 67220.0
36.68 67240.0
36.68 67260.0
36.68 67280.0
36.68 67300.0
36.68 67320.0
36.68 67340.0
36.68 67360.0
37.82 67380.0
36.68 67400.0
36.68 67420.0
37.82 67440.0
36.68 67460.0
36.68 67480.0
36.68 67500.0
36.68 67520.0
36.68 67540.0
36.68 67560.0
36.68 67580.0
36.68 67600.0
36.68 67620.0
36.68 67640.0
36.68 67660.0
37.82 67680.0
36.68 67700.0
36.68 67720.0
36.68 67740.0
36.68 67760.0
36.68 67780.0
36.68 67800.0
36.68 67820.0
36.68 67840.0
36.68 67860.0
36.68 67880.0
37.82 67900.0
36.68 67920.0
37.82 67940.0
36.68 67960.0
36.68 67980.0
36.68 68000.0
36.68 68020.0
36.68 68040.0
36.68 68060.0
36.68 68080.0
36.68 68100.0
36.68 68120.0
36.68 68140.0
37.82 68160.0
36.68 68180.0
36.68 68200.0
36.68 68220.0
36.68 68240.0
36.68 68260.0
36.68 68280.0
36.68 68300.0
37.82 68320.0
36.68 68340.0
36.68 68360.0
36.68 68380.0
36.68 68400.0
36.68 68420.0
36.68 68440.0
36.68 68460.0
37.82 68480.0
36.68 68500.0
36.68 68520.0
36.68 68540.0
36.68 68560.0
36.68 68580.0
36.68 68600.0
36.68 68620.0
36.68 68640.0
36.68 68660.0
36.68 68680.0
36.68 68700.0
36.68 68720.0
36.68 68740.0
37.82 68760.0
36.68 68780.0
36.68 68800.0
36.68 68820.0
36.68 68840.0
36.68 68860.0
36.68 68880.0
36.68 68900.0
36.68 68920.0
36.68 68940.0
36.68 68960.0
36.68 68980.0
36.68 69000.0
36.68 69020.0
36.68 69040.0
36.68 69060.0
36.68 69080.0
36.68 69100.0
36.68 69120.0
36.68 69140.0
36.68 69160.0
36.68 69180.0
36.68 69200.0
36.68 69220.0
36.68 69240.0
36.68 69260.0
37.82 69280.0
36.68 69300.0
36.68 69320.0
36.68 69340.0
36.68 69360.0
36.68 69380.0
36.68 69400.0
36.68 69420.0
36.68 69440.0
36.68 69460.0
36.68 69480.0
37.82 69500.0
37.82 69520.0
36.68 69540.0
36.68 69560.0
36.68 69580.0
36.68 69600.0
36.68 69620.0
36.68 69640.0
36.68 69660.0
36.68 69680.0
36.68 69700.0
36.68 69720.0
36.68 69740.0
36.68 69760.0
37.82 69780.0
36.68 69800.0
36.68 69820.0
36.68 69840.0
36.68 69860.0
36.68 69880.0
37.82 69900.0
36.68 69920.0
36.68 69940.0
36.68 69960.0
37.82 69980.0
36.68 70000.0
36.68 70020.0
36.68 70040.0
36.68 70060.0
36.68 70080.0
36.68 70100.0
36.68 70120.0
36.68 70140.0
36.68 70160.0
36.68 70180.0
36.68 70200.0
36.68 70220.0
36.68 70240.0
37.82 70260.0
36.68 70280.0
36.68 70300.0
36.68 70320.0
36.68 70340.0
36.68 70360.0
36.68 70380.0
36.68 70400.0
36.68 70420.0
36.68 70440.0
36.68 70460.0
36.68 70480.0
36.68 70500.0
36.68 70520.0
36.68 70540.0
36.68 70560.0
36.68 70580.0
36.68 70600.0
36.68 70620.0
36.68 70640.0
36.68 70660.0
37.82 70680.0
36.68 70700.0
36.68 70720.0
36.68 70740.0
36.68 70760.0
36.68 70780.0
37.82 70800.0
36.68 70820.0
37.82 70840.0
36.68 70860.0
36.68 70880.0
36.68 70900.0
36.68 70920.0
36.68 70940.0
36.68 70960.0
36.68 70980.0
36.68 71000.0
36.68 71020.0
36.68 71040.0
37.82 71060.0
36.68 71080.0
36.68 71100.0
35.54 71120.0
36.68 71140.0
36.68 71160.0
36.68 71180.0
36.68 71200.0
36.68 71220.0
36.68 71240.0
36.68 71260.0
36.68 71280.0
36.68 71300.0
36.68 71320.0
36.68 71340.0
36.68 71360.0
36.68 71380.0
36.68 71400.0
36.68 71420.0
36.68 71440.0
36.68 71460.0
36.68 71480.0
36.68 71500.0
36.68 71520.0
36.68 71540.0
36.68 71560.0
36.68 71580.0
36.68 71600.0
36.68 71620.0
36.68 71640.0
37.82 71660.0
36.68 71680.0
36.68 71700.0
36.68 71720.0
36.68 71740.0
37.82 71760.0
36.68 71780.0
36.68 71800.0
36.68 71820.0
36.68 71840.0
36.68 71860.0
35.54 71880.0
36.68 71900.0
36.68 71920.0
36.68 71940.0
36.68 71960.0
36.68 71980.0
36.68 72000.0
36.68 72020.0
36.68 72040.0
36.68 72060.0
36.68 72080.0
36.68 72100.0
36.68 72120.0
36.68 72140.0
36.68 72160.0
36.68 72180.0
36.68 72200.0
36.68 72220.0
36.68 72240.0
36.68 72260.0
36.68 72280.0
36.68 72300.0
36.68 72320.0
36.68 72340.0
36.68 72360.0
36.68 72380.0
37.82 72400.0
36.68 72420.0
36.68 72440.0
36.68 72460.0
36.68 72480.0
36.68 72500.0
36.68 72520.0
36.68 72540.0
36.68 72560.0
36.68 72580.0
36.68 72600.0
36.68 72620.0
36.68 72640.0
36.68 72660.0
36.68 72680.0
36.68 72700.0
36.68 72720.0
36.68 72740.0
36.68 72760.0
36.68 72780.0
36.68 72800.0
36.68 72820.0
36.68 72840.0
35.54 72860.0
36.68 72880.0
36.68 72900.0
36.68 72920.0
36.68 72940.0
36.68 72960.0
36.68 72980.0
36.68 73000.0
36.68 73020.0
36.68 73040.0
36.68 73060.0
35.54 73080.0
36.68 73100.0
37.82 73120.0
36.68 73140.0
36.68 73160.0
36.68 73180.0
36.68 73200.0
36.68 73220.0
36.68 73240.0
36.68 73260.0
36.68 73280.0
36.68 73300.0
36.68 73320.0
36.68 73340.0
36.68 73360.0
36.68 73380.0
36.68 73400.0
36.68 73420.0
36.68 73440.0
36.68 73460.0
36.68 73480.0
36.68 73500.0
36.68 73520.0
36.68 73540.0
37.82 73560.0
36.68 73580.0
36.68 73600.0
36.68 73620.0
36.68 73640.0
36.68 73660.0
36.68 73680.0
36.68 73700.0
36.68 73720.0
36.68 73740.0
36.68 73760.0
36.68 73780.0
36.68 73800.0
37.82 73820.0
36.68 73840.0
36.68 73860.0
36.68 73880.0
36.68 73900.0
36.68 73920.0
36.68 73940.0
36.68 73960.0
36.68 73980.0
36.68 74000.0
36.68 74020.0
36.68 74040.0
36.68 74060.0
36.68 74080.0
36.68 74100.0
36.68 74120.0
36.68 74140.0
35.54 74160.0
36.68 74180.0
36.68 74200.0
36.68 74220.0
36.68 74240.0
36.68 74260.0
36.68 74280.0
36.68 74300.0
36.68 74320.0
36.68 74340.0
36.68 74360.0
36.68 74380.0
36.68 74400.0
36.68 74420.0
36.68 74440.0
36.68 74460.0
36.68 74480.0
36.68 74500.0
36.68 74520.0
36.68 74540.0
37.82 74560.0
36.68 74580.0
36.68 74600.0
36.68 74620.0
36.68 74640.0
36.68 74660.0
36.68 74680.0
36.68 74700.0
36.68 74720.0
36.68 74740.0
36.68 74760.0
36.68 74780.0
36.68 74800.0
36.68 74820.0
37.82 74840.0
36.68 74860.0
36.68 74880.0
36.68 74900.0
36.68 74920.0
37.82 74940.0
36.68 74960.0
36.68 74980.0
36.68 75000.0
36.68 75020.0
36.68 75040.0
36.68 75060.0
36.68 75080.0
36.68 75100.0
36.68 75120.0
36.68 75140.0
36.68 75160.0
36.68 75180.0
36.68 75200.0
36.68 75220.0
36.68 75240.0
36.68 75260.0
36.68 75280.0
36.68 75300.0
37.82 75320.0
36.68 75340.0
36.68 75360.0
36.68 75380.0
36.68 75400.0
37.82 75420.0
36.68 75440.0
36.68 75460.0
36.68 75480.0
36.68 75500.0
36.68 75520.0
36.68 75540.0
36.68 75560.0
36.68 75580.0
36.68 75600.0
36.68 75620.0
36.68 75640.0
36.68 75660.0
36.68 75680.0
36.68 75700.0
36.68 75720.0
36.68 75740.0
36.68 75760.0
36.68 75780.0
37.82 75800.0
36.68 75820.0
36.68 75840.0
36.68 75860.0
36.68 75880.0
36.68 75900.0
36.68 75920.0
36.68 75940.0
36.68 75960.0
36.68 75980.0
36.68 76000.0
36.68 76020.0
36.68 76040.0
37.82 76060.0
36.68 76080.0
36.68 76100.0
36.68 76120.0
36.68 76140.0
36.68 76160.0
37.82 76180.0
36.68 76200.0
36.68 76220.0
36.68 76240.0
36.68 76260.0
36.68 76280.0
36.68 76300.0
36.68 76320.0
36.68 76340.0
36.68 76360.0
36.68 76380.0
36.68 76400.0
36.68 76420.0
36.68 76440.0
36.68 76460.0
36.68 76480.0
36.68 76500.0
36.68 76520.0
36.68 76540.0
37.82 76560.0
36.68 76580.0
36.68 76600.0
36.68 76620.0
37.82 76640.0
36.68 76660.0
36.68 76680.0
36.68 76700.0
36.68 76720.0
36.68 76740.0
36.68 76760.0
36.68 76780.0
36.68 76800.0
36.68 76820.0
36.68 76840.0
36.68 76860.0
36.68 76880.0
36.68 76900.0
36.68 76920.0
36.68 76940.0
36.68 76960.0
36.68 76980.0
36.68 77000.0
36.68 77020.0
36.68 77040.0
36.68 77060.0
36.68 77080.0
36.68 77100.0
36.68 77120.0
36.68 77140.0
36.68 77160.0
36.68 77180.0
36.68 77200.0
36.68 77220.0
36.68 77240.0
36.68 77260.0
36.68 77280.0
36.68 77300.0
36.68 77320.0
36.68 77340.0
36.68 77360.0
36.68 77380.0
36.68 77400.0
36.68 77420.0
37.82 77440.0
36.68 77460.0
36.68 77480.0
36.68 77500.0
36.68 77520.0
36.68 77540.0
36.68 77560.0
36.68 77580.0
36.68 77600.0
36.68 77620.0
36.68 77640.0
36.68 77660.0
36.68 77680.0
36.68 77700.0
36.68 77720.0
36.68 77740.0
36.68 77760.0
36.68 77780.0
36.68 77800.0
36.68 77820.0
36.68 77840.0
36.68 77860.0
36.68 77880.0
36.68 77900.0
36.68 77920.0
36.68 77940.0
36.68 77960.0
36.68 77980.0
36.68 78000.0
36.68 78020.0
36.68 78040.0
36.68 78060.0
36.68 78080.0
36.68 78100.0
36.68 78120.0
36.68 78140.0
36.68 78160.0
36.68 78180.0
36.68 78200.0
36.68 78220.0
36.68 78240.0
36.68 78260.0
36.68 78280.0
36.68 78300.0
36.68 78320.0
35.54 78340.0
36.68 78360.0
36.68 78380.0
36.68 78400.0
36.68 78420.0
36.68 78440.0
36.68 78460.0
36.68 78480.0
36.68 78500.0
36.68 78520.0
36.68 78540.0
36.68 78560.0
36.68 78580.0
36.68 78600.0
36.68 78620.0
36.68 78640.0
36.68 78660.0
36.68 78680.0
36.68 78700.0
36.68 78720.0
36.68 78740.0
36.68 78760.0
36.68 78780.0
36.68 78800.0
36.68 78820.0
36.68 78840.0
36.68 78860.0
36.68 78880.0
36.68 78900.0
36.68 78920.0
36.68 78940.0
36.68 78960.0
36.68 78980.0
36.68 79000.0
36.68 79020.0
36.68 79040.0
36.68 79060.0
37.82 79080.0
36.68 79100.0
36.68 79120.0
36.68 79140.0
36.68 79160.0
35.54 79180.0
36.68 79200.0
36.68 79220.0
36.68 79240.0
36.68 79260.0
36.68 79280.0
36.68 79300.0
36.68 79320.0
36.68 79340.0
36.68 79360.0
36.68 79380.0
36.68 79400.0
36.68 79420.0
37.82 79440.0
37.82 79460.0
36.68 79480.0
36.68 79500.0
36.68 79520.0
36.68 79540.0
36.68 79560.0
36.68 79580.0
36.68 79600.0
36.68 79620.0
36.68 79640.0
36.68 79660.0
36.68 79680.0
36.68 79700.0
36.68 79720.0
37.82 79740.0
36.68 79760.0
36.68 79780.0
36.68 79800.0
36.68 79820.0
36.68 79840.0
36.68 79860.0
36.68 79880.0
36.68 79900.0
36.68 79920.0
36.68 79940.0
36.68 79960.0
36.68 79980.0
36.68 80000.0
36.68 80020.0
36.68 80040.0
36.68 80060.0
36.68 80080.0
36.68 80100.0
36.68 80120.0
36.68 80140.0
36.68 80160.0
36.68 80180.0
36.68 80200.0
36.68 80220.0
36.68 80240.0
36.68 80260.0
36.68 80280.0
36.68 80300.0
36.68 80320.0
36.68 80340.0
36.68 80360.0
36.68 80380.0
36.68 80400.0
36.68 80420.0
36.68 80440.0
36.68 80460.0
36.68 80480.0
36.68 80500.0
36.68 80520.0
37.82 80540.0
36.68 80560.0
36.68 80580.0
36.68 80600.0
36.68 80620.0
36.68 80640.0
36.68 80660.0
36.68 80680.0
36.68 80700.0
36.68 80720.0
36.68 80740.0
36.68 80760.0
37.82 80780.0
36.68 80800.0
36.68 80820.0
36.68 80840.0
36.68 80860.0
36.68 80880.0
36.68 80900.0
36.68 80920.0
36.68 80940.0
36.68 80960.0
36.68 80980.0
36.68 81000.0
37.82 81020.0
36.68 81040.0
36.68 81060.0
37.82 81080.0
36.68 81100.0
36.68 81120.0
36.68 81140.0
36.68 81160.0
36.68 81180.0
36.68 81200.0
36.68 81220.0
36.68 81240.0
36.68 81260.0
36.68 81280.0
36.68 81300.0
36.68 81320.0
36.68 81340.0
35.54 81360.0
36.68 81380.0
36.68 81400.0
36.68 81420.0
36.68 81440.0
36.68 81460.0
36.68 81480.0
36.68 81500.0
36.68 81520.0
36.68 81540.0
36.68 81560.0
36.68 81580.0
36.68 81600.0
36.68 81620.0
36.68 81640.0
36.68 81660.0
36.68 81680.0
36.68 81700.0
37.82 81720.0
36.68 81740.0
36.68 81760.0
36.68 81780.0
36.68 81800.0
36.68 81820.0
36.68 81840.0
36.68 81860.0
36.68 81880.0
36.68 81900.0
36.68 81920.0
36.68 81940.0
36.68 81960.0
36.68 81980.0
36.68 82000.0
36.68 82020.0
36.68 82040.0
36.68 82060.0
36.68 82080.0
36.68 82100.0
36.68 82120.0
36.68 82140.0
36.68 82160.0
37.82 82180.0
36.68 82200.0
36.68 82220.0
36.68 82240.0
36.68 82260.0
36.68 82280.0
36.68 82300.0
36.68 82320.0
36.68 82340.0
36.68 82360.0
36.68 82380.0
36.68 82400.0
36.68 82420.0
36.68 82440.0
36.68 82460.0
36.68 82480.0
36.68 82500.0
37.82 82520.0
36.68 82540.0
36.68 82560.0
36.68 82580.0
36.68 82600.0
36.68 82620.0
36.68 82640.0
36.68 82660.0
36.68 82680.0
36.68 82700.0
36.68 82720.0
36.68 82740.0
36.68 82760.0
36.68 82780.0
36.68 82800.0
36.68 82820.0
36.68 82840.0
36.68 82860.0
36.68 82880.0
36.68 82900.0
36.68 82920.0
36.68 82940.0
37.82 82960.0
36.68 82980.0
36.68 83000.0
36.68 83020.0
36.68 83040.0
36.68 83060.0
36.68 83080.0
36.68 83100.0
36.68 83120.0
36.68 83140.0
36.68 83160.0
36.68 83180.0
37.82 83200.0
36.68 83220.0
36.68 83240.0
36.68 83260.0
36.68 83280.0
36.68 83300.0
37.82 83320.0
36.68 83340.0
36.68 83360.0
36.68 83380.0
36.68 83400.0
36.68 83420.0
36.68 83440.0
36.68 83460.0
36.68 83480.0
36.68 83500.0
36.68 83520.0
36.68 83540.0
36.68 83560.0
36.68 83580.0
36.68 83600.0
36.68 83620.0
36.68 83640.0
36.68 83660.0
36.68 83680.0
36.68 83700.0
36.68 83720.0
36.68 83740.0
36.68 83760.0
36.68 83780.0
36.68 83800.0
36.68 83820.0
36.68 83840.0
37.82 83860.0
37.82 83880.0
36.68 83900.0
36.68 83920.0
36.68 83940.0
36.68 83960.0
36.68 83980.0
36.68 84000.0
37.82 84020.0
36.68 84040.0
36.68 84060.0
36.68 84080.0
36.68 84100.0
37.82 84120.0
36.68 84140.0
36.68 84160.0
36.68 84180.0
37.82 84200.0
36.68 84220.0
36.68 84240.0
36.68 84260.0
36.68 84280.0
36.68 84300.0
36.68 84320.0
36.68 84340.0
36.68 84360.0
36.68 84380.0
36.68 84400.0
36.68 84420.0
36.68 84440.0
36.68 84460.0
36.68 84480.0
36.68 84500.0
36.68 84520.0
36.68 84540.0
36.68 84560.0
36.68 84580.0
36.68 84600.0
36.68 84620.0
36.68 84640.0
36.68 84660.0
36.68 84680.0
36.68 84700.0
36.68 84720.0
36.68 84740.0
36.68 84760.0
36.68 84780.0
36.68 84800.0
36.68 84820.0
36.68 84840.0
36.68 84860.0
36.68 84880.0
36.68 84900.0
36.68 84920.0
36.68 84940.0
36.68 84960.0
36.68 84980.0
36.68 85000.0
36.68 85020.0
36.68 85040.0
36.68 85060.0
36.68 85080.0
36.68 85100.0
36.68 85120.0
36.68 85140.0
36.68 85160.0
36.68 85180.0
36.68 85200.0
36.68 85220.0
36.68 85240.0
36.68 85260.0
36.68 85280.0
36.68 85300.0
36.68 85320.0
36.68 85340.0
36.68 85360.0
36.68 85380.0
36.68 85400.0
36.68 85420.0
37.82 85440.0
36.68 85460.0
36.68 85480.0
36.68 85500.0
36.68 85520.0
37.82 85540.0
36.68 85560.0
36.68 85580.0
36.68 85600.0
36.68 85620.0
36.68 85640.0
36.68 85660.0
36.68 85680.0
36.68 85700.0
36.68 85720.0
36.68 85740.0
36.68 85760.0
36.68 85780.0
36.68 85800.0
36.68 85820.0
36.68 85840.0
36.68 85860.0
36.68 85880.0
37.82 85900.0
36.68 85920.0
36.68 85940.0
36.68 85960.0
36.68 85980.0
37.82 86000.0
37.82 86020.0
36.68 86040.0
36.68 86060.0
36.68 86080.0
36.68 86100.0
36.68 86120.0
36.68 86140.0
36.68 86160.0
35.54 86180.0
36.68 86200.0
36.68 86220.0
36.68 86240.0
36.68 86260.0
36.68 86280.0
36.68 86300.0
36.68 86320.0
36.68 86340.0
37.82 86360.0
36.68 86380.0
36.68 86400.0
36.68 86420.0
36.68 86440.0
36.68 86460.0
36.68 86480.0
36.68 86500.0
36.68 86520.0
35.54 86540.0
36.68 86560.0
36.68 86580.0
36.68 86600.0
37.82 86620.0
