12.74 19.66
12.74 19.74
12.74 19.84
12.74 19.63
12.74 19.82
12.74 19.58
12.74 19.71
12.74 19.65
12.74 19.92
12.74 19.73
12.74 19.52
12.74 19.98
12.74 19.53
12.74 19.9
12.74 19.68
12.74 19.75
12.74 19.67
12.74 19.78
12.74 19.66
12.74 19.68
12.74 19.79
12.74 20.2
12.74 19.18
12.74 19.59
12.74 19.71
12.74 19.87
12.74 19.82
12.74 19.66
12.74 19.66
12.74 19.83
12.74 19.64
12.74 19.99
12.74 19.75
12.74 19.61
12.74 19.7
12.74 19.89
12.74 19.52
12.74 19.89
12.74 19.66
12.74 19.45
12.74 19.5
12.74 19.58
12.74 19.68
12.74 19.51
12.74 19.71
12.74 19.71
12.74 19.6
12.74 19.74
12.74 19.79
12.74 19.48
12.74 19.64
12.74 19.61
12.74 19.64
12.74 19.55
12.74 19.71
12.74 19.66
12.74 19.58
12.74 19.69
12.74 19.65
12.74 19.58
12.74 19.91
12.74 19.73
12.74 19.47
12.74 19.5
12.74 19.57
12.74 19.59
12.74 19.52
12.74 19.67
12.74 19.43
12.74 19.41
12.74 19.61
12.74 19.53
13.88 19.61
12.74 19.65
13.88 19.86
12.74 19.6
12.74 19.68
12.74 19.52
13.88 19.61
13.88 19.47
13.88 19.47
12.74 19.55
12.74 19.5
12.74 19.54
12.74 19.66
12.74 19.42
12.74 19.56
12.74 19.45
12.74 19.54
12.74 19.62
12.74 19.58
12.74 19.64
12.74 19.55
12.74 19.4
12.74 19.67
12.74 19.72
12.74 19.6
12.74 19.29
12.74 19.48
12.74 19.68
12.74 19.6
12.74 19.63
13.88 19.59
13.88 19.36
12.74 19.58
12.74 19.62
12.74 19.58
12.74 19.54
13.88 19.41
13.88 19.58
12.74 19.35
12.74 19.34
13.88 19.27
13.88 19.61
12.74 19.41
13.88 19.69
12.74 19.55
12.74 19.62
13.88 19.39
13.88 19.31
13.88 19.4
12.74 19.5
12.74 19.63
12.74 19.45
13.88 19.32
13.88 19.64
13.88 19.73
12.74 19.25
12.74 19.69
12.74 19.46
12.74 19.69
12.74 19.47
12.74 19.69
12.74 19.52
12.74 19.79
13.88 19.4
13.88 19.48
13.88 19.61
12.74 19.73
13.88 19.5
12.74 19.41
12.74 19.63
12.74 19.5
13.88 19.47
12.74 19.55
13.88 19.39
13.88 19.27
12.74 19.31
13.88 19.59
12.74 19.42
12.74 19.46
13.88 19.45
12.74 19.45
13.88 19.59
12.74 19.55
12.74 19.4
12.74 19.79
12.74 19.52
12.74 19.62
12.74 19.49
12.74 19.57
12.74 19.31
12.74 19.42
13.88 19.41
12.74 19.53
12.74 19.65
13.88 19.4
12.74 19.34
12.74 19.69
13.88 19.36
12.74 19.55
13.88 19.46
12.74 19.45
13.88 19.48
13.88 19.34
12.74 19.52
13.88 19.41
12.74 19.45
13.88 19.69
12.74 19.71
13.88 19.61
13.88 19.63
12.74 19.47
13.88 19.39
12.74 19.64
13.88 19.68
13.88 19.56
13.88 19.63
13.88 19.56
12.74 19.45
13.88 19.41
12.74 19.5
13.88 19.37
13.88 19.61
13.88 19.66
13.88 19.47
13.88 19.48
13.88 19.47
12.74 19.41
12.74 19.7
12.74 19.44
13.88 19.65
13.88 19.32
12.74 19.18
13.88 19.18
13.88 19.56
13.88 19.6
13.88 19.33
13.88 19.59
12.74 19.89
13.88 19.53
13.88 19.15
12.74 19.89
13.88 19.36
12.74 19.58
13.88 19.5
12.74 19.45
12.74 19.53
13.88 19.48
13.88 19.54
12.74 19.52
13.88 19.57
13.88 19.49
13.88 19.31
13.88 19.21
13.88 19.36
13.88 19.51
12.74 19.41
13.88 19.6
13.88 19.73
13.88 19.41
13.88 19.21
13.88 19.29
12.74 19.39
13.88 19.38
13.88 19.28
12.74 19.7
13.88 19.49
13.88 19.55
12.74 19.61
12.74 19.52
13.88 19.49
13.88 19.16
12.74 19.46
13.88 19.42
13.88 19.4
13.88 19.32
13.88 19.33
13.88 19.45
13.88 19.52
13.88 19.29
12.74 19.18
13.88 19.37
13.88 19.63
13.88 19.49
13.88 19.4
13.88 19.15
12.74 19.49
13.88 19.5
13.88 19.72
13.88 19.42
13.88 19.25
12.74 19.31
13.88 19.54
12.74 19.53
13.88 19.33
13.88 19.35
13.88 19.63
13.88 19.57
12.74 19.41
13.88 19.44
13.88 19.37
12.74 19.28
12.74 19.46
13.88 19.42
13.88 19.44
12.74 19.28
12.74 19.6
13.88 19.2
13.88 19.31
13.88 19.29
13.88 19.41
13.88 19.68
13.88 19.37
12.74 19.43
13.88 19.32
13.88 19.39
13.88 19.64
13.88 19.52
13.88 19.25
12.74 19.69
13.88 19.31
13.88 19.21
12.74 19.25
13.88 19.32
13.88 19.32
13.88 19.33
12.74 19.58
13.88 19.38
12.74 19.53
12.74 19.77
13.88 19.21
13.88 19.49
13.88 19.37
12.74 19.5
13.88 19.17
13.88 19.34
13.88 19.33
13.88 19.55
13.88 19.34
13.88 19.46
13.88 19.49
13.88 19.45
13.88 19.42
13.88 19.36
13.88 19.42
13.88 19.27
13.88 19.4
13.88 19.35
13.88 19.45
12.74 19.22
13.88 19.33
13.88 19.27
12.74 19.19
13.88 19.46
13.88 19.33
13.88 19.2
13.88 19.16
13.88 19.53
13.88 19.31
13.88 19.45
13.88 19.31
12.74 19.41
13.88 19.41
13.88 19.42
13.88 19.44
13.88 19.34
12.74 19.55
13.88 19.25
13.88 19.31
13.88 19.35
13.88 19.18
13.88 19.49
13.88 19.11
12.74 19.48
13.88 19.46
13.88 19.53
13.88 19.3
13.88 19.49
13.88 19.39
13.88 19.46
12.74 19.29
13.88 19.32
13.88 19.21
13.88 19.2
13.88 19.53
13.88 19.3
13.88 19.34
13.88 19.32
15.02 19.14
13.88 19.09
13.88 19.28
13.88 19.49
13.88 19.49
13.88 19.46
13.88 19.21
13.88 19.33
13.88 19.34
13.88 19.38
13.88 19.63
13.88 19.28
13.88 19.7
13.88 19.25
13.88 19.26
13.88 19.07
15.02 19.24
13.88 19.26
13.88 19.21
13.88 19.5
13.88 19.34
13.88 19.22
13.88 19.44
13.88 19.28
13.88 19.39
13.88 19.47
13.88 19.29
13.88 19.09
13.88 19.24
13.88 19.31
15.02 19.2
13.88 19.52
13.88 19.49
13.88 19.34
13.88 19.33
13.88 19.55
13.88 19.24
13.88 19.17
13.88 19.31
13.88 19.23
13.88 19.14
13.88 19.26
15.02 19.2
13.88 19.09
13.88 19.59
13.88 19.31
13.88 19.42
13.88 19.21
13.88 19.26
13.88 19.31
13.88 19.18
13.88 19.3
13.88 19.33
13.88 19.57
13.88 19.33
13.88 19.39
15.02 19.2
13.88 19.04
12.74 19.14
13.88 19.15
13.88 19.42
13.88 19.33
13.88 19.48
13.88 19.28
13.88 19.5
13.88 19.2
15.02 19.42
15.02 19.33
13.88 19.41
13.88 19.28
13.88 19.05
13.88 19.26
13.88 19.34
13.88 19.31
13.88 19.47
13.88 19.33
13.88 19.16
13.88 19.47
13.88 19.39
13.88 19.41
13.88 19.37
15.02 19.45
13.88 19.2
13.88 19.18
13.88 19.29
13.88 19.05
15.02 19.61
13.88 19.16
15.02 19.16
13.88 19.37
13.88 19.42
13.88 19.37
13.88 19.11
15.02 19.41
13.88 19.29
13.88 19.48
13.88 19.42
13.88 19.18
13.88 19.17
13.88 19.54
13.88 19.12
13.88 19.19
13.88 19.29
13.88 19.25
12.74 19.41
13.88 19.36
13.88 19.19
13.88 19.3
13.88 19.42
13.88 19.33
13.88 19.35
13.88 19.18
13.88 19.18
13.88 19.13
13.88 19.21
13.88 19.28
13.88 19.21
13.88 19.06
13.88 19.3
13.88 19.3
15.02 19.29
13.88 19.42
13.88 19.09
15.02 19.38
13.88 19.26
15.02 19.45
13.88 19.24
13.88 19.2
13.88 19.26
15.02 19.18
13.88 19.26
13.88 19.33
13.88 19.25
15.02 19.15
13.88 19.17
13.88 19.12
13.88 19.12
13.88 19.3
15.02 19.25
13.88 19.18
13.88 19.24
13.88 19.18
13.88 19.06
15.02 19.39
13.88 19.21
13.88 19.37
15.02 19.34
13.88 19.23
13.88 19.21
15.02 19.31
13.88 19.23
13.88 19.22
13.88 19.08
13.88 19.34
15.02 19.41
15.02 19.11
13.88 19.36
13.88 19.17
13.88 19.28
13.88 19.3
13.88 19.06
15.02 19.29
13.88 19.38
13.88 19.13
13.88 19.17
13.88 19.28
13.88 19.5
13.88 19.23
13.88 19.41
15.02 19.21
15.02 19.32
13.88 19.17
15.02 19.26
13.88 19.2
15.02 19.23
15.02 19.26
13.88 19.16
15.02 19.12
13.88 19.27
15.02 19.38
15.02 19.12
13.88 19.37
15.02 19.36
15.02 19.15
15.02 19.2
13.88 19.14
13.88 19.2
13.88 19.22
13.88 19.26
15.02 19.34
13.88 19.3
13.88 19.26
13.88 19.1
15.02 19.39
15.02 19.22
15.02 19.16
13.88 19.09
13.88 19.28
13.88 19.19
13.88 19.06
13.88 19.07
13.88 19.07
15.02 19.29
15.02 19.5
13.88 19.37
13.88 19.42
15.02 19.21
13.88 19.41
13.88 19.36
15.02 19.39
13.88 19.2
13.88 19.08
15.02 19.14
15.02 19.33
15.02 19.15
15.02 19.07
13.88 19.38
13.88 19.05
15.02 19.1
13.88 19.17
13.88 19.33
13.88 18.91
15.02 19.06
13.88 19.02
15.02 19.1
13.88 19.16
15.02 19.35
13.88 19.47
15.02 19.04
15.02 19.12
15.02 19.57
13.88 19.15
15.02 19.24
15.02 19.28
15.02 19.26
15.02 19.14
15.02 18.88
15.02 19.2
13.88 19.22
13.88 19.27
15.02 19.14
15.02 19.34
15.02 19.45
15.02 19.06
15.02 18.91
13.88 19.25
13.88 19.08
15.02 19.24
15.02 19.21
13.88 19.14
15.02 18.68
15.02 19.08
13.88 19.12
13.88 19.26
13.88 19.04
13.88 19.23
15.02 19.25
13.88 19.31
13.88 19.39
15.02 19.24
13.88 18.92
15.02 19.12
15.02 19.28
15.02 19.24
15.02 19.01
15.02 19.33
13.88 19.18
15.02 19.33
15.02 19.12
13.88 19.16
13.88 19.22
13.88 19.24
15.02 19.17
15.02 19.28
15.02 18.88
13.88 19.23
15.02 19.25
15.02 19.18
13.88 19.17
13.88 19.09
15.02 19.21
15.02 19.21
15.02 18.85
13.88 19.42
13.88 19.18
15.02 19.39
15.02 19.3
13.88 19.27
13.88 19.02
15.02 19.28
13.88 18.84
13.88 19.05
13.88 19.06
13.88 18.94
13.88 19.04
15.02 19.23
13.88 19.07
13.88 19.17
15.02 19.42
15.02 19.08
15.02 19.17
13.88 19.17
13.88 19.13
16.16 19.09
15.02 19.0
13.88 18.88
15.02 19.12
15.02 19.1
15.02 19.23
15.02 19.15
15.02 19.09
13.88 19.01
13.88 19.08
13.88 19.2
13.88 18.97
15.02 19.41
15.02 19.33
13.88 18.86
13.88 19.02
16.16 19.38
15.02 19.07
15.02 19.15
13.88 19.2
15.02 19.17
15.02 19.17
15.02 19.17
13.88 19.02
13.88 18.93
15.02 18.91
13.88 19.25
15.02 18.85
15.02 19.27
13.88 19.17
13.88 19.11
13.88 19.08
15.02 19.07
13.88 19.08
13.88 19.07
15.02 19.1
15.02 19.09
15.02 19.22
15.02 19.12
13.88 18.99
13.88 19.3
16.16 18.84
15.02 19.02
15.02 19.03
15.02 19.2
15.02 19.12
16.16 18.97
15.02 19.08
13.88 18.96
15.02 19.18
13.88 19.07
15.02 19.15
16.16 19.19
16.16 19.19
13.88 19.0
13.88 19.27
13.88 19.33
15.02 18.93
13.88 19.28
13.88 19.03
13.88 19.2
15.02 19.15
15.02 19.29
15.02 19.26
15.02 19.13
15.02 19.27
16.16 19.0
16.16 19.2
15.02 19.01
13.88 18.99
15.02 19.02
15.02 19.19
15.02 19.34
15.02 19.17
13.88 19.06
15.02 19.39
13.88 19.14
15.02 19.15
13.88 18.86
13.88 19.11
15.02 19.19
15.02 19.46
16.16 19.12
15.02 18.96
13.88 19.07
15.02 19.07
15.02 18.98
15.02 19.11
15.02 19.1
13.88 19.02
15.02 19.18
13.88 19.05
13.88 19.2
13.88 19.09
16.16 19.04
15.02 19.04
15.02 19.12
15.02 18.79
13.88 18.9
15.02 18.87
15.02 19.04
15.02 19.13
15.02 19.28
15.02 19.07
13.88 19.09
16.16 19.15
13.88 19.39
15.02 18.96
13.88 19.03
15.02 19.06
13.88 18.98
13.88 18.77
15.02 19.17
13.88 19.2
15.02 19.11
15.02 18.75
16.16 19.07
13.88 19.1
16.16 19.31
13.88 19.0
15.02 19.02
13.88 19.03
15.02 19.07
13.88 18.96
15.02 18.98
13.88 19.09
16.16 19.31
15.02 18.85
13.88 19.14
15.02 19.02
15.02 19.19
15.02 19.34
15.02 19.18
16.16 19.03
16.16 18.96
16.16 19.01
15.02 18.82
16.16 19.12
13.88 19.18
15.02 19.29
16.16 19.06
15.02 18.79
15.02 19.04
16.16 19.13
16.16 19.03
13.88 19.02
15.02 19.03
15.02 19.01
15.02 19.26
15.02 19.01
13.88 18.95
16.16 19.15
13.88 19.15
13.88 19.01
16.16 18.93
15.02 18.95
16.16 18.86
15.02 19.04
16.16 19.2
15.02 19.22
16.16 18.91
13.88 19.14
16.16 18.94
13.88 19.14
13.88 19.04
13.88 18.96
15.02 19.09
15.02 19.02
13.88 19.13
13.88 19.13
15.02 18.93
16.16 19.24
13.88 19.09
16.16 19.15
16.16 18.98
15.02 18.99
16.16 19.03
16.16 19.13
15.02 18.9
13.88 19.3
15.02 18.94
16.16 18.88
15.02 18.81
13.88 18.98
16.16 18.93
16.16 18.99
15.02 19.2
15.02 19.04
15.02 19.2
16.16 18.98
13.88 19.13
13.88 18.85
15.02 18.99
16.16 19.14
15.02 19.1
13.88 18.92
16.16 18.85
15.02 19.31
15.02 18.86
16.16 19.04
15.02 19.07
13.88 18.97
15.02 18.78
15.02 18.99
16.16 18.88
15.02 19.13
15.02 19.12
15.02 18.91
16.16 19.03
15.02 19.06
16.16 18.84
13.88 18.99
13.88 18.93
16.16 18.98
13.88 18.99
15.02 18.92
15.02 18.77
13.88 18.96
13.88 19.0
13.88 19.17
16.16 19.2
13.88 18.9
16.16 19.04
15.02 18.98
13.88 19.21
16.16 19.0
16.16 19.18
15.02 19.02
15.02 19.17
15.02 19.06
13.88 19.09
15.02 18.91
16.16 19.01
13.88 19.23
15.02 18.97
13.88 18.98
16.16 18.93
13.88 18.88
16.16 18.93
16.16 18.92
16.16 18.96
15.02 18.79
16.16 19.34
15.02 18.86
16.16 19.14
15.02 19.17
15.02 19.21
15.02 19.15
15.02 19.12
15.02 18.94
13.88 18.99
16.16 18.95
15.02 19.06
13.88 18.93
16.16 19.12
15.02 19.09
16.16 19.13
15.02 19.31
15.02 18.9
15.02 19.03
15.02 18.88
16.16 19.09
15.02 18.92
15.02 18.86
15.02 19.15
13.88 19.14
16.16 19.17
16.16 19.05
15.02 18.94
13.88 19.24
13.88 18.98
16.16 19.01
16.16 18.96
16.16 19.02
15.02 18.89
16.16 18.97
15.02 19.2
16.16 18.83
15.02 18.79
15.02 19.05
15.02 18.88
13.88 18.9
16.16 19.15
16.16 19.07
13.88 19.03
16.16 18.74
16.16 19.36
16.16 18.95
13.88 18.99
16.16 18.94
16.16 19.08
16.16 18.94
16.16 18.98
13.88 19.02
15.02 18.88
16.16 18.86
15.02 19.02
16.16 19.21
16.16 18.95
15.02 18.9
16.16 18.78
13.88 19.12
15.02 18.85
16.16 19.2
16.16 19.06
16.16 18.82
16.16 18.81
16.16 18.92
16.16 18.91
16.16 18.89
16.16 19.15
16.16 18.98
16.16 18.86
16.16 19.07
16.16 19.13
16.16 19.07
15.02 19.01
15.02 18.99
16.16 19.02
16.16 18.99
16.16 18.92
16.16 18.83
16.16 19.06
16.16 19.28
16.16 19.01
16.16 18.96
16.16 18.8
16.16 19.04
16.16 18.86
15.02 18.92
16.16 18.85
16.16 19.03
16.16 18.96
16.16 18.9
15.02 19.08
16.16 19.13
15.02 18.76
16.16 18.93
16.16 18.96
16.16 19.08
16.16 18.96
16.16 18.9
16.16 19.09
16.16 18.88
16.16 18.91
16.16 18.99
16.16 19.12
15.02 18.88
16.16 18.75
16.16 18.99
15.02 19.02
16.16 18.85
16.16 19.07
16.16 18.77
15.02 19.1
15.02 19.1
16.16 18.77
16.16 18.92
15.02 18.9
15.02 19.01
16.16 19.04
16.16 18.99
16.16 19.0
16.16 19.03
15.02 18.94
16.16 19.01
15.02 19.15
16.16 18.94
16.16 18.96
15.02 19.1
16.16 18.86
16.16 18.84
16.16 18.7
16.16 19.04
15.02 18.84
16.16 18.82
15.02 19.1
16.16 18.65
15.02 18.92
16.16 18.83
16.16 19.07
16.16 18.92
16.16 18.71
16.16 18.84
16.16 18.98
15.02 18.84
16.16 18.74
16.16 18.96
16.16 18.73
16.16 19.04
16.16 18.88
16.16 19.12
16.16 19.11
13.88 19.05
16.16 18.96
16.16 19.01
16.16 19.24
16.16 18.94
16.16 18.9
16.16 18.74
16.16 19.18
15.02 18.93
15.02 18.93
16.16 18.78
16.16 19.15
16.16 18.83
16.16 18.73
16.16 18.77
16.16 19.2
16.16 18.91
16.16 18.83
13.88 19.15
16.16 19.01
16.16 18.92
15.02 18.72
16.16 18.85
16.16 18.95
16.16 18.83
16.16 18.86
16.16 18.75
15.02 19.01
16.16 18.88
13.88 19.0
16.16 18.99
16.16 18.96
16.16 18.96
16.16 18.82
16.16 18.93
16.16 19.03
16.16 19.27
16.16 19.29
16.16 19.17
16.16 18.86
16.16 19.03
16.16 18.72
15.02 18.96
15.02 18.97
16.16 19.11
16.16 18.95
16.16 18.95
16.16 18.99
16.16 18.81
16.16 18.76
16.16 18.67
16.16 18.81
16.16 18.86
16.16 18.8
16.16 19.09
16.16 18.68
16.16 18.82
16.16 18.87
15.02 18.87
16.16 18.94
16.16 19.13
16.16 18.72
16.16 18.74
16.16 18.75
16.16 18.84
16.16 19.0
16.16 18.83
16.16 18.9
16.16 18.98
16.16 19.14
16.16 18.91
16.16 18.92
16.16 18.64
16.16 18.96
15.02 18.8
16.16 18.81
16.16 18.8
13.88 18.84
16.16 18.93
16.16 18.78
16.16 19.12
16.16 19.06
16.16 19.02
16.16 18.93
16.16 19.18
16.16 18.72
15.02 18.98
16.16 18.96
16.16 18.8
16.16 19.06
16.16 18.83
16.16 19.14
16.16 18.99
16.16 18.78
16.16 18.93
16.16 18.86
15.02 18.98
16.16 19.01
16.16 18.94
16.16 18.88
16.16 18.85
16.16 18.84
16.16 19.07
16.16 18.89
16.16 18.72
16.16 18.94
16.16 18.9
16.16 18.86
16.16 19.03
16.16 19.02
16.16 18.9
16.16 18.92
16.16 18.74
16.16 18.86
16.16 18.96
16.16 18.98
16.16 19.0
16.16 18.7
16.16 18.96
16.16 19.12
16.16 18.74
16.16 18.8
16.16 18.83
16.16 18.82
16.16 18.78
16.16 18.77
16.16 18.61
16.16 18.96
17.3 18.8
16.16 18.93
16.16 18.79
16.16 18.91
16.16 19.04
16.16 18.83
16.16 18.94
16.16 18.89
16.16 18.62
16.16 18.96
16.16 18.82
16.16 19.01
16.16 18.99
16.16 18.98
16.16 18.51
16.16 19.05
16.16 18.68
16.16 18.92
16.16 19.07
16.16 18.51
16.16 18.84
16.16 18.6
16.16 18.6
16.16 18.9
16.16 18.78
16.16 18.69
16.16 18.61
16.16 19.01
16.16 18.9
16.16 18.7
16.16 19.04
16.16 19.02
16.16 19.07
16.16 19.01
16.16 18.72
16.16 18.75
16.16 18.8
16.16 18.85
16.16 18.73
16.16 18.72
16.16 18.91
16.16 18.99
16.16 18.91
16.16 18.93
16.16 18.9
16.16 18.62
16.16 18.95
16.16 18.66
16.16 18.72
16.16 18.64
16.16 18.89
16.16 18.85
16.16 18.59
16.16 18.7
16.16 18.66
16.16 18.81
16.16 18.77
16.16 18.58
16.16 18.92
16.16 18.94
16.16 18.75
16.16 19.03
16.16 18.69
16.16 18.74
17.3 18.98
16.16 18.9
16.16 18.69
16.16 18.88
16.16 18.7
16.16 18.95
16.16 18.97
16.16 18.64
16.16 18.77
16.16 19.03
16.16 19.09
16.16 18.9
16.16 18.74
16.16 18.8
17.3 18.86
16.16 18.83
16.16 18.81
17.3 18.96
16.16 18.85
16.16 19.04
16.16 18.7
16.16 18.77
16.16 18.78
16.16 18.67
16.16 19.06
16.16 18.86
16.16 18.91
16.16 18.64
16.16 19.11
16.16 18.96
16.16 19.2
16.16 18.78
16.16 18.99
16.16 18.72
16.16 18.73
16.16 18.78
16.16 18.84
16.16 18.9
17.3 18.61
16.16 18.58
16.16 18.49
16.16 18.86
16.16 18.48
16.16 18.9
16.16 18.8
16.16 18.67
16.16 18.82
16.16 18.97
16.16 18.96
16.16 18.69
16.16 18.9
16.16 18.9
16.16 18.95
17.3 18.76
16.16 18.86
16.16 18.7
16.16 18.83
16.16 18.92
16.16 19.09
16.16 18.75
16.16 18.72
16.16 18.74
17.3 18.86
17.3 18.71
17.3 18.62
16.16 18.9
16.16 18.88
16.16 18.89
16.16 18.54
16.16 18.82
16.16 18.83
16.16 18.9
16.16 18.9
16.16 18.79
16.16 18.66
16.16 18.57
16.16 18.69
16.16 18.88
17.3 18.62
16.16 18.85
16.16 18.66
16.16 18.75
16.16 18.66
15.02 18.73
16.16 18.76
16.16 18.7
17.3 18.88
16.16 18.69
17.3 18.69
16.16 18.5
16.16 18.69
16.16 18.9
16.16 18.4
16.16 18.75
16.16 18.88
16.16 18.85
16.16 18.82
16.16 18.7
16.16 18.82
16.16 18.59
16.16 18.88
16.16 18.88
16.16 18.88
17.3 18.88
16.16 18.66
16.16 18.99
16.16 18.75
16.16 18.86
16.16 19.06
16.16 18.84
16.16 18.9
16.16 18.82
16.16 18.69
17.3 18.9
16.16 18.64
16.16 18.78
16.16 18.74
16.16 18.59
16.16 18.8
16.16 18.85
16.16 18.78
16.16 18.67
17.3 18.92
16.16 18.62
16.16 18.83
16.16 18.91
16.16 18.72
16.16 18.63
16.16 18.98
16.16 18.69
16.16 18.7
16.16 18.84
16.16 18.96
16.16 18.72
16.16 18.8
16.16 18.89
16.16 18.76
17.3 18.7
16.16 19.04
16.16 19.02
17.3 18.48
16.16 18.75
16.16 18.92
16.16 18.71
16.16 18.74
16.16 18.62
16.16 18.61
16.16 18.86
16.16 18.61
16.16 18.78
16.16 18.58
16.16 18.8
16.16 18.62
16.16 18.82
16.16 18.9
16.16 18.58
16.16 18.83
16.16 18.86
16.16 18.71
16.16 18.66
16.16 18.83
16.16 18.91
16.16 18.73
16.16 18.99
16.16 18.94
17.3 18.82
16.16 18.96
16.16 18.62
16.16 18.64
16.16 18.9
16.16 18.8
16.16 18.66
16.16 18.48
16.16 18.72
16.16 18.73
16.16 18.86
16.16 18.76
16.16 18.45
16.16 18.93
16.16 18.6
16.16 18.9
16.16 18.87
17.3 18.58
17.3 18.96
16.16 18.9
17.3 18.91
16.16 18.7
16.16 18.83
16.16 18.59
16.16 18.58
17.3 18.73
17.3 18.66
16.16 18.91
17.3 18.72
17.3 18.59
16.16 18.67
16.16 18.74
17.3 18.95
17.3 18.86
16.16 18.6
16.16 18.62
16.16 18.91
16.16 18.71
17.3 18.68
16.16 18.63
16.16 18.85
17.3 18.76
17.3 18.7
16.16 18.58
16.16 18.75
16.16 18.78
16.16 18.74
16.16 18.58
16.16 18.83
16.16 18.82
16.16 18.77
17.3 18.91
16.16 18.91
16.16 18.73
17.3 18.54
16.16 18.8
16.16 18.67
16.16 18.92
17.3 18.58
16.16 18.66
17.3 18.66
17.3 18.45
16.16 18.81
17.3 18.75
16.16 18.8
16.16 18.65
16.16 18.69
17.3 18.58
16.16 18.72
16.16 18.63
16.16 18.8
17.3 18.75
16.16 18.85
16.16 18.7
17.3 18.85
17.3 18.5
17.3 18.66
16.16 18.63
16.16 18.36
16.16 18.76
16.16 18.67
16.16 18.79
17.3 18.78
16.16 18.72
16.16 18.74
17.3 18.82
16.16 18.71
16.16 18.66
16.16 18.75
16.16 18.78
16.16 18.64
17.3 18.85
16.16 18.45
16.16 18.82
17.3 18.67
16.16 18.6
16.16 18.72
16.16 18.79
16.16 18.82
17.3 18.69
16.16 18.69
16.16 18.56
16.16 18.87
17.3 18.51
16.16 18.64
16.16 18.53
16.16 18.68
17.3 18.74
16.16 18.57
16.16 18.21
17.3 18.67
17.3 18.71
16.16 18.68
16.16 18.77
16.16 18.72
16.16 18.66
16.16 18.64
16.16 18.64
16.16 18.74
17.3 18.86
17.3 18.81
16.16 18.83
16.16 18.77
16.16 18.91
17.3 19.07
16.16 18.68
17.3 18.93
17.3 18.74
16.16 18.77
16.16 18.67
17.3 18.82
16.16 18.76
16.16 18.62
16.16 18.9
16.16 18.67
16.16 18.8
17.3 18.83
17.3 18.53
18.44 18.89
16.16 18.74
16.16 18.65
17.3 18.8
16.16 18.68
17.3 18.57
17.3 18.67
17.3 18.86
17.3 18.62
16.16 18.87
17.3 18.62
16.16 18.72
16.16 18.74
16.16 18.85
16.16 18.77
16.16 18.72
17.3 18.72
17.3 18.58
16.16 18.53
16.16 18.4
17.3 18.8
17.3 18.81
17.3 18.78
16.16 18.76
16.16 18.91
16.16 18.74
17.3 18.65
16.16 18.83
16.16 18.89
16.16 18.88
16.16 18.7
17.3 18.65
16.16 18.75
18.44 18.71
17.3 18.59
16.16 18.7
17.3 18.48
17.3 18.79
16.16 18.61
17.3 18.91
16.16 18.86
17.3 18.54
16.16 18.75
17.3 18.63
16.16 18.61
17.3 18.55
17.3 18.75
17.3 18.75
17.3 18.58
18.44 18.7
16.16 18.79
16.16 18.7
16.16 18.59
16.16 18.56
16.16 18.59
16.16 18.57
17.3 18.77
17.3 18.53
16.16 18.87
16.16 18.64
17.3 18.68
16.16 18.71
16.16 18.62
16.16 18.77
17.3 18.63
17.3 18.67
16.16 18.66
16.16 18.91
16.16 18.66
17.3 18.78
17.3 18.63
17.3 18.77
17.3 18.53
16.16 18.41
17.3 18.61
17.3 18.86
17.3 18.56
16.16 18.69
16.16 18.67
16.16 18.38
17.3 18.8
16.16 18.73
16.16 18.73
16.16 18.7
17.3 18.6
16.16 18.78
18.44 18.69
16.16 18.64
17.3 18.54
16.16 18.86
18.44 18.56
16.16 18.61
16.16 18.64
16.16 18.75
16.16 18.78
16.16 18.62
16.16 18.54
17.3 18.91
16.16 18.88
16.16 18.41
18.44 18.6
17.3 18.87
16.16 18.95
16.16 18.76
16.16 18.69
16.16 18.74
17.3 18.45
16.16 18.91
16.16 18.86
16.16 18.67
17.3 18.85
16.16 18.91
17.3 18.69
17.3 18.58
16.16 18.35
16.16 18.85
17.3 18.81
16.16 18.8
17.3 18.62
16.16 18.85
16.16 18.81
17.3 18.62
17.3 18.61
16.16 18.55
16.16 18.77
18.44 18.85
16.16 18.45
17.3 18.64
17.3 18.64
16.16 18.42
16.16 18.96
17.3 18.53
17.3 18.56
16.16 18.61
16.16 18.7
17.3 18.68
16.16 18.46
18.44 18.69
16.16 18.48
16.16 18.75
16.16 18.52
16.16 18.29
16.16 18.61
17.3 18.55
17.3 18.51
17.3 18.46
17.3 18.56
16.16 18.58
18.44 18.61
16.16 18.67
17.3 18.72
17.3 18.57
16.16 18.77
17.3 18.65
16.16 18.85
17.3 18.79
16.16 18.54
16.16 18.56
16.16 18.69
17.3 18.68
17.3 18.8
16.16 18.54
16.16 18.62
18.44 18.72
17.3 18.74
17.3 18.47
16.16 18.55
17.3 18.38
18.44 18.5
16.16 18.66
16.16 18.6
17.3 18.59
17.3 18.66
16.16 18.64
18.44 18.59
16.16 18.62
17.3 18.75
17.3 18.61
16.16 18.54
16.16 18.58
16.16 18.79
16.16 18.45
18.44 18.53
18.44 18.68
16.16 18.51
16.16 18.51
18.44 18.4
16.16 18.64
17.3 18.67
18.44 18.58
17.3 18.64
17.3 18.53
18.44 18.53
17.3 18.88
18.44 18.74
17.3 18.6
17.3 18.9
16.16 18.77
17.3 18.76
18.44 18.7
16.16 18.85
16.16 18.66
17.3 18.54
17.3 18.8
17.3 18.82
16.16 18.55
16.16 18.39
16.16 18.62
17.3 18.74
16.16 18.48
17.3 18.74
16.16 18.48
17.3 18.47
16.16 18.59
16.16 18.77
17.3 18.38
18.44 18.49
17.3 18.53
16.16 18.7
16.16 18.64
17.3 18.69
17.3 18.56
17.3 18.6
16.16 18.51
16.16 18.66
16.16 18.74
16.16 18.46
16.16 18.42
18.44 18.45
17.3 18.54
16.16 18.64
16.16 18.61
16.16 18.83
18.44 18.83
16.16 18.72
17.3 18.43
17.3 18.59
18.44 18.45
16.16 18.46
17.3 18.58
17.3 18.64
18.44 18.56
18.44 18.38
16.16 18.46
17.3 18.49
17.3 18.62
17.3 18.26
17.3 18.69
17.3 18.52
17.3 18.29
16.16 18.66
16.16 18.46
16.16 18.78
16.16 18.67
16.16 18.58
18.44 18.46
17.3 18.73
18.44 18.5
16.16 18.36
17.3 18.78
17.3 18.53
18.44 18.45
17.3 18.79
17.3 18.65
18.44 18.38
17.3 18.43
17.3 18.65
16.16 18.51
16.16 18.58
17.3 18.49
18.44 18.66
18.44 18.51
16.16 18.64
16.16 18.47
16.16 18.77
18.44 18.39
17.3 18.46
17.3 18.61
17.3 18.5
16.16 18.53
16.16 18.59
16.16 18.57
16.16 18.48
18.44 18.53
17.3 18.56
17.3 18.52
17.3 18.67
18.44 18.43
16.16 18.54
17.3 18.6
18.44 18.5
17.3 18.29
17.3 18.62
16.16 18.61
18.44 18.54
17.3 18.41
16.16 18.51
17.3 18.58
17.3 18.66
16.16 18.56
16.16 18.52
16.16 18.78
18.44 18.58
17.3 18.61
16.16 18.51
16.16 18.68
16.16 18.53
16.16 18.53
17.3 18.36
16.16 18.6
17.3 18.61
17.3 18.65
17.3 18.46
17.3 18.7
17.3 18.42
16.16 18.56
16.16 18.32
16.16 18.55
17.3 18.43
17.3 18.66
17.3 18.41
17.3 18.57
16.16 18.7
16.16 18.5
17.3 18.56
16.16 18.66
17.3 18.41
18.44 18.83
16.16 18.61
18.44 18.64
17.3 18.62
18.44 18.51
18.44 18.48
16.16 18.46
18.44 18.67
16.16 18.35
18.44 18.5
18.44 18.61
17.3 18.46
17.3 18.5
17.3 18.29
18.44 18.45
16.16 18.72
18.44 18.65
16.16 18.59
17.3 18.51
18.44 18.51
16.16 18.7
16.16 18.32
18.44 18.66
18.44 18.46
16.16 18.56
17.3 18.62
17.3 18.67
18.44 18.56
16.16 18.61
17.3 18.6
18.44 18.54
17.3 18.54
17.3 18.5
18.44 18.31
17.3 18.5
16.16 18.54
18.44 18.5
18.44 18.83
17.3 18.53
18.44 18.61
16.16 18.4
16.16 18.74
17.3 18.46
17.3 18.56
17.3 18.47
17.3 18.55
18.44 18.46
17.3 18.56
17.3 18.48
17.3 18.56
17.3 18.38
16.16 18.57
18.44 18.67
18.44 18.43
16.16 18.57
18.44 18.71
16.16 18.62
17.3 18.83
16.16 18.53
17.3 18.68
16.16 18.6
16.16 18.51
18.44 18.44
17.3 18.69
16.16 18.54
17.3 18.58
18.44 18.34
17.3 18.4
18.44 18.5
17.3 18.56
17.3 18.53
16.16 18.27
18.44 18.66
18.44 18.24
17.3 18.51
17.3 18.34
17.3 18.52
17.3 18.58
16.16 18.46
18.44 18.57
18.44 18.57
16.16 18.54
17.3 18.74
17.3 18.36
17.3 18.55
18.44 18.66
17.3 18.43
16.16 18.72
18.44 18.4
18.44 18.58
18.44 18.54
18.44 18.71
17.3 18.65
17.3 18.51
18.44 18.5
18.44 18.45
17.3 18.57
18.44 18.66
18.44 18.73
18.44 18.33
17.3 18.42
18.44 18.49
18.44 18.32
17.3 18.62
18.44 18.51
18.44 18.38
17.3 18.66
18.44 18.48
18.44 18.51
18.44 18.54
18.44 18.35
17.3 18.67
18.44 18.68
17.3 18.55
17.3 18.49
16.16 18.54
16.16 18.56
18.44 18.54
18.44 18.23
16.16 18.64
18.44 18.59
16.16 18.53
17.3 18.46
16.16 18.48
17.3 18.67
18.44 18.45
18.44 18.62
17.3 18.51
18.44 18.5
16.16 18.54
18.44 18.51
16.16 18.74
16.16 18.57
17.3 18.53
18.44 18.54
18.44 18.54
17.3 18.62
16.16 18.51
18.44 18.5
18.44 18.65
18.44 18.5
17.3 18.51
17.3 18.52
17.3 18.57
17.3 18.37
16.16 18.51
17.3 18.41
18.44 18.45
18.44 18.37
17.3 18.48
18.44 18.65
18.44 18.51
16.16 18.36
18.44 18.58
17.3 18.29
18.44 18.73
18.44 18.4
17.3 18.42
16.16 18.46
16.16 18.62
17.3 18.78
17.3 18.5
18.44 18.53
17.3 18.47
18.44 18.46
18.44 18.57
17.3 18.45
18.44 18.49
18.44 18.51
16.16 18.77
17.3 18.49
18.44 18.43
17.3 18.49
17.3 18.66
17.3 18.75
17.3 18.46
17.3 18.48
17.3 18.2
18.44 18.51
18.44 18.61
17.3 18.64
17.3 18.48
17.3 18.43
17.3 18.47
18.44 18.62
18.44 18.38
17.3 18.42
16.16 18.36
16.16 18.58
18.44 18.51
17.3 18.61
17.3 18.61
18.44 18.61
18.44 18.43
16.16 18.53
18.44 18.46
17.3 18.59
18.44 18.37
18.44 18.22
17.3 18.24
18.44 18.53
17.3 18.62
17.3 18.45
18.44 18.58
18.44 18.58
18.44 18.4
18.44 18.77
18.44 18.56
18.44 18.51
17.3 18.51
17.3 18.25
16.16 18.25
16.16 18.53
16.16 18.54
18.44 18.6
18.44 18.43
16.16 18.52
18.44 18.53
17.3 18.37
16.16 18.37
17.3 18.48
18.44 18.18
18.44 18.39
17.3 18.57
18.44 18.45
16.16 18.3
18.44 18.38
18.44 18.6
17.3 18.42
18.44 18.51
18.44 18.44
17.3 18.55
18.44 18.61
18.44 18.47
16.16 18.68
18.44 18.42
18.44 18.38
18.44 18.44
18.44 18.4
17.3 18.37
17.3 18.64
17.3 18.26
17.3 18.26
18.44 18.36
17.3 18.45
18.44 18.44
18.44 18.62
18.44 18.66
18.44 18.52
18.44 18.5
16.16 18.5
18.44 18.41
18.44 18.47
18.44 18.32
18.44 18.39
18.44 18.51
18.44 18.77
17.3 18.4
18.44 18.5
18.44 18.41
18.44 18.59
17.3 18.33
17.3 18.61
18.44 18.4
18.44 18.34
18.44 18.63
18.44 18.8
18.44 18.69
18.44 18.29
17.3 18.43
18.44 18.41
17.3 18.61
18.44 18.72
18.44 18.44
17.3 18.5
17.3 18.52
18.44 18.62
18.44 18.21
17.3 18.71
18.44 18.48
18.44 18.3
16.16 18.58
18.44 18.45
18.44 18.33
16.16 18.21
18.44 18.41
18.44 18.54
18.44 18.5
18.44 18.45
17.3 18.53
18.44 18.79
18.44 18.6
18.44 18.3
18.44 18.27
16.16 18.32
18.44 18.19
18.44 18.42
17.3 18.38
17.3 18.48
18.44 18.42
18.44 18.51
18.44 18.33
18.44 18.51
17.3 18.26
18.44 18.72
18.44 18.19
18.44 18.3
18.44 18.51
18.44 18.24
17.3 18.53
18.44 18.51
16.16 18.5
18.44 18.35
18.44 18.43
18.44 18.58
18.44 18.52
18.44 18.61
18.44 18.11
18.44 18.71
18.44 18.45
18.44 18.44
18.44 18.52
17.3 18.19
18.44 18.62
18.44 18.28
18.44 18.48
17.3 18.34
18.44 18.35
18.44 18.4
18.44 18.61
18.44 18.51
18.44 18.57
16.16 18.43
18.44 18.4
18.44 18.38
18.44 18.69
17.3 18.35
17.3 18.34
18.44 18.66
17.3 18.51
18.44 18.51
18.44 18.54
18.44 18.59
17.3 18.45
18.44 18.54
18.44 18.45
18.44 18.41
18.44 18.59
16.16 18.64
17.3 18.45
18.44 18.48
18.44 18.67
18.44 18.42
18.44 18.34
18.44 18.61
18.44 18.31
18.44 18.48
17.3 18.54
17.3 18.8
18.44 18.32
18.44 18.34
18.44 18.39
18.44 18.59
18.44 18.21
18.44 18.28
17.3 18.56
18.44 18.47
18.44 18.4
18.44 18.49
18.44 18.4
18.44 18.24
17.3 18.54
18.44 18.43
16.16 18.51
18.44 18.58
18.44 18.5
17.3 18.35
18.44 18.49
18.44 18.45
17.3 18.34
18.44 18.34
18.44 18.24
18.44 18.56
18.44 18.58
18.44 18.27
18.44 18.48
18.44 18.45
18.44 18.45
18.44 18.55
17.3 18.49
18.44 18.6
18.44 18.37
18.44 18.2
18.44 18.67
17.3 18.67
18.44 18.33
18.44 18.5
18.44 18.51
18.44 18.54
18.44 18.25
18.44 18.33
18.44 18.51
18.44 18.62
18.44 18.38
18.44 18.49
18.44 18.49
18.44 18.61
18.44 18.26
18.44 18.43
18.44 18.34
18.44 18.37
18.44 18.13
17.3 18.38
18.44 18.59
17.3 18.33
18.44 18.59
18.44 18.38
17.3 18.59
17.3 18.34
18.44 18.59
18.44 18.63
18.44 18.6
18.44 18.38
18.44 18.43
18.44 18.48
18.44 18.54
18.44 18.36
18.44 18.42
17.3 18.3
17.3 18.34
18.44 18.37
18.44 18.59
18.44 18.62
18.44 18.43
18.44 18.35
18.44 18.64
18.44 18.58
18.44 18.59
18.44 18.44
19.58 18.46
18.44 18.43
18.44 18.41
18.44 18.48
18.44 18.28
18.44 18.62
18.44 18.34
18.44 18.42
18.44 18.38
18.44 18.43
18.44 18.4
18.44 18.35
18.44 18.38
16.16 18.45
18.44 18.42
18.44 18.42
18.44 18.23
18.44 18.49
18.44 18.44
18.44 18.56
17.3 18.54
18.44 18.64
18.44 18.29
18.44 18.05
18.44 18.54
17.3 18.4
18.44 18.35
18.44 18.24
18.44 18.53
18.44 18.43
18.44 18.42
18.44 18.27
18.44 18.31
17.3 18.5
18.44 18.62
18.44 18.49
18.44 18.45
18.44 18.44
18.44 18.23
18.44 18.2
18.44 18.41
18.44 18.5
18.44 18.47
18.44 18.43
18.44 18.46
18.44 18.46
18.44 18.47
18.44 18.19
18.44 18.41
17.3 18.37
18.44 18.06
17.3 18.49
18.44 18.43
18.44 18.5
18.44 18.48
17.3 18.3
17.3 18.27
18.44 18.32
18.44 18.24
18.44 18.35
18.44 18.32
18.44 18.58
18.44 18.37
18.44 18.51
18.44 18.36
18.44 18.48
18.44 18.46
18.44 18.51
18.44 18.4
18.44 18.54
17.3 18.47
18.44 18.33
18.44 18.22
17.3 18.29
18.44 18.54
18.44 18.45
18.44 18.29
18.44 18.53
18.44 18.22
18.44 18.37
18.44 18.32
18.44 18.56
18.44 18.46
18.44 18.5
18.44 18.18
18.44 18.42
18.44 17.99
18.44 18.38
18.44 18.56
18.44 18.51
18.44 18.63
18.44 18.26
18.44 18.34
18.44 18.38
18.44 18.32
18.44 18.48
18.44 18.26
17.3 18.13
18.44 18.44
18.44 18.31
18.44 18.26
18.44 18.56
17.3 18.47
18.44 18.34
18.44 18.34
18.44 18.2
18.44 18.27
18.44 18.45
18.44 18.36
18.44 18.29
18.44 18.55
18.44 18.35
18.44 18.57
18.44 18.4
18.44 18.56
18.44 18.33
18.44 18.32
18.44 18.62
17.3 18.23
18.44 18.64
18.44 18.43
18.44 18.45
18.44 18.4
18.44 18.38
18.44 18.38
18.44 18.49
18.44 18.43
18.44 18.3
18.44 18.53
18.44 18.3
18.44 18.29
18.44 18.46
17.3 18.35
18.44 18.39
18.44 18.22
18.44 18.37
18.44 18.59
18.44 18.38
18.44 18.51
17.3 18.48
18.44 18.57
18.44 17.99
18.44 18.58
18.44 18.38
18.44 18.4
18.44 18.43
18.44 18.41
18.44 18.35
18.44 18.35
18.44 18.2
18.44 18.43
18.44 18.54
18.44 18.37
18.44 18.26
19.58 18.55
18.44 18.52
18.44 18.43
19.58 18.2
18.44 17.94
18.44 18.44
18.44 18.21
19.58 18.09
18.44 18.46
18.44 18.3
18.44 18.05
18.44 18.4
18.44 18.29
18.44 18.4
18.44 18.4
18.44 18.12
18.44 18.27
18.44 18.45
18.44 18.53
18.44 18.26
18.44 18.38
18.44 18.32
18.44 18.25
18.44 18.43
18.44 18.46
18.44 18.47
19.58 18.39
18.44 18.4
19.58 18.23
18.44 18.37
18.44 18.39
18.44 18.23
17.3 18.14
18.44 18.21
18.44 18.44
18.44 18.43
18.44 18.52
19.58 18.53
18.44 18.14
18.44 18.46
18.44 18.43
18.44 18.4
18.44 18.56
18.44 18.4
18.44 18.39
18.44 18.36
17.3 18.41
18.44 18.45
18.44 18.52
18.44 18.43
18.44 18.4
18.44 18.3
18.44 18.42
18.44 18.51
18.44 18.37
18.44 18.35
18.44 18.16
18.44 18.34
18.44 18.14
18.44 18.35
18.44 18.11
18.44 18.4
18.44 18.27
18.44 18.05
18.44 18.14
19.58 18.44
18.44 18.42
18.44 18.49
19.58 18.27
18.44 18.48
18.44 18.47
18.44 18.13
18.44 18.46
18.44 18.14
18.44 18.58
18.44 18.45
18.44 18.44
18.44 18.27
18.44 18.41
18.44 18.39
18.44 18.67
18.44 18.24
18.44 18.36
18.44 18.46
18.44 18.51
18.44 18.3
18.44 18.46
18.44 18.34
18.44 18.43
18.44 18.3
18.44 18.38
18.44 18.5
18.44 18.43
18.44 18.18
18.44 18.25
18.44 18.62
18.44 18.3
18.44 18.5
18.44 18.52
18.44 18.08
18.44 18.3
18.44 18.22
18.44 18.38
18.44 18.32
18.44 18.13
19.58 18.46
18.44 18.22
18.44 18.48
18.44 18.35
18.44 18.43
18.44 18.31
18.44 18.4
18.44 18.27
18.44 18.4
18.44 18.22
18.44 18.37
18.44 18.2
18.44 18.3
18.44 18.4
17.3 18.51
18.44 18.09
18.44 18.43
18.44 18.63
18.44 18.29
18.44 18.11
18.44 18.18
18.44 18.5
18.44 18.26
18.44 18.27
18.44 18.24
18.44 18.36
18.44 18.3
18.44 18.23
18.44 18.45
18.44 18.53
18.44 18.34
18.44 18.54
18.44 18.43
18.44 18.12
18.44 18.43
18.44 18.32
18.44 18.48
18.44 18.32
18.44 18.24
18.44 18.25
18.44 18.29
18.44 18.5
18.44 18.18
18.44 18.61
18.44 17.98
18.44 18.15
18.44 18.36
18.44 18.33
18.44 18.3
18.44 18.51
18.44 18.18
18.44 18.4
18.44 18.24
18.44 18.51
18.44 18.3
18.44 18.3
18.44 18.32
18.44 18.57
18.44 18.11
18.44 18.59
18.44 18.27
18.44 18.36
18.44 18.31
18.44 18.38
19.58 18.25
18.44 18.08
18.44 18.35
18.44 18.24
18.44 18.37
18.44 18.36
18.44 18.14
18.44 18.24
18.44 18.16
18.44 18.01
18.44 18.13
18.44 18.39
18.44 18.29
18.44 18.3
18.44 18.48
18.44 18.21
18.44 18.58
18.44 18.58
18.44 18.37
18.44 18.29
18.44 18.14
18.44 18.28
18.44 18.28
18.44 18.43
18.44 18.38
18.44 18.44
18.44 18.5
18.44 18.26
18.44 18.43
18.44 18.16
18.44 18.32
18.44 18.37
18.44 18.45
18.44 18.53
18.44 18.33
18.44 18.43
18.44 18.34
18.44 18.42
18.44 18.15
18.44 18.55
18.44 18.45
18.44 18.27
18.44 18.23
18.44 18.3
18.44 18.19
18.44 18.27
18.44 18.27
18.44 18.54
19.58 18.41
18.44 18.21
18.44 18.37
18.44 18.38
18.44 18.22
18.44 18.48
18.44 18.0
18.44 18.02
18.44 18.14
18.44 18.4
18.44 18.61
18.44 18.07
18.44 18.38
18.44 18.12
18.44 18.35
18.44 18.09
18.44 18.35
18.44 18.26
18.44 18.19
18.44 18.48
18.44 18.34
18.44 18.21
18.44 18.13
18.44 18.28
19.58 18.31
18.44 18.39
18.44 18.18
18.44 18.26
18.44 18.05
18.44 18.25
18.44 18.38
18.44 17.84
18.44 18.27
18.44 18.2
19.58 18.14
18.44 18.29
18.44 18.19
18.44 18.19
18.44 18.17
18.44 18.27
18.44 18.38
18.44 18.29
18.44 18.14
18.44 18.35
18.44 18.21
18.44 18.34
18.44 18.55
18.44 18.43
19.58 18.16
19.58 18.38
18.44 18.52
17.3 18.39
18.44 18.33
18.44 18.49
18.44 18.27
18.44 18.28
18.44 18.18
18.44 18.16
18.44 18.21
18.44 18.09
18.44 18.23
18.44 18.27
18.44 18.09
18.44 18.38
19.58 18.18
19.58 18.16
18.44 18.16
18.44 18.31
18.44 18.19
18.44 18.35
18.44 18.34
18.44 18.32
18.44 18.19
18.44 18.29
18.44 18.17
19.58 18.53
18.44 18.41
18.44 18.34
18.44 18.04
18.44 18.57
18.44 18.17
18.44 18.37
18.44 18.13
18.44 18.46
18.44 18.18
19.58 18.28
18.44 18.48
18.44 18.42
18.44 18.46
18.44 18.38
18.44 18.34
18.44 18.14
18.44 18.55
18.44 18.4
18.44 18.17
19.58 18.22
18.44 18.35
18.44 18.24
18.44 18.17
18.44 18.27
18.44 18.32
18.44 18.32
18.44 18.43
18.44 18.32
18.44 18.17
18.44 18.38
18.44 18.26
18.44 18.14
18.44 18.19
18.44 18.29
18.44 18.34
18.44 18.14
18.44 18.27
18.44 18.47
18.44 18.22
18.44 18.09
18.44 18.49
18.44 18.32
18.44 18.2
19.58 18.21
19.58 18.29
18.44 18.11
18.44 18.25
18.44 18.24
18.44 18.24
18.44 18.1
18.44 18.43
18.44 18.23
18.44 18.32
18.44 18.48
18.44 18.55
18.44 18.24
19.58 18.23
18.44 18.3
18.44 18.21
18.44 18.13
18.44 18.43
18.44 18.28
18.44 18.62
19.58 18.48
19.58 18.21
18.44 18.0
18.44 18.19
18.44 18.29
18.44 18.14
18.44 18.33
18.44 18.35
18.44 18.24
18.44 18.14
19.58 18.2
18.44 18.39
18.44 18.18
18.44 18.48
18.44 18.19
18.44 18.32
18.44 18.35
18.44 18.03
18.44 17.98
18.44 18.29
18.44 18.32
18.44 18.3
18.44 18.3
18.44 18.35
18.44 18.14
18.44 18.3
18.44 18.24
18.44 18.2
18.44 18.34
18.44 18.04
18.44 18.22
18.44 18.1
18.44 18.13
19.58 18.18
18.44 18.2
18.44 18.35
18.44 18.22
18.44 18.32
18.44 18.13
18.44 18.34
18.44 18.35
18.44 18.29
18.44 18.31
18.44 18.14
18.44 18.27
18.44 18.3
18.44 18.18
19.58 18.15
19.58 18.29
18.44 18.15
18.44 18.25
18.44 18.43
18.44 18.22
18.44 18.05
18.44 18.1
19.58 18.06
18.44 18.37
18.44 18.27
18.44 18.58
18.44 18.09
18.44 18.29
18.44 18.13
18.44 18.19
18.44 18.32
18.44 18.3
18.44 18.32
18.44 18.48
18.44 18.26
18.44 18.3
18.44 18.16
18.44 18.17
19.58 18.24
18.44 18.32
18.44 18.24
18.44 18.34
18.44 18.53
18.44 18.41
18.44 18.37
19.58 18.24
18.44 18.25
18.44 18.15
18.44 18.27
18.44 18.17
18.44 18.3
18.44 18.45
18.44 18.24
18.44 18.31
18.44 18.25
19.58 18.08
18.44 18.12
18.44 18.34
19.58 18.24
19.58 18.32
19.58 18.42
19.58 18.38
18.44 18.11
18.44 18.53
18.44 18.13
18.44 18.11
18.44 18.14
18.44 18.34
18.44 18.32
18.44 18.34
18.44 18.24
18.44 18.58
18.44 18.16
18.44 18.4
19.58 18.37
18.44 18.03
18.44 18.32
18.44 18.13
19.58 18.35
18.44 18.34
19.58 18.34
18.44 18.1
18.44 18.22
18.44 18.17
18.44 18.31
18.44 18.47
18.44 18.08
18.44 18.34
18.44 18.37
18.44 18.34
18.44 17.97
18.44 18.07
18.44 18.21
18.44 18.27
18.44 18.21
18.44 18.22
18.44 18.25
18.44 18.32
18.44 18.28
18.44 18.12
18.44 18.37
18.44 18.48
19.58 18.11
18.44 18.51
18.44 18.27
18.44 18.22
18.44 18.18
18.44 18.24
18.44 18.05
18.44 18.14
19.58 18.31
18.44 18.06
19.58 18.26
18.44 18.11
18.44 18.14
18.44 18.31
18.44 18.34
18.44 18.08
19.58 18.39
18.44 18.14
18.44 18.28
18.44 18.38
18.44 18.45
18.44 18.24
18.44 18.47
18.44 18.29
18.44 18.4
18.44 18.23
18.44 18.24
18.44 18.29
18.44 18.47
18.44 18.17
18.44 18.39
18.44 18.04
18.44 18.21
18.44 18.16
18.44 18.16
18.44 18.39
18.44 18.49
18.44 18.17
18.44 18.32
18.44 18.24
19.58 18.34
18.44 18.28
18.44 18.27
18.44 18.32
18.44 18.36
18.44 18.21
18.44 18.48
18.44 18.11
18.44 18.21
19.58 18.21
18.44 18.14
18.44 18.3
18.44 18.25
18.44 18.33
18.44 18.29
18.44 18.12
18.44 18.2
18.44 18.42
18.44 18.22
19.58 18.31
19.58 18.18
18.44 18.12
18.44 18.32
19.58 18.2
18.44 18.27
18.44 18.24
18.44 18.38
19.58 18.27
18.44 18.42
19.58 18.4
18.44 18.33
18.44 18.19
18.44 18.16
18.44 18.16
18.44 18.29
18.44 18.14
18.44 18.23
18.44 17.93
20.72 18.18
18.44 18.48
19.58 18.06
18.44 18.42
18.44 18.1
18.44 18.11
18.44 18.16
19.58 18.11
18.44 18.38
18.44 18.32
18.44 18.23
18.44 18.43
18.44 18.23
18.44 18.28
18.44 18.36
18.44 18.04
19.58 18.26
18.44 18.1
19.58 18.27
18.44 18.2
18.44 18.28
18.44 18.21
18.44 18.32
18.44 18.32
18.44 18.04
18.44 18.14
18.44 18.24
18.44 18.3
18.44 18.43
18.44 18.14
18.44 18.41
18.44 18.19
18.44 18.28
18.44 18.25
18.44 18.32
18.44 18.46
19.58 18.22
19.58 18.24
18.44 18.03
18.44 18.21
18.44 18.08
18.44 18.18
18.44 18.29
18.44 18.27
18.44 18.34
18.44 18.32
19.58 18.03
18.44 18.4
18.44 18.29
18.44 17.95
18.44 18.29
19.58 18.22
19.58 18.28
18.44 18.22
19.58 18.41
18.44 17.92
18.44 18.26
18.44 18.14
18.44 18.09
18.44 18.21
18.44 18.2
19.58 18.45
18.44 17.93
18.44 18.38
19.58 18.31
18.44 18.32
18.44 18.13
18.44 18.21
18.44 18.18
18.44 18.17
18.44 18.37
18.44 18.46
18.44 18.2
18.44 18.26
19.58 18.41
19.58 18.03
18.44 18.02
18.44 18.13
19.58 18.53
18.44 18.22
18.44 18.2
18.44 18.13
19.58 18.28
18.44 18.48
19.58 18.08
19.58 18.27
19.58 18.36
19.58 18.33
18.44 18.25
19.58 18.3
19.58 18.39
18.44 18.32
18.44 18.33
19.58 18.14
18.44 18.12
18.44 18.29
19.58 18.24
18.44 18.26
18.44 18.19
18.44 18.21
19.58 18.18
18.44 17.98
18.44 18.07
19.58 18.14
18.44 18.18
18.44 18.02
19.58 18.28
18.44 18.13
18.44 18.4
19.58 18.13
18.44 18.26
19.58 17.74
18.44 18.11
18.44 18.33
18.44 18.44
18.44 18.27
18.44 18.09
18.44 18.29
18.44 18.28
18.44 18.14
18.44 18.28
18.44 18.14
19.58 18.28
18.44 18.23
18.44 18.29
18.44 18.26
18.44 18.49
19.58 18.08
18.44 18.11
18.44 18.05
18.44 18.35
18.44 18.49
18.44 18.21
19.58 18.1
18.44 18.35
18.44 18.16
18.44 18.04
18.44 17.97
18.44 18.25
18.44 18.23
18.44 18.17
19.58 18.08
18.44 18.19
19.58 18.22
18.44 18.0
19.58 18.1
19.58 18.26
18.44 18.21
18.44 18.23
18.44 18.32
18.44 18.02
19.58 18.37
18.44 18.26
18.44 18.44
18.44 18.21
18.44 17.98
18.44 18.14
18.44 18.24
18.44 18.16
18.44 18.22
18.44 18.1
18.44 18.45
18.44 18.33
18.44 18.15
18.44 18.21
19.58 18.08
19.58 18.4
19.58 18.19
18.44 18.06
18.44 18.22
18.44 18.23
18.44 18.05
19.58 18.51
18.44 18.27
19.58 18.35
18.44 17.98
18.44 18.23
18.44 18.26
18.44 18.48
19.58 18.21
19.58 18.14
19.58 18.37
18.44 18.27
18.44 18.18
18.44 18.14
19.58 18.18
19.58 18.14
19.58 18.16
18.44 18.02
18.44 18.33
18.44 18.33
19.58 18.19
18.44 18.41
19.58 18.22
18.44 18.37
18.44 18.16
18.44 18.07
18.44 18.42
18.44 18.02
20.72 18.3
18.44 18.44
18.44 18.0
18.44 18.11
18.44 17.91
18.44 18.28
19.58 18.5
18.44 18.5
18.44 18.1
19.58 18.11
19.58 18.21
18.44 18.05
19.58 18.44
19.58 18.11
19.58 18.27
19.58 18.3
18.44 17.9
18.44 18.29
19.58 18.21
18.44 18.12
18.44 18.34
18.44 18.09
19.58 18.23
19.58 18.13
18.44 18.27
18.44 18.4
19.58 18.05
18.44 18.25
19.58 18.27
19.58 18.1
19.58 18.0
18.44 18.07
18.44 18.0
18.44 18.29
18.44 18.09
18.44 18.22
19.58 18.24
18.44 18.4
18.44 18.24
19.58 18.16
18.44 18.1
19.58 18.45
19.58 18.01
18.44 18.2
18.44 18.08
18.44 18.2
19.58 18.16
18.44 18.13
18.44 18.22
18.44 17.85
18.44 18.18
18.44 17.96
19.58 18.42
18.44 18.3
18.44 18.19
18.44 18.27
18.44 18.34
18.44 18.48
18.44 18.32
18.44 18.32
18.44 17.95
18.44 18.11
18.44 18.54
18.44 18.5
19.58 18.53
18.44 18.19
18.44 18.27
19.58 18.03
18.44 18.19
18.44 18.17
18.44 18.34
19.58 18.14
19.58 17.99
18.44 18.16
19.58 18.34
19.58 18.02
18.44 18.26
19.58 18.08
19.58 18.13
18.44 18.16
19.58 18.0
18.44 18.11
18.44 18.23
18.44 18.43
18.44 18.13
19.58 18.4
19.58 18.24
18.44 18.24
19.58 18.19
19.58 18.12
19.58 18.05
18.44 18.21
19.58 18.08
18.44 18.12
19.58 18.22
18.44 18.14
18.44 18.16
18.44 18.05
19.58 18.24
19.58 18.08
20.72 18.29
18.44 18.18
19.58 18.29
19.58 18.43
19.58 18.29
19.58 18.13
20.72 18.32
19.58 18.24
19.58 18.4
18.44 18.24
18.44 18.24
18.44 17.95
20.72 18.19
19.58 18.02
20.72 18.4
18.44 18.15
18.44 18.14
18.44 18.33
18.44 18.14
19.58 18.13
18.44 18.29
18.44 18.09
19.58 18.2
18.44 17.94
19.58 18.3
18.44 18.18
19.58 18.06
19.58 18.33
18.44 18.06
19.58 18.18
18.44 18.21
18.44 18.12
19.58 18.21
18.44 18.03
18.44 18.16
18.44 18.21
18.44 18.32
19.58 18.28
18.44 18.4
19.58 18.16
19.58 18.01
18.44 18.21
18.44 18.09
18.44 18.21
18.44 18.16
18.44 18.16
19.58 18.1
19.58 18.19
19.58 18.0
20.72 18.1
19.58 18.08
18.44 18.3
18.44 18.2
18.44 18.09
18.44 18.07
18.44 18.43
19.58 18.13
20.72 18.2
19.58 18.2
20.72 18.29
18.44 17.95
18.44 18.02
19.58 18.13
18.44 18.09
19.58 17.81
19.58 18.34
20.72 18.16
18.44 18.05
19.58 18.18
19.58 18.13
19.58 18.21
20.72 18.04
19.58 17.98
19.58 17.96
18.44 18.36
18.44 17.98
19.58 18.1
19.58 18.3
18.44 18.13
19.58 18.28
18.44 18.18
19.58 18.1
18.44 18.21
19.58 18.27
19.58 18.02
20.72 18.19
19.58 18.43
19.58 17.99
20.72 18.08
19.58 18.02
19.58 18.04
18.44 18.1
18.44 18.26
19.58 18.04
18.44 18.26
19.58 18.37
19.58 18.34
19.58 18.03
18.44 18.13
19.58 18.13
20.72 18.2
18.44 18.06
18.44 18.05
18.44 18.18
19.58 18.08
18.44 18.21
18.44 18.1
19.58 18.26
19.58 18.1
18.44 18.35
18.44 18.16
18.44 17.95
18.44 17.96
20.72 18.18
18.44 18.23
18.44 18.0
19.58 18.32
18.44 18.03
18.44 18.29
18.44 18.3
18.44 18.1
18.44 18.07
18.44 18.4
19.58 18.28
18.44 17.97
19.58 18.05
18.44 18.07
19.58 18.35
18.44 17.83
19.58 18.25
18.44 18.54
19.58 18.03
18.44 18.01
19.58 18.15
19.58 18.14
18.44 18.25
19.58 18.18
19.58 18.3
18.44 18.21
19.58 18.22
20.72 18.19
18.44 18.05
19.58 18.21
18.44 18.27
18.44 18.3
18.44 18.05
18.44 18.04
18.44 18.05
18.44 18.0
18.44 18.04
18.44 17.92
19.58 18.17
19.58 17.84
18.44 18.07
18.44 18.43
18.44 18.22
18.44 18.25
19.58 18.08
19.58 18.14
18.44 18.06
18.44 18.21
18.44 18.19
18.44 18.05
19.58 18.11
19.58 18.2
19.58 18.23
18.44 18.24
18.44 18.16
20.72 18.09
18.44 18.07
18.44 17.99
18.44 18.25
18.44 18.05
18.44 18.15
18.44 18.06
18.44 17.85
18.44 18.09
18.44 18.26
18.44 18.22
18.44 18.3
18.44 18.14
20.72 18.13
19.58 18.06
18.44 18.11
18.44 17.91
18.44 18.21
19.58 18.06
18.44 18.46
18.44 18.1
18.44 18.27
18.44 18.13
18.44 18.07
18.44 18.26
19.58 18.02
18.44 17.92
20.72 17.86
18.44 18.16
19.58 17.98
18.44 18.0
18.44 17.92
19.58 18.12
18.44 18.22
18.44 18.28
19.58 18.22
19.58 18.14
19.58 18.19
19.58 18.21
18.44 18.21
18.44 18.11
18.44 18.34
19.58 17.95
20.72 18.02
19.58 18.01
18.44 18.31
18.44 18.32
20.72 18.19
18.44 18.12
19.58 18.0
19.58 17.99
18.44 18.18
18.44 18.16
19.58 18.19
18.44 18.08
18.44 17.91
19.58 18.11
19.58 18.26
19.58 18.02
18.44 17.95
18.44 18.29
18.44 18.19
18.44 18.35
19.58 17.91
19.58 18.0
20.72 18.22
20.72 18.08
18.44 18.29
19.58 17.82
19.58 18.06
19.58 18.16
20.72 17.92
20.72 18.13
19.58 18.19
20.72 17.96
19.58 18.18
19.58 17.95
18.44 18.14
19.58 18.04
19.58 18.26
18.44 18.29
18.44 18.29
19.58 18.37
19.58 17.84
18.44 18.45
19.58 18.06
18.44 17.9
20.72 18.02
19.58 18.13
18.44 18.16
19.58 18.11
20.72 18.07
20.72 18.21
18.44 17.69
18.44 18.27
19.58 17.79
20.72 18.02
19.58 18.14
18.44 17.93
18.44 18.17
20.72 18.21
19.58 18.13
19.58 18.13
19.58 17.87
18.44 18.11
19.58 18.12
19.58 17.92
19.58 18.1
20.72 18.26
18.44 18.21
18.44 18.02
19.58 18.37
19.58 18.05
18.44 18.1
19.58 18.14
18.44 17.83
18.44 17.88
19.58 18.19
19.58 18.1
18.44 18.14
19.58 18.01
18.44 17.93
18.44 18.0
18.44 18.24
19.58 18.18
19.58 18.19
18.44 18.18
18.44 17.9
19.58 17.83
18.44 18.23
19.58 18.19
19.58 18.04
20.72 18.19
19.58 17.93
20.72 17.98
19.58 17.78
18.44 18.13
20.72 18.14
19.58 17.96
18.44 18.26
19.58 17.95
19.58 17.97
19.58 18.11
20.72 18.0
19.58 18.03
18.44 18.05
18.44 18.35
20.72 18.32
18.44 17.97
18.44 18.26
20.72 18.25
18.44 18.24
18.44 18.07
18.44 17.92
19.58 18.21
18.44 18.05
20.72 17.96
18.44 17.99
20.72 18.28
18.44 18.0
19.58 18.15
19.58 18.08
19.58 18.28
18.44 18.26
18.44 17.81
18.44 18.1
19.58 18.33
18.44 18.37
19.58 18.03
20.72 18.19
19.58 18.2
18.44 18.24
19.58 17.95
20.72 18.08
18.44 18.02
18.44 18.27
18.44 18.14
19.58 18.35
18.44 18.1
19.58 18.26
18.44 18.24
19.58 18.14
19.58 18.12
19.58 18.24
18.44 18.09
19.58 17.84
18.44 18.29
18.44 17.9
18.44 17.84
18.44 18.21
18.44 18.05
19.58 18.12
20.72 18.11
19.58 17.94
19.58 18.1
18.44 18.14
18.44 18.18
18.44 18.02
18.44 18.29
18.44 18.16
20.72 18.14
18.44 18.19
18.44 17.95
19.58 18.2
19.58 18.09
18.44 18.1
18.44 18.05
19.58 18.14
20.72 18.34
19.58 17.97
18.44 18.19
19.58 18.01
19.58 18.07
18.44 18.08
18.44 18.17
18.44 18.13
19.58 17.94
20.72 18.08
18.44 17.81
20.72 17.97
18.44 18.3
19.58 17.95
18.44 18.23
19.58 17.98
19.58 18.18
18.44 17.79
18.44 18.11
19.58 18.01
18.44 18.2
19.58 18.1
19.58 18.22
19.58 18.3
19.58 18.06
19.58 18.2
20.72 18.1
19.58 17.92
18.44 18.08
18.44 18.29
19.58 18.32
19.58 18.19
18.44 18.02
19.58 18.07
19.58 17.95
18.44 18.12
18.44 18.1
20.72 18.37
18.44 17.84
18.44 17.93
19.58 18.03
18.44 17.98
19.58 18.07
18.44 18.02
19.58 18.08
19.58 18.19
18.44 18.09
18.44 18.11
18.44 18.09
20.72 17.96
18.44 18.26
19.58 18.1
19.58 17.9
18.44 18.02
18.44 18.02
19.58 17.92
20.72 17.89
20.72 18.13
19.58 17.93
18.44 18.17
19.58 18.12
20.72 18.26
19.58 18.32
19.58 17.98
20.72 18.38
19.58 18.32
19.58 17.89
20.72 18.05
20.72 17.92
19.58 18.24
19.58 18.13
19.58 18.39
18.44 18.03
20.72 18.22
19.58 18.08
18.44 18.17
19.58 18.11
18.44 18.1
20.72 18.05
18.44 17.96
19.58 18.06
19.58 17.93
20.72 18.14
18.44 18.05
18.44 18.09
18.44 18.35
18.44 17.66
19.58 18.26
20.72 17.98
19.58 18.1
20.72 17.87
18.44 18.11
19.58 18.1
20.72 18.1
19.58 17.97
18.44 17.87
18.44 18.15
20.72 17.97
20.72 18.16
19.58 17.91
20.72 17.96
19.58 18.13
18.44 18.13
19.58 18.02
19.58 18.02
20.72 17.9
18.44 18.18
19.58 18.0
19.58 17.87
20.72 18.05
19.58 17.88
19.58 17.94
19.58 18.15
19.58 18.09
20.72 18.11
18.44 18.35
18.44 18.24
18.44 18.29
20.72 18.06
18.44 18.24
20.72 18.06
20.72 17.97
18.44 18.26
19.58 18.1
20.72 18.06
20.72 18.06
20.72 18.04
18.44 18.1
19.58 18.07
20.72 18.0
18.44 18.11
20.72 18.21
20.72 18.15
20.72 18.03
20.72 17.96
20.72 18.16
19.58 17.89
19.58 18.05
19.58 18.14
19.58 18.08
18.44 18.13
18.44 17.95
18.44 18.05
19.58 17.97
20.72 18.14
19.58 18.17
18.44 18.06
19.58 18.26
18.44 17.9
18.44 18.14
18.44 18.03
20.72 18.0
18.44 18.16
18.44 18.14
19.58 18.03
18.44 18.18
18.44 18.02
19.58 18.05
20.72 18.09
20.72 17.87
18.44 17.85
19.58 18.11
19.58 17.89
18.44 18.35
19.58 18.11
18.44 17.94
19.58 18.24
18.44 17.86
19.58 17.99
20.72 18.26
18.44 17.74
19.58 18.03
19.58 18.12
19.58 18.02
18.44 18.21
19.58 17.84
20.72 18.1
19.58 18.05
18.44 18.04
20.72 18.11
19.58 18.2
18.44 18.0
19.58 17.98
19.58 18.13
20.72 18.08
19.58 17.91
20.72 18.19
19.58 18.39
19.58 17.95
20.72 18.29
18.44 17.96
20.72 18.11
19.58 18.03
18.44 18.1
18.44 18.12
18.44 18.08
18.44 18.06
19.58 17.83
18.44 18.14
18.44 18.14
19.58 17.97
19.58 17.94
19.58 18.22
18.44 17.94
18.44 17.93
19.58 18.03
20.72 17.78
18.44 18.08
20.72 17.9
19.58 17.91
20.72 17.98
18.44 18.16
20.72 17.88
19.58 18.1
20.72 17.96
19.58 17.96
19.58 17.94
19.58 17.89
19.58 18.1
19.58 18.2
19.58 18.0
18.44 17.99
20.72 17.98
20.72 17.96
19.58 17.99
18.44 18.14
20.72 17.98
19.58 18.1
19.58 17.92
18.44 18.16
19.58 18.2
19.58 18.38
19.58 18.0
18.44 18.06
18.44 17.95
18.44 17.98
18.44 18.1
20.72 18.24
19.58 17.88
19.58 18.09
20.72 17.93
20.72 17.95
19.58 18.0
19.58 18.2
20.72 17.97
18.44 18.12
20.72 18.12
20.72 17.82
19.58 18.23
20.72 17.94
19.58 17.92
18.44 17.79
20.72 18.13
19.58 18.18
18.44 17.95
18.44 17.91
18.44 17.82
20.72 17.94
19.58 18.06
20.72 18.18
19.58 18.04
19.58 17.97
19.58 17.91
19.58 17.98
18.44 17.98
19.58 18.2
18.44 18.04
19.58 17.94
19.58 18.06
19.58 17.91
19.58 18.08
19.58 18.18
18.44 17.94
18.44 18.14
20.72 18.14
18.44 17.81
18.44 17.85
19.58 18.18
18.44 18.06
18.44 18.16
20.72 17.89
18.44 17.9
20.72 17.94
19.58 18.22
20.72 18.36
18.44 17.95
19.58 17.96
18.44 17.88
20.72 18.14
20.72 18.06
18.44 17.96
19.58 17.77
18.44 17.79
19.58 18.16
19.58 17.93
18.44 18.04
19.58 18.32
19.58 18.03
18.44 18.0
18.44 18.18
18.44 18.03
19.58 17.97
18.44 18.12
18.44 17.78
19.58 18.0
18.44 18.09
19.58 17.91
18.44 18.05
20.72 18.01
18.44 17.97
19.58 18.06
20.72 18.1
19.58 17.9
19.58 17.99
19.58 18.06
20.72 17.95
18.44 18.06
18.44 17.97
20.72 17.86
20.72 17.97
18.44 18.1
20.72 18.33
20.72 17.98
19.58 18.04
19.58 17.85
20.72 18.08
18.44 18.02
20.72 17.95
19.58 17.79
19.58 18.21
19.58 18.16
19.58 18.05
19.58 17.94
20.72 18.05
18.44 17.95
19.58 18.03
18.44 18.21
19.58 18.26
19.58 18.18
20.72 18.17
20.72 18.1
20.72 17.99
20.72 17.99
18.44 18.22
19.58 17.97
19.58 18.11
20.72 17.97
19.58 17.89
19.58 18.27
20.72 17.92
20.72 18.03
18.44 17.93
20.72 18.05
18.44 18.13
19.58 18.03
20.72 18.1
19.58 18.1
20.72 18.06
19.58 18.01
18.44 17.84
19.58 17.97
18.44 18.26
19.58 17.84
20.72 18.26
20.72 18.13
19.58 18.0
18.44 17.84
20.72 18.37
20.72 17.94
18.44 18.19
20.72 17.94
19.58 17.94
18.44 17.86
20.72 18.05
20.72 18.03
18.44 18.03
18.44 17.71
20.72 18.06
20.72 17.95
20.72 18.2
20.72 18.05
20.72 17.98
19.58 17.87
20.72 17.7
20.72 17.9
19.58 18.09
18.44 17.89
18.44 17.83
20.72 17.77
20.72 18.06
19.58 18.14
20.72 17.92
19.58 18.07
20.72 17.94
19.58 18.1
20.72 18.26
20.72 17.9
19.58 17.98
19.58 18.18
18.44 18.13
20.72 17.79
20.72 18.0
19.58 17.95
20.72 18.08
20.72 18.22
20.72 18.03
19.58 18.16
18.44 17.99
20.72 17.95
20.72 17.7
20.72 18.05
19.58 17.97
20.72 17.99
19.58 18.16
19.58 18.09
20.72 17.93
20.72 17.76
18.44 17.89
18.44 17.7
20.72 18.04
19.58 17.81
19.58 17.96
19.58 17.83
18.44 18.07
18.44 18.22
20.72 17.99
18.44 18.01
18.44 17.89
18.44 17.98
19.58 18.13
20.72 17.95
20.72 17.87
18.44 17.93
19.58 18.24
20.72 18.12
20.72 18.12
20.72 18.08
18.44 18.06
20.72 18.2
18.44 18.21
19.58 18.15
18.44 18.11
19.58 18.24
19.58 17.97
20.72 18.03
18.44 17.94
19.58 17.87
19.58 18.16
20.72 18.1
20.72 18.0
20.72 17.86
20.72 17.96
20.72 18.09
20.72 17.86
18.44 18.09
20.72 18.26
20.72 17.86
20.72 17.97
19.58 18.08
20.72 18.0
20.72 18.1
18.44 18.0
20.72 17.96
19.58 18.17
19.58 18.03
19.58 18.19
20.72 17.92
20.72 18.06
19.58 17.97
18.44 17.89
20.72 18.08
20.72 18.3
19.58 18.09
18.44 18.19
18.44 18.13
19.58 17.95
19.58 18.21
20.72 18.11
20.72 18.21
20.72 18.11
19.58 17.81
20.72 18.22
19.58 18.13
18.44 17.92
20.72 17.89
20.72 17.81
20.72 18.14
18.44 18.21
20.72 18.01
20.72 18.34
20.72 17.84
19.58 17.89
19.58 18.0
20.72 18.06
20.72 18.0
18.44 18.21
20.72 17.74
20.72 18.03
18.44 18.1
19.58 17.83
20.72 18.12
20.72 18.15
19.58 18.05
19.58 17.93
19.58 17.92
20.72 17.98
20.72 18.07
20.72 18.02
20.72 18.16
20.72 18.13
20.72 18.02
20.72 18.18
18.44 18.1
19.58 18.21
20.72 18.17
20.72 18.11
19.58 17.98
19.58 18.05
20.72 17.97
20.72 18.02
19.58 17.92
20.72 17.9
19.58 17.86
19.58 17.64
20.72 17.86
20.72 17.88
20.72 18.19
20.72 18.0
19.58 18.27
20.72 17.87
19.58 18.03
18.44 17.88
20.72 17.8
20.72 18.01
19.58 18.05
20.72 17.96
20.72 17.89
19.58 18.11
20.72 17.97
19.58 18.0
20.72 17.97
20.72 18.15
20.72 18.06
18.44 18.32
20.72 17.87
20.72 17.96
20.72 17.92
18.44 18.09
20.72 18.0
18.44 18.0
20.72 18.07
19.58 17.9
19.58 18.06
18.44 17.83
19.58 17.97
19.58 17.98
19.58 17.98
20.72 17.92
20.72 18.13
20.72 17.94
20.72 17.97
20.72 18.14
20.72 17.77
19.58 17.97
19.58 18.14
19.58 18.0
19.58 18.04
20.72 18.0
19.58 17.79
19.58 18.06
20.72 17.7
20.72 18.14
20.72 17.89
20.72 17.97
20.72 17.92
20.72 18.19
20.72 18.12
20.72 17.81
20.72 18.1
19.58 17.9
19.58 18.14
20.72 17.99
20.72 17.89
19.58 18.16
18.44 17.79
20.72 18.12
18.44 17.65
18.44 18.05
19.58 17.85
19.58 18.17
20.72 17.97
20.72 18.02
20.72 18.01
19.58 18.04
18.44 18.27
20.72 17.82
20.72 18.01
18.44 17.94
18.44 17.91
19.58 17.82
20.72 17.94
20.72 18.21
20.72 18.04
20.72 18.0
20.72 18.06
20.72 18.09
20.72 17.67
20.72 18.05
20.72 18.14
20.72 17.97
20.72 18.06
19.58 17.82
19.58 18.05
19.58 17.79
20.72 18.13
20.72 17.79
20.72 18.21
19.58 18.1
20.72 17.96
19.58 18.03
20.72 17.93
20.72 17.98
20.72 18.0
20.72 17.86
19.58 18.09
20.72 17.9
20.72 18.09
18.44 17.79
20.72 17.88
20.72 17.85
18.44 18.28
20.72 18.16
20.72 18.09
20.72 17.91
20.72 18.18
20.72 17.92
20.72 17.97
20.72 17.92
20.72 17.78
19.58 18.1
20.72 18.1
20.72 18.07
20.72 18.29
20.72 18.11
20.72 18.03
20.72 18.14
20.72 17.82
20.72 17.92
20.72 18.04
20.72 18.11
20.72 17.99
20.72 18.21
19.58 17.9
20.72 17.92
20.72 18.05
20.72 17.98
19.58 17.96
19.58 18.13
20.72 17.82
20.72 18.23
19.58 18.18
19.58 18.1
20.72 17.94
20.72 18.2
20.72 17.76
20.72 17.61
18.44 18.04
20.72 18.24
20.72 18.06
19.58 18.16
20.72 17.96
20.72 17.98
19.58 18.34
19.58 17.71
20.72 18.3
20.72 18.18
19.58 17.89
19.58 17.93
18.44 18.05
20.72 18.14
20.72 17.86
20.72 17.95
20.72 17.97
20.72 17.88
20.72 17.85
20.72 18.0
20.72 17.98
19.58 18.43
19.58 18.08
19.58 18.0
20.72 17.92
20.72 18.09
20.72 18.11
19.58 17.95
20.72 17.92
19.58 17.9
19.58 18.02
20.72 18.05
19.58 17.96
19.58 17.96
20.72 17.87
18.44 18.11
20.72 18.24
20.72 17.87
20.72 17.97
20.72 17.89
20.72 18.08
20.72 18.04
20.72 17.98
20.72 18.05
19.58 17.78
20.72 17.87
19.58 18.0
20.72 17.71
20.72 18.08
18.44 17.63
20.72 18.13
20.72 18.26
20.72 17.94
20.72 18.0
18.44 18.01
18.44 18.03
20.72 17.88
20.72 18.22
20.72 18.03
20.72 18.0
18.44 17.83
20.72 18.19
20.72 17.88
20.72 18.03
20.72 18.0
19.58 18.09
20.72 18.13
20.72 18.16
20.72 18.02
20.72 17.93
20.72 18.01
20.72 17.93
20.72 18.08
19.58 17.89
20.72 17.84
20.72 17.92
20.72 17.7
20.72 18.03
20.72 18.04
20.72 18.03
20.72 18.19
20.72 18.02
20.72 18.09
20.72 17.93
20.72 17.83
20.72 18.06
18.44 18.1
20.72 17.94
20.72 18.06
20.72 17.98
20.72 17.95
20.72 18.16
20.72 17.96
20.72 17.97
20.72 18.22
20.72 17.86
18.44 17.98
19.58 17.97
18.44 17.94
19.58 17.81
19.58 18.08
19.58 18.05
20.72 18.3
20.72 18.0
20.72 18.03
20.72 18.18
20.72 17.84
20.72 18.22
20.72 17.97
19.58 18.1
20.72 18.1
18.44 18.03
19.58 17.94
19.58 18.0
19.58 18.09
20.72 18.1
18.44 17.87
19.58 18.08
20.72 18.02
20.72 17.71
20.72 18.07
19.58 17.58
20.72 17.92
20.72 17.99
19.58 18.08
20.72 17.94
19.58 18.11
20.72 17.98
20.72 18.0
18.44 17.95
20.72 17.95
20.72 17.9
20.72 18.08
19.58 17.92
20.72 18.1
18.44 17.84
20.72 17.94
18.44 17.81
20.72 18.08
19.58 17.79
20.72 18.07
20.72 17.99
20.72 17.97
20.72 18.11
20.72 18.17
20.72 18.0
18.44 17.94
20.72 17.9
20.72 17.78
19.58 17.81
20.72 18.08
20.72 17.82
20.72 18.11
20.72 18.0
20.72 17.94
20.72 18.02
20.72 18.02
18.44 18.04
20.72 17.84
