8.451600000000004 12.023799999999994
5.744600000000003 12.135737999999996
0.6215999999999999 12.142557380000001
5.121000000000002 12.092525573800003
3.0262000000000002 12.114325255737997
9.124200000000005 12.126843252557379
2.6232000000000006 12.150668432525572
1.093 12.129606684325251
2.7372 12.100696066843248
0.4372 12.087606960668428
3.2541999999999995 12.09407606960668
1.1728 12.133340760696068
0.7014 11.976733407606957
7.954799999999997 11.97986733407607
3.4138 11.963398673340759
1.9540000000000004 11.97433398673341
12.4596 11.970043339867335
9.389799999999994 12.031500433398667
6.069199999999998 11.999315004333983
6.264999999999998 12.018393150043334
15.976000000000008 12.03458393150043
0.977 11.976645839315001
17.814000000000007 11.988366458393152
3.1724 11.98898366458393
2.701 11.995289836645837
0.4828 12.005752898366461
24.89722800000002 12.037957528983668
19.075999999999993 12.013879575289838
0.2414 12.047238795752898
5.780199999999997 12.08047238795753
2.011 12.054704723879574
8.836599999999995 12.030947047238792
8.595199999999995 12.033009470472386
25.445752000000024 12.09253009470472
7.859599999999996 12.09052530094705
3.0336000000000003 12.072505253009465
22.34700000000001 12.058625052530097
7.973599999999997 12.0611862505253
3.3206000000000007 12.080411862505255
3.6418000000000013 12.04090411862505
17.564600000000013 12.059509041186248
3.423200000000001 12.004595090411856
7.673199999999998 11.999645950904123
0.2642 12.04999645950904
16.38040000000001 12.001399964595091
0.2642 11.96321399964595
26.36300000000004 11.967332139996458
20.400400000000015 12.068773321399963
6.9033999999999995 12.023887733213998
1.0568 11.952038877332143
23.914800000000017 11.978520388773322
24.741600000000016 11.976185203887733
12.267199999999997 11.979061852038884
26.839072000000016 12.024890618520383
4.0884 11.960048906185209
6.855799999999997 12.008300489061849
0.2528 11.955083004890616
20.268999999999984 11.9791508300489
18.05279999999998 11.986991508300484
0.2528 11.843869915083008
