21.392599999999973 -11.561800000000005
21.617925999999994 -11.666018
21.734179259999973 -11.655460180000007
21.59854179259998 -11.639754601800005
21.585785417925994 -11.689597546018001
21.69965785417924 -11.736195975460186
21.65519657854178 -11.704861959754606
21.711751965785403 -11.677248619597558
21.55271751965784 -11.648372486195983
21.22052717519658 -11.600583724861973
21.342605271751964 -11.655005837248623
21.343826052717514 -11.652050058372486
21.594638260527155 -11.723420500583734
21.699746382605248 -11.54053420500585
21.700797463826028 -11.574105342050068
21.951607974638232 -11.576341053420503
22.136516079746357 -11.52986341053421
22.286565160797437 -11.541298634105353
22.504665651607958 -11.583412986341063
22.871646656516074 -11.70493412986341
22.943716466565157 -11.61864934129864
22.73923716466563 -11.582286493412989
22.987992371646655 -11.584022864934138
23.12727992371647 -11.54264022864935
23.17427279923716 -11.564526402286498
23.379942727992375 -11.562945264022868
23.347799427279927 -11.554229452640238
23.370277994272794 -11.566442294526409
23.58710277994274 -11.583664422945274
23.78307102779943 -11.596136644229457
23.956030710278004 -11.605261366442303
24.105960307102794 -11.594952613664427
24.25565960307105 -11.622649526136648
24.268556596030727 -11.654126495261373
24.40548556596033 -11.63244126495262
24.39545485565962 -11.63552441264953
24.49795454855662 -11.613955244126501
24.55597954548557 -11.622139552441263
24.62495979545486 -11.65802139552442
24.705449597954576 -11.659580213955254
24.649254495979562 -11.575695802139562
24.454892544959822 -11.586356958021401
24.646748925449618 -11.599263569580216
24.6486674892545 -11.592592635695812
24.443486674892554 -11.571825926356967
24.46423486674895 -11.55751825926357
25.080042348667508 -11.558075182592642
24.675800423486702 -11.551680751825936
24.899758004234883 -11.58301680751827
25.266797580042358 -11.543030168075184
25.15646797580043 -11.574230301680759
25.23516467975802 -11.56204230301681
25.201751646797597 -11.585220423030176
25.007617516468002 -11.530752204230309
25.655476175164708 -11.524407522042313
25.433954761751682 -11.526844075220431
