12.74 17.7
12.74 18.04
12.74 17.92
12.74 17.57
12.74 17.65
12.74 17.64
12.74 17.94
12.74 17.99
12.74 17.65
12.74 18.06
12.74 17.92
12.74 17.63
12.74 18.02
12.74 17.66
12.74 17.64
12.74 17.84
12.74 17.83
12.74 17.82
12.74 17.86
12.74 17.47
12.74 17.66
12.74 17.79
12.74 17.89
12.74 17.79
12.74 17.86
12.74 17.77
12.74 18.13
12.74 17.82
12.74 17.68
12.74 17.96
12.74 18.02
12.74 17.77
12.74 17.61
12.74 17.79
12.74 17.68
12.74 17.67
12.74 17.77
12.74 17.75
12.74 17.47
12.74 17.76
12.74 17.78
12.74 17.7
12.74 17.74
12.74 17.7
12.74 17.73
12.74 17.58
12.74 17.49
12.74 17.74
12.74 17.7
12.74 17.97
12.74 17.81
12.74 17.71
12.74 17.78
12.74 17.63
12.74 17.93
12.74 17.82
12.74 17.71
12.74 17.7
12.74 17.53
12.74 17.73
12.74 17.68
12.74 17.82
12.74 17.65
12.74 17.53
12.74 18.0
12.74 17.73
12.74 17.78
12.74 17.52
12.74 17.74
13.88 17.87
12.74 17.83
12.74 17.76
12.74 17.65
12.74 17.83
12.74 17.76
12.74 17.54
12.74 17.91
12.74 17.62
12.74 17.59
12.74 18.02
12.74 17.86
12.74 17.83
13.88 17.78
13.88 17.7
12.74 17.79
12.74 17.76
12.74 17.39
12.74 17.86
12.74 17.67
12.74 17.89
12.74 17.78
12.74 18.02
12.74 17.98
12.74 17.51
12.74 17.81
12.74 17.76
12.74 17.68
12.74 17.57
12.74 17.8
12.74 18.02
12.74 17.85
12.74 17.98
12.74 17.62
12.74 17.78
12.74 17.82
13.88 17.6
12.74 17.44
12.74 17.87
12.74 17.94
12.74 17.57
12.74 17.71
12.74 17.6
12.74 17.69
12.74 17.91
12.74 17.56
12.74 17.98
12.74 17.77
13.88 17.53
12.74 17.63
12.74 17.63
12.74 17.72
12.74 17.95
12.74 17.62
12.74 17.82
12.74 17.81
13.88 17.66
12.74 17.9
12.74 17.75
12.74 17.83
12.74 17.79
12.74 17.73
13.88 17.76
12.74 17.55
12.74 17.79
13.88 17.42
13.88 17.95
13.88 17.42
12.74 17.63
12.74 17.66
13.88 17.84
12.74 17.67
12.74 17.63
12.74 17.65
12.74 17.42
12.74 17.74
13.88 17.65
12.74 17.9
13.88 17.68
13.88 17.84
12.74 17.89
12.74 17.85
12.74 17.89
12.74 17.56
12.74 17.75
13.88 17.49
12.74 17.55
12.74 18.02
12.74 17.76
13.88 17.94
12.74 17.75
12.74 17.87
13.88 17.52
13.88 17.69
12.74 17.94
12.74 17.6
12.74 17.7
12.74 17.65
12.74 17.82
12.74 17.86
12.74 17.68
12.74 17.57
12.74 17.57
12.74 17.63
12.74 17.76
12.74 17.56
12.74 17.86
12.74 17.89
12.74 17.81
12.74 17.38
12.74 17.76
12.74 17.8
12.74 17.82
12.74 17.66
12.74 17.73
13.88 17.95
12.74 17.57
12.74 17.63
12.74 17.72
12.74 17.77
13.88 17.4
12.74 17.72
13.88 17.79
12.74 18.05
13.88 17.52
13.88 17.56
13.88 17.96
12.74 17.51
13.88 17.46
13.88 17.6
12.74 17.82
12.74 17.49
13.88 17.36
12.74 17.51
12.74 17.82
13.88 17.79
12.74 17.76
13.88 17.71
13.88 17.76
12.74 17.61
13.88 17.76
12.74 17.72
13.88 17.54
12.74 17.42
12.74 17.8
12.74 17.78
13.88 17.65
12.74 17.66
12.74 17.79
12.74 17.72
13.88 17.67
12.74 17.58
12.74 17.7
13.88 17.71
13.88 17.82
13.88 17.46
12.74 17.55
12.74 17.4
13.88 17.39
12.74 17.63
12.74 17.52
12.74 17.69
13.88 17.45
12.74 17.53
13.88 17.6
12.74 17.81
13.88 17.82
12.74 17.65
12.74 17.64
12.74 17.71
13.88 17.54
13.88 17.52
12.74 17.62
13.88 17.74
13.88 17.54
12.74 17.7
12.74 17.81
12.74 17.6
12.74 17.76
13.88 18.06
13.88 17.82
13.88 17.76
13.88 17.86
13.88 17.71
12.74 17.68
12.74 17.71
13.88 17.53
12.74 17.41
13.88 17.68
13.88 17.6
13.88 17.55
13.88 17.79
12.74 17.61
12.74 17.51
13.88 17.66
13.88 17.96
13.88 17.95
13.88 17.71
13.88 17.85
13.88 17.72
12.74 17.65
13.88 17.65
13.88 17.34
12.74 17.58
13.88 17.86
13.88 17.74
13.88 17.74
13.88 17.61
12.74 17.63
13.88 17.77
13.88 17.62
12.74 17.85
13.88 17.62
13.88 17.78
12.74 18.03
12.74 17.81
13.88 17.81
13.88 17.58
13.88 17.79
13.88 17.74
13.88 17.67
13.88 17.55
13.88 17.65
13.88 17.62
13.88 17.77
13.88 17.88
13.88 17.66
13.88 17.41
13.88 17.57
13.88 17.37
13.88 17.56
13.88 17.66
13.88 17.63
13.88 17.73
13.88 17.63
13.88 17.67
12.74 17.78
13.88 17.67
12.74 17.79
13.88 17.57
13.88 17.56
13.88 17.52
13.88 17.6
12.74 17.54
13.88 17.6
12.74 17.6
13.88 17.84
13.88 17.65
13.88 17.12
13.88 17.66
13.88 17.7
13.88 17.8
13.88 17.63
12.74 17.44
13.88 17.22
13.88 17.46
12.74 17.57
13.88 17.44
13.88 17.57
13.88 17.18
13.88 17.85
12.74 17.59
13.88 17.63
13.88 17.52
12.74 17.79
13.88 17.63
13.88 17.49
13.88 17.61
13.88 17.84
13.88 17.42
12.74 17.29
13.88 17.66
13.88 17.76
13.88 17.98
12.74 17.49
13.88 17.46
12.74 17.42
13.88 17.42
13.88 17.87
13.88 17.75
13.88 17.12
13.88 17.62
12.74 17.74
13.88 17.65
13.88 17.33
15.02 17.48
13.88 17.47
13.88 17.41
13.88 17.71
13.88 17.85
13.88 17.55
13.88 17.64
13.88 17.33
13.88 17.28
13.88 17.84
13.88 17.4
15.02 17.56
13.88 17.53
13.88 17.65
13.88 17.76
13.88 17.43
15.02 17.38
13.88 17.76
13.88 17.6
13.88 17.75
13.88 17.92
13.88 17.68
13.88 17.53
13.88 17.33
15.02 17.53
13.88 17.5
13.88 17.62
13.88 17.54
15.02 17.16
15.02 17.53
13.88 17.65
13.88 17.53
13.88 17.82
13.88 17.71
15.02 17.53
13.88 17.41
15.02 17.76
13.88 17.62
13.88 17.86
13.88 17.49
13.88 17.48
13.88 17.52
15.02 17.31
13.88 17.41
15.02 17.74
13.88 17.36
13.88 17.37
15.02 17.31
13.88 17.59
13.88 17.58
15.02 17.47
12.74 17.31
13.88 17.68
13.88 17.5
13.88 17.59
15.02 17.59
13.88 17.27
13.88 17.67
13.88 17.38
13.88 17.58
13.88 17.55
13.88 17.43
13.88 17.52
13.88 17.88
13.88 17.58
13.88 17.44
13.88 17.74
13.88 17.39
13.88 17.44
15.02 17.54
13.88 17.34
13.88 17.52
13.88 17.5
13.88 17.5
13.88 17.48
13.88 17.36
13.88 17.39
13.88 17.81
13.88 17.79
13.88 17.52
13.88 17.68
13.88 17.69
13.88 17.46
13.88 17.34
13.88 17.62
15.02 17.47
13.88 17.47
13.88 17.54
13.88 17.46
13.88 17.31
13.88 17.78
13.88 17.26
13.88 17.43
13.88 17.41
13.88 17.44
15.02 17.43
13.88 17.48
13.88 17.42
13.88 17.62
13.88 17.45
13.88 17.27
13.88 17.45
15.02 17.47
13.88 17.55
13.88 17.16
13.88 17.46
13.88 17.32
13.88 17.5
13.88 17.54
15.02 17.47
15.02 17.75
15.02 17.4
13.88 17.52
13.88 17.43
13.88 17.57
13.88 17.41
13.88 17.53
15.02 17.31
15.02 17.66
15.02 17.33
13.88 17.63
13.88 17.85
13.88 17.55
15.02 17.45
15.02 17.42
13.88 17.55
13.88 17.58
13.88 17.48
13.88 17.72
13.88 17.36
15.02 17.64
15.02 17.61
15.02 17.47
13.88 17.52
13.88 17.53
15.02 17.44
13.88 17.48
13.88 17.36
13.88 17.63
15.02 17.46
15.02 17.26
15.02 17.67
13.88 17.38
15.02 17.6
15.02 17.38
15.02 17.68
15.02 17.65
13.88 17.59
13.88 17.69
13.88 17.47
13.88 17.47
13.88 17.55
15.02 17.41
13.88 17.38
13.88 17.34
13.88 17.2
15.02 17.36
13.88 17.26
13.88 17.54
13.88 17.43
15.02 17.55
13.88 17.44
13.88 17.57
15.02 17.18
13.88 17.44
13.88 17.52
15.02 17.49
13.88 17.39
15.02 17.46
13.88 17.52
15.02 17.5
15.02 17.54
15.02 17.44
15.02 17.6
15.02 17.31
13.88 17.44
15.02 17.49
15.02 17.6
15.02 17.42
13.88 17.75
15.02 17.5
15.02 17.54
13.88 17.55
13.88 17.26
15.02 17.5
15.02 17.58
15.02 17.36
13.88 17.68
13.88 17.7
15.02 17.47
15.02 17.63
13.88 17.41
15.02 17.41
15.02 17.46
15.02 17.54
15.02 17.23
13.88 17.7
15.02 17.7
15.02 17.26
15.02 17.46
13.88 17.5
15.02 17.17
13.88 17.44
15.02 17.76
15.02 17.51
15.02 17.53
13.88 17.56
13.88 17.73
13.88 17.26
15.02 17.54
15.02 17.5
15.02 17.26
15.02 17.64
13.88 17.64
13.88 17.27
15.02 17.5
15.02 17.44
13.88 17.47
15.02 17.17
13.88 17.65
13.88 17.37
15.02 17.6
15.02 17.54
15.02 17.44
13.88 17.54
15.02 17.3
15.02 17.47
15.02 17.4
15.02 17.27
13.88 17.65
15.02 17.26
15.02 17.48
16.16 17.52
13.88 17.29
15.02 17.5
15.02 17.53
15.02 17.44
13.88 17.34
15.02 17.32
15.02 17.38
15.02 17.65
13.88 17.34
13.88 17.5
15.02 17.42
15.02 17.61
15.02 17.58
15.02 17.55
15.02 17.73
15.02 17.58
15.02 17.53
15.02 17.38
15.02 17.57
15.02 17.4
13.88 17.16
15.02 17.52
15.02 17.7
15.02 17.32
15.02 17.66
15.02 17.33
13.88 17.52
15.02 17.55
13.88 17.53
15.02 17.59
15.02 17.43
15.02 17.27
15.02 17.3
15.02 17.5
15.02 17.51
15.02 17.92
15.02 17.68
15.02 17.41
13.88 17.56
15.02 17.44
15.02 17.47
15.02 17.54
15.02 17.37
15.02 17.36
15.02 17.43
13.88 17.73
15.02 17.5
15.02 17.65
13.88 17.5
15.02 17.62
15.02 17.53
15.02 17.74
15.02 17.44
15.02 17.44
15.02 17.73
15.02 17.33
15.02 17.36
13.88 17.18
15.02 17.38
15.02 17.42
15.02 17.7
13.88 17.43
15.02 17.33
15.02 17.47
15.02 17.66
15.02 17.57
15.02 17.58
15.02 17.14
15.02 17.57
15.02 17.71
15.02 17.71
15.02 17.74
15.02 17.44
15.02 17.47
15.02 17.65
15.02 17.63
15.02 17.28
16.16 17.45
15.02 17.56
15.02 17.56
16.16 17.5
15.02 17.3
15.02 17.55
15.02 17.22
15.02 17.26
15.02 17.52
15.02 17.54
15.02 17.44
15.02 17.57
15.02 17.47
15.02 17.28
15.02 17.11
15.02 17.66
16.16 17.76
15.02 17.38
15.02 17.57
15.02 17.68
13.88 17.6
15.02 17.55
15.02 17.63
15.02 17.53
15.02 17.33
16.16 17.41
15.02 17.64
13.88 17.55
15.02 17.62
15.02 17.41
15.02 17.39
16.16 17.62
15.02 17.48
15.02 17.42
16.16 17.52
15.02 17.42
15.02 17.41
15.02 17.55
15.02 17.1
15.02 17.5
15.02 17.56
15.02 17.18
15.02 17.35
15.02 17.29
15.02 17.73
16.16 17.43
15.02 17.42
15.02 17.58
15.02 17.6
15.02 17.45
16.16 17.39
15.02 17.15
15.02 17.62
16.16 17.42
15.02 17.51
15.02 17.07
15.02 17.44
15.02 17.27
15.02 17.42
15.02 17.48
15.02 17.37
15.02 17.57
15.02 17.33
15.02 17.44
15.02 17.54
15.02 17.54
15.02 17.5
15.02 17.28
15.02 17.41
15.02 17.63
15.02 17.3
15.02 17.48
15.02 17.61
15.02 17.24
15.02 17.5
15.02 17.53
15.02 17.36
13.88 17.4
15.02 17.32
15.02 17.12
15.02 17.47
15.02 17.39
15.02 17.62
15.02 17.15
13.88 17.33
15.02 17.13
15.02 17.39
15.02 17.33
15.02 17.29
15.02 17.63
15.02 17.33
15.02 17.54
15.02 17.54
15.02 17.39
15.02 17.17
15.02 17.62
15.02 17.5
13.88 17.36
16.16 17.12
16.16 17.21
15.02 17.65
13.88 17.17
15.02 17.33
15.02 17.52
15.02 17.42
15.02 17.52
15.02 17.46
15.02 17.55
15.02 17.32
16.16 17.26
15.02 17.81
16.16 17.22
15.02 17.68
16.16 17.41
15.02 17.41
15.02 17.45
16.16 17.42
15.02 17.39
15.02 17.25
15.02 17.18
15.02 17.28
15.02 17.3
15.02 17.52
15.02 17.39
15.02 16.98
15.02 17.73
16.16 17.53
15.02 17.72
15.02 17.46
16.16 17.58
15.02 17.22
15.02 17.49
15.02 17.42
16.16 17.33
15.02 17.55
15.02 17.44
13.88 17.62
16.16 17.41
15.02 17.39
16.16 17.48
16.16 17.01
16.16 17.3
15.02 17.39
15.02 17.46
15.02 17.43
16.16 17.38
16.16 17.35
16.16 17.07
15.02 17.44
15.02 17.47
15.02 17.36
15.02 17.41
16.16 17.48
15.02 17.57
15.02 17.26
16.16 17.26
16.16 17.5
15.02 17.28
15.02 17.21
15.02 17.38
15.02 17.06
16.16 17.35
16.16 17.25
16.16 17.15
15.02 17.28
15.02 17.6
15.02 17.36
16.16 17.17
15.02 17.4
16.16 17.28
16.16 17.3
15.02 17.42
15.02 17.33
15.02 17.36
16.16 17.23
15.02 17.58
16.16 17.33
16.16 17.45
15.02 17.42
15.02 17.26
16.16 17.2
16.16 17.77
16.16 17.53
15.02 17.17
15.02 17.32
16.16 17.14
16.16 17.49
16.16 17.31
16.16 17.41
16.16 17.1
15.02 17.22
16.16 17.49
15.02 17.41
16.16 17.18
16.16 17.25
15.02 17.23
16.16 17.59
16.16 17.41
15.02 17.26
16.16 17.42
15.02 17.36
15.02 17.34
15.02 17.15
16.16 17.39
15.02 16.92
15.02 17.36
15.02 17.6
15.02 17.12
16.16 17.44
16.16 17.14
15.02 17.01
15.02 17.29
16.16 17.09
16.16 17.57
16.16 17.18
15.02 17.26
15.02 16.91
15.02 17.44
15.02 17.69
15.02 16.96
15.02 17.26
15.02 17.49
16.16 17.65
15.02 17.27
16.16 17.54
16.16 17.2
16.16 17.28
16.16 17.34
15.02 16.99
16.16 17.17
16.16 17.57
15.02 17.22
15.02 17.15
15.02 17.47
16.16 17.07
15.02 17.65
16.16 17.4
16.16 17.16
15.02 17.23
16.16 17.22
16.16 17.28
16.16 17.33
16.16 17.33
16.16 17.52
16.16 17.49
16.16 17.25
15.02 17.38
16.16 17.17
16.16 17.25
16.16 17.39
15.02 17.25
16.16 17.12
16.16 17.2
16.16 17.38
16.16 17.25
16.16 17.0
16.16 17.2
15.02 17.29
16.16 17.4
15.02 17.09
16.16 17.28
16.16 17.4
15.02 17.4
16.16 17.12
16.16 17.28
16.16 17.26
15.02 17.17
16.16 17.55
16.16 17.26
15.02 17.16
16.16 17.25
16.16 17.66
16.16 17.03
16.16 16.9
16.16 17.12
16.16 17.65
16.16 17.28
15.02 17.44
16.16 17.22
15.02 17.48
16.16 17.15
16.16 17.22
15.02 17.34
16.16 17.2
16.16 17.44
15.02 17.24
16.16 17.63
16.16 17.46
16.16 17.3
16.16 17.2
16.16 17.39
16.16 17.41
16.16 17.34
16.16 17.12
16.16 17.62
16.16 17.4
16.16 17.49
15.02 16.97
16.16 17.12
15.02 17.36
16.16 16.85
15.02 17.18
16.16 17.15
16.16 17.34
16.16 17.24
16.16 17.3
17.3 17.16
16.16 16.85
15.02 17.26
15.02 17.28
16.16 17.24
16.16 17.22
16.16 17.23
16.16 17.43
16.16 17.09
16.16 17.39
16.16 17.23
15.02 17.55
17.3 16.88
15.02 17.34
16.16 17.2
16.16 17.21
16.16 17.2
16.16 17.11
16.16 17.36
15.02 17.12
16.16 17.09
16.16 17.04
16.16 17.29
16.16 17.17
16.16 17.36
16.16 17.1
16.16 17.23
16.16 17.32
16.16 17.23
16.16 17.35
15.02 17.35
15.02 17.36
16.16 17.21
16.16 17.3
15.02 17.1
16.16 17.14
16.16 17.31
16.16 17.14
16.16 17.35
16.16 17.33
16.16 17.27
16.16 17.13
16.16 17.2
15.02 17.18
16.16 17.13
16.16 16.99
15.02 17.14
15.02 17.17
16.16 17.25
15.02 17.12
16.16 17.01
16.16 17.41
16.16 17.39
16.16 17.31
16.16 17.14
16.16 17.49
16.16 17.27
16.16 17.15
16.16 17.39
16.16 17.26
16.16 17.41
15.02 17.33
16.16 17.25
16.16 17.25
16.16 17.44
16.16 17.16
16.16 17.14
16.16 17.06
16.16 17.36
16.16 17.23
16.16 17.22
16.16 17.22
16.16 17.23
16.16 17.24
16.16 17.18
16.16 16.94
17.3 17.06
16.16 17.15
16.16 16.86
16.16 17.57
16.16 17.23
16.16 17.2
16.16 17.09
16.16 17.27
16.16 17.23
16.16 17.23
16.16 17.34
16.16 17.01
16.16 17.3
15.02 17.43
16.16 17.1
16.16 17.26
16.16 17.38
16.16 17.22
16.16 17.04
16.16 17.38
16.16 17.23
16.16 17.3
16.16 16.97
17.3 17.15
16.16 17.08
16.16 17.14
16.16 17.4
16.16 17.33
16.16 16.93
16.16 17.16
17.3 17.15
16.16 17.27
16.16 17.18
16.16 17.02
15.02 17.26
16.16 17.12
16.16 17.18
15.02 17.22
16.16 17.27
16.16 17.04
16.16 17.26
16.16 17.09
16.16 16.9
16.16 17.33
16.16 17.4
16.16 17.37
15.02 17.15
15.02 17.17
16.16 17.09
15.02 17.24
16.16 17.14
16.16 17.15
16.16 17.27
16.16 17.17
17.3 17.29
17.3 17.15
16.16 17.22
16.16 17.21
17.3 17.35
16.16 17.08
16.16 17.04
16.16 17.63
16.16 16.96
17.3 17.01
16.16 17.44
17.3 17.36
16.16 17.29
16.16 17.09
16.16 17.38
17.3 17.25
16.16 17.34
16.16 17.27
17.3 16.85
16.16 17.37
16.16 17.47
16.16 17.28
16.16 17.21
16.16 17.1
16.16 17.58
16.16 17.27
17.3 17.18
16.16 17.06
16.16 17.25
16.16 17.26
17.3 17.25
16.16 17.46
17.3 17.27
16.16 17.33
16.16 17.25
16.16 17.33
16.16 17.52
16.16 17.23
16.16 17.54
16.16 17.41
17.3 17.32
17.3 17.39
17.3 17.06
16.16 17.08
16.16 17.0
16.16 17.05
16.16 17.2
16.16 17.39
16.16 17.35
16.16 17.37
16.16 17.23
16.16 17.14
16.16 17.17
16.16 17.28
17.3 17.26
16.16 17.15
16.16 17.26
16.16 17.04
16.16 17.28
16.16 17.26
17.3 17.15
16.16 17.08
17.3 17.52
17.3 17.06
16.16 17.0
16.16 17.41
16.16 17.06
17.3 17.45
16.16 17.2
16.16 17.32
16.16 17.27
16.16 17.28
16.16 17.15
16.16 17.29
16.16 17.3
16.16 17.39
17.3 17.4
16.16 17.27
17.3 16.96
17.3 17.29
16.16 17.1
16.16 17.09
16.16 17.19
16.16 17.25
16.16 17.26
16.16 17.13
16.16 17.36
17.3 17.2
16.16 17.41
17.3 17.36
17.3 17.22
17.3 17.0
16.16 17.22
16.16 17.23
17.3 17.15
16.16 17.41
16.16 17.18
16.16 17.25
16.16 16.88
16.16 17.31
17.3 17.22
16.16 17.21
17.3 17.1
16.16 17.19
16.16 16.88
16.16 17.31
16.16 17.17
17.3 17.04
17.3 17.25
16.16 17.16
16.16 17.31
16.16 17.22
16.16 17.28
16.16 17.3
16.16 17.18
17.3 17.17
17.3 17.42
17.3 17.2
16.16 17.33
16.16 17.34
17.3 17.12
16.16 17.28
16.16 17.43
16.16 17.58
16.16 17.42
16.16 17.18
16.16 17.4
16.16 17.17
16.16 17.27
16.16 17.04
16.16 17.2
16.16 17.22
17.3 17.06
16.16 17.27
17.3 17.33
16.16 17.32
17.3 17.19
17.3 17.23
17.3 17.31
17.3 17.17
16.16 17.2
16.16 17.13
16.16 17.33
16.16 17.11
17.3 17.28
16.16 17.42
16.16 17.5
16.16 17.51
17.3 17.14
16.16 17.22
17.3 17.23
16.16 17.43
17.3 17.13
16.16 17.38
16.16 17.15
17.3 17.46
16.16 17.05
16.16 17.18
16.16 16.88
17.3 17.39
16.16 16.96
17.3 17.14
16.16 17.47
16.16 17.22
17.3 17.46
16.16 17.31
17.3 17.36
16.16 17.28
17.3 17.47
17.3 17.22
17.3 17.3
16.16 17.17
16.16 16.99
16.16 17.1
16.16 17.15
16.16 17.47
17.3 16.96
17.3 17.12
17.3 17.37
17.3 17.36
17.3 17.38
16.16 17.49
16.16 17.19
16.16 17.27
17.3 17.17
16.16 17.33
16.16 17.26
17.3 17.09
16.16 16.88
16.16 17.5
17.3 17.32
17.3 17.21
17.3 16.97
16.16 17.08
16.16 17.26
17.3 17.21
16.16 17.09
17.3 17.03
16.16 17.39
16.16 17.11
17.3 17.35
16.16 17.02
17.3 17.26
16.16 16.86
16.16 17.31
17.3 17.34
17.3 17.13
16.16 17.42
16.16 17.34
17.3 17.14
16.16 17.32
16.16 17.2
16.16 17.29
17.3 17.15
17.3 17.25
17.3 17.3
16.16 17.33
16.16 17.23
16.16 17.24
17.3 17.31
16.16 17.11
17.3 17.22
16.16 17.33
17.3 17.28
17.3 17.01
16.16 17.13
17.3 16.96
17.3 17.41
17.3 17.24
17.3 17.06
17.3 17.44
17.3 17.23
17.3 17.01
16.16 17.28
16.16 17.23
16.16 17.3
17.3 17.36
17.3 17.26
16.16 17.01
17.3 17.07
16.16 17.31
17.3 17.32
17.3 17.12
17.3 17.2
17.3 17.36
16.16 17.23
16.16 17.3
17.3 17.01
16.16 17.04
17.3 16.76
17.3 17.05
17.3 17.24
16.16 17.3
16.16 17.16
17.3 17.25
17.3 17.26
16.16 17.1
16.16 17.33
16.16 17.33
16.16 16.99
16.16 17.0
17.3 16.94
17.3 17.1
16.16 17.43
17.3 17.26
16.16 17.22
16.16 17.25
17.3 17.22
16.16 17.26
17.3 17.2
17.3 17.2
16.16 16.97
16.16 17.19
16.16 17.06
17.3 17.06
16.16 17.0
17.3 17.14
16.16 16.88
17.3 17.15
16.16 17.14
17.3 17.18
17.3 17.26
17.3 17.39
17.3 17.24
17.3 16.95
17.3 17.19
17.3 17.18
17.3 17.36
17.3 17.16
17.3 17.26
16.16 17.36
17.3 17.09
16.16 17.07
17.3 17.46
16.16 17.38
17.3 17.33
17.3 17.06
17.3 17.09
17.3 17.12
17.3 17.3
16.16 17.15
17.3 16.99
17.3 17.31
17.3 17.29
17.3 17.18
17.3 16.99
17.3 16.93
17.3 17.04
17.3 17.31
17.3 17.14
17.3 17.4
16.16 17.07
16.16 17.12
17.3 17.26
16.16 17.41
16.16 17.05
16.16 16.85
17.3 17.33
17.3 17.22
16.16 17.18
16.16 17.22
17.3 17.11
17.3 17.18
17.3 17.09
17.3 17.14
17.3 17.23
17.3 17.09
16.16 17.2
17.3 17.41
17.3 17.42
17.3 17.07
17.3 17.17
17.3 17.47
16.16 17.31
16.16 17.22
16.16 17.09
17.3 17.12
16.16 17.15
16.16 17.07
17.3 17.29
16.16 17.57
17.3 17.17
16.16 17.32
17.3 16.91
16.16 17.1
17.3 16.85
17.3 17.1
17.3 17.22
17.3 17.16
17.3 17.25
17.3 17.15
16.16 17.1
17.3 17.35
17.3 17.07
17.3 16.97
16.16 17.13
17.3 17.17
16.16 17.11
16.16 17.07
16.16 17.18
17.3 17.16
17.3 17.16
17.3 16.96
17.3 17.26
16.16 17.05
17.3 17.06
17.3 17.0
17.3 16.93
17.3 16.86
17.3 17.12
16.16 17.46
17.3 17.08
17.3 16.94
17.3 16.98
17.3 17.02
17.3 17.36
16.16 16.99
17.3 17.12
17.3 16.97
17.3 17.34
17.3 17.07
17.3 17.02
17.3 16.92
16.16 17.21
17.3 16.84
17.3 17.09
17.3 17.06
16.16 16.78
17.3 16.86
17.3 17.09
17.3 17.23
16.16 17.18
17.3 17.1
17.3 17.16
17.3 17.08
17.3 17.19
17.3 16.98
17.3 16.91
16.16 16.97
16.16 16.91
17.3 17.17
16.16 17.28
17.3 16.9
17.3 16.7
17.3 17.07
17.3 16.93
17.3 17.23
17.3 16.97
17.3 17.22
17.3 17.07
17.3 17.33
16.16 17.28
17.3 17.11
17.3 17.02
17.3 17.25
17.3 16.97
16.16 17.22
17.3 17.09
17.3 16.91
17.3 17.25
17.3 17.29
17.3 16.95
17.3 16.92
17.3 17.12
17.3 17.25
17.3 17.3
17.3 17.09
16.16 17.2
17.3 17.3
17.3 17.15
17.3 16.99
17.3 17.2
17.3 16.82
18.44 16.93
17.3 17.02
17.3 17.08
17.3 17.08
17.3 17.09
17.3 17.06
17.3 17.18
16.16 16.94
17.3 16.67
17.3 17.26
17.3 16.91
16.16 16.82
16.16 16.66
17.3 16.92
16.16 17.12
17.3 17.23
17.3 17.28
17.3 17.09
17.3 17.29
17.3 17.0
18.44 16.9
17.3 17.22
16.16 16.96
17.3 16.96
17.3 16.92
16.16 17.02
17.3 16.83
17.3 17.09
17.3 16.95
17.3 17.04
17.3 17.26
17.3 17.08
17.3 17.06
17.3 17.07
17.3 17.26
17.3 17.06
17.3 17.15
17.3 17.15
17.3 17.06
18.44 16.75
18.44 17.28
17.3 17.09
17.3 17.09
17.3 17.31
17.3 17.09
17.3 17.17
17.3 16.94
17.3 17.01
17.3 16.97
17.3 16.86
17.3 17.29
16.16 17.26
17.3 17.41
17.3 17.13
17.3 16.78
17.3 17.22
17.3 17.22
18.44 16.94
17.3 16.95
17.3 16.91
17.3 16.98
17.3 16.89
17.3 16.94
17.3 17.1
17.3 17.18
17.3 17.05
17.3 17.0
17.3 17.04
17.3 17.01
17.3 17.16
17.3 16.99
18.44 17.1
17.3 16.86
17.3 17.21
17.3 17.02
18.44 17.0
17.3 17.31
17.3 17.11
17.3 17.06
17.3 17.31
17.3 16.99
17.3 16.89
17.3 17.17
18.44 16.91
17.3 17.46
18.44 16.98
17.3 16.96
17.3 16.83
17.3 17.46
17.3 16.99
17.3 16.83
16.16 17.09
17.3 16.98
17.3 17.2
17.3 16.86
17.3 17.2
18.44 17.09
17.3 17.2
17.3 17.15
17.3 16.82
17.3 16.92
17.3 16.97
17.3 17.04
17.3 17.17
17.3 16.89
18.44 17.29
18.44 17.04
18.44 17.24
17.3 17.17
17.3 17.08
17.3 17.06
17.3 16.93
17.3 17.13
18.44 16.94
16.16 17.07
18.44 16.97
17.3 17.15
17.3 17.0
17.3 16.98
17.3 16.85
17.3 16.83
17.3 17.14
17.3 16.99
17.3 16.94
17.3 17.01
17.3 17.07
17.3 17.07
18.44 16.64
17.3 17.16
17.3 17.1
17.3 17.0
17.3 16.98
17.3 17.07
18.44 17.08
17.3 17.21
17.3 16.98
17.3 17.22
18.44 16.99
17.3 16.67
17.3 16.8
17.3 17.14
18.44 17.07
17.3 17.1
17.3 16.99
17.3 17.06
17.3 17.01
17.3 16.83
17.3 17.22
17.3 16.42
17.3 16.88
17.3 17.15
17.3 17.02
17.3 17.02
17.3 17.09
18.44 17.39
17.3 16.96
17.3 17.02
17.3 17.05
17.3 16.92
17.3 16.8
17.3 16.94
17.3 16.9
17.3 16.84
17.3 16.99
17.3 17.18
17.3 16.94
17.3 16.92
17.3 17.17
17.3 16.96
17.3 17.07
17.3 16.8
18.44 16.77
17.3 17.17
17.3 16.77
17.3 16.95
17.3 17.31
18.44 17.18
17.3 17.11
17.3 17.15
17.3 17.1
17.3 17.23
17.3 17.14
18.44 17.06
18.44 17.06
17.3 16.99
17.3 17.04
17.3 17.01
17.3 16.96
17.3 16.81
17.3 17.2
17.3 17.14
17.3 16.8
18.44 16.98
17.3 16.98
18.44 17.28
17.3 16.81
17.3 16.7
18.44 16.94
17.3 16.8
17.3 17.23
17.3 16.93
17.3 17.11
17.3 17.02
18.44 17.19
18.44 16.86
17.3 16.8
17.3 16.85
17.3 16.9
17.3 17.18
18.44 17.07
17.3 16.89
17.3 16.85
17.3 16.88
18.44 16.53
17.3 16.82
17.3 16.97
17.3 17.26
17.3 16.98
18.44 17.21
18.44 17.15
18.44 16.82
18.44 16.9
17.3 16.98
17.3 16.93
17.3 16.98
17.3 16.85
18.44 17.17
18.44 17.04
17.3 16.89
18.44 16.8
17.3 17.0
17.3 17.03
18.44 17.01
17.3 16.91
17.3 16.88
17.3 16.72
18.44 16.94
17.3 17.33
17.3 17.15
17.3 17.02
17.3 16.98
17.3 17.0
17.3 17.11
16.16 16.98
17.3 17.07
17.3 16.93
17.3 16.94
17.3 16.86
17.3 16.85
17.3 16.83
18.44 17.22
17.3 17.2
17.3 16.85
18.44 16.97
17.3 17.2
18.44 17.0
17.3 17.0
18.44 16.9
17.3 16.67
17.3 17.18
17.3 17.07
18.44 16.75
17.3 16.88
18.44 17.04
18.44 17.09
18.44 16.95
18.44 16.8
17.3 16.93
17.3 17.04
17.3 16.88
17.3 17.2
17.3 16.9
18.44 17.01
18.44 17.01
17.3 16.87
17.3 17.07
17.3 17.01
18.44 16.78
18.44 16.89
17.3 17.15
17.3 16.62
17.3 16.86
17.3 16.91
17.3 16.98
17.3 16.98
18.44 17.14
17.3 16.94
17.3 17.09
18.44 16.94
17.3 17.19
17.3 17.25
18.44 16.94
17.3 17.06
17.3 16.81
17.3 16.74
17.3 17.2
18.44 16.8
17.3 17.05
18.44 16.9
18.44 16.98
18.44 16.99
18.44 16.92
18.44 16.93
18.44 16.68
18.44 16.91
17.3 16.83
17.3 17.09
18.44 17.04
17.3 17.1
18.44 17.24
17.3 17.08
17.3 16.96
17.3 17.01
18.44 17.09
17.3 16.93
17.3 17.03
16.16 16.98
17.3 16.99
17.3 17.1
17.3 17.15
18.44 17.06
17.3 17.09
18.44 17.18
18.44 16.9
18.44 17.01
17.3 17.12
18.44 16.83
17.3 16.92
18.44 16.68
17.3 16.87
17.3 17.04
17.3 16.99
18.44 16.87
17.3 17.12
17.3 17.04
17.3 17.05
17.3 17.14
18.44 16.76
18.44 17.01
17.3 16.88
17.3 17.03
17.3 16.95
17.3 17.09
17.3 17.16
18.44 17.14
18.44 17.19
18.44 16.78
17.3 17.02
17.3 17.09
17.3 16.82
17.3 16.83
18.44 16.88
18.44 17.18
18.44 17.1
17.3 16.92
18.44 16.96
17.3 16.76
18.44 16.85
18.44 16.86
17.3 16.97
17.3 17.07
17.3 16.99
17.3 16.91
17.3 16.91
17.3 17.15
17.3 17.09
18.44 17.08
17.3 17.22
18.44 17.3
17.3 17.07
17.3 16.99
18.44 16.85
17.3 17.13
17.3 16.88
18.44 16.66
18.44 17.07
17.3 16.93
18.44 16.97
17.3 16.98
18.44 17.14
17.3 16.96
17.3 17.09
17.3 16.79
17.3 17.21
17.3 16.88
18.44 17.12
18.44 16.8
18.44 16.74
18.44 17.01
17.3 17.14
17.3 16.88
18.44 16.96
17.3 17.11
17.3 16.91
17.3 17.07
18.44 16.85
17.3 17.01
18.44 17.21
18.44 17.02
17.3 16.93
18.44 16.81
18.44 16.89
17.3 16.9
17.3 17.01
18.44 16.94
19.58 17.02
17.3 17.08
18.44 16.74
18.44 17.1
17.3 17.02
18.44 17.15
18.44 16.98
18.44 16.98
18.44 16.93
18.44 17.21
18.44 17.04
18.44 16.73
18.44 16.84
18.44 16.72
17.3 16.99
17.3 17.04
18.44 17.24
17.3 16.96
18.44 17.01
18.44 16.98
18.44 16.8
18.44 17.47
17.3 16.75
17.3 16.97
18.44 17.3
18.44 16.9
17.3 17.02
18.44 16.99
17.3 16.85
17.3 17.14
18.44 16.74
18.44 17.24
18.44 16.9
18.44 16.94
17.3 16.91
17.3 16.97
17.3 16.9
18.44 16.77
18.44 17.07
18.44 16.76
17.3 16.88
18.44 16.99
18.44 16.89
17.3 17.14
17.3 16.67
18.44 17.02
18.44 17.01
18.44 16.94
18.44 16.91
18.44 17.04
18.44 16.98
18.44 17.15
18.44 17.02
17.3 17.06
18.44 16.99
18.44 16.67
18.44 16.96
18.44 17.29
18.44 16.97
17.3 16.94
18.44 17.04
18.44 16.84
18.44 16.73
18.44 17.02
17.3 17.1
18.44 16.93
18.44 17.07
17.3 16.98
18.44 17.1
18.44 17.03
18.44 17.08
17.3 16.91
17.3 16.88
17.3 17.07
18.44 16.81
17.3 17.14
17.3 17.09
17.3 17.07
18.44 16.91
18.44 16.74
18.44 17.17
17.3 16.96
18.44 17.02
18.44 16.68
18.44 17.01
17.3 16.94
18.44 16.88
18.44 17.07
18.44 17.18
18.44 16.9
18.44 16.9
18.44 16.85
18.44 16.94
18.44 17.06
18.44 16.89
18.44 16.94
18.44 17.31
17.3 16.94
18.44 16.86
18.44 17.02
18.44 16.77
18.44 16.97
18.44 17.09
18.44 16.78
18.44 16.63
17.3 16.96
18.44 16.98
18.44 17.15
18.44 17.11
18.44 16.63
18.44 16.8
18.44 17.18
17.3 16.85
18.44 17.09
18.44 17.12
18.44 16.9
18.44 16.79
18.44 16.96
18.44 16.82
18.44 17.09
18.44 16.59
18.44 17.23
17.3 17.25
18.44 17.36
18.44 16.96
18.44 16.85
18.44 17.01
18.44 17.02
18.44 16.88
17.3 16.78
18.44 17.16
18.44 16.9
17.3 17.1
18.44 16.86
18.44 16.8
19.58 17.09
18.44 17.09
18.44 17.17
18.44 16.96
18.44 16.74
18.44 17.13
17.3 17.0
18.44 16.88
18.44 17.15
18.44 16.91
19.58 16.96
18.44 16.91
18.44 16.56
18.44 17.07
18.44 16.93
18.44 17.23
18.44 17.03
18.44 17.13
18.44 17.14
18.44 16.71
18.44 17.07
18.44 16.79
18.44 16.86
18.44 17.0
19.58 17.25
18.44 16.89
17.3 16.88
17.3 17.28
18.44 16.75
18.44 16.74
17.3 16.98
18.44 16.96
18.44 16.86
18.44 17.06
18.44 17.01
18.44 17.26
18.44 16.96
19.58 16.93
18.44 16.86
18.44 16.69
18.44 16.82
18.44 17.03
18.44 17.01
18.44 16.97
18.44 16.91
18.44 16.97
18.44 17.02
18.44 16.76
18.44 16.82
18.44 16.9
18.44 17.02
18.44 17.19
18.44 16.94
17.3 16.91
18.44 17.19
18.44 17.12
18.44 17.1
18.44 17.07
18.44 16.98
18.44 16.87
18.44 17.11
18.44 16.64
17.3 17.18
18.44 16.88
18.44 16.83
18.44 16.84
18.44 17.15
18.44 16.84
18.44 16.7
18.44 16.98
18.44 16.99
18.44 16.96
18.44 17.09
19.58 16.93
18.44 17.12
18.44 16.96
18.44 16.86
18.44 16.93
18.44 16.77
18.44 17.06
18.44 17.17
19.58 17.07
18.44 17.01
18.44 16.96
18.44 16.91
18.44 17.18
19.58 16.83
18.44 17.06
18.44 16.88
18.44 16.85
18.44 17.19
17.3 17.1
18.44 17.22
18.44 16.83
18.44 17.11
18.44 16.94
18.44 16.84
17.3 17.01
18.44 17.1
18.44 17.07
18.44 16.9
18.44 16.99
18.44 17.0
17.3 16.9
18.44 16.91
18.44 17.19
18.44 16.78
18.44 16.94
18.44 17.08
19.58 16.96
19.58 17.03
18.44 17.15
18.44 17.26
18.44 17.07
18.44 16.8
18.44 16.89
17.3 16.78
18.44 16.88
18.44 17.06
18.44 16.95
18.44 16.69
18.44 16.94
18.44 16.8
18.44 17.01
18.44 17.14
18.44 16.96
18.44 16.88
18.44 17.02
18.44 16.7
18.44 17.28
18.44 16.85
18.44 16.88
18.44 17.02
18.44 16.84
18.44 17.18
18.44 16.96
18.44 17.16
18.44 17.05
18.44 17.09
18.44 16.7
19.58 16.94
18.44 17.12
18.44 16.82
18.44 16.83
18.44 17.17
18.44 17.02
17.3 16.67
19.58 17.13
18.44 16.95
18.44 16.8
17.3 16.99
18.44 16.9
18.44 16.91
18.44 16.84
18.44 17.04
18.44 16.74
18.44 16.98
18.44 17.03
18.44 17.05
18.44 16.82
18.44 16.93
18.44 16.97
18.44 16.87
18.44 16.82
18.44 16.49
18.44 16.78
18.44 17.1
18.44 17.1
18.44 16.91
18.44 17.21
18.44 16.68
18.44 16.89
18.44 16.69
18.44 17.02
19.58 16.93
19.58 16.94
18.44 16.67
18.44 16.91
18.44 17.02
18.44 16.77
19.58 16.82
18.44 16.94
18.44 16.67
18.44 16.66
18.44 16.89
18.44 16.93
19.58 16.7
18.44 17.0
18.44 17.33
18.44 17.1
18.44 16.79
18.44 17.06
18.44 16.78
18.44 17.04
18.44 17.12
18.44 16.85
19.58 17.25
18.44 17.06
18.44 17.17
18.44 16.94
18.44 16.75
18.44 16.76
18.44 16.73
18.44 16.97
18.44 16.95
18.44 16.77
18.44 17.09
18.44 16.56
18.44 16.93
19.58 16.96
18.44 16.9
18.44 17.03
18.44 16.89
18.44 16.96
18.44 17.26
18.44 16.9
18.44 17.01
18.44 17.02
18.44 16.87
19.58 16.74
18.44 17.09
18.44 17.22
17.3 16.92
18.44 16.93
18.44 16.84
18.44 16.86
18.44 17.22
18.44 16.8
18.44 17.18
18.44 17.07
18.44 16.69
18.44 16.91
18.44 17.27
18.44 16.7
18.44 17.13
18.44 17.02
18.44 17.09
18.44 16.75
18.44 16.94
18.44 17.01
18.44 17.06
18.44 16.98
18.44 16.93
19.58 16.89
18.44 16.75
18.44 16.76
18.44 16.91
17.3 16.89
18.44 16.78
18.44 16.83
18.44 16.51
19.58 16.76
18.44 17.12
18.44 16.68
18.44 16.88
18.44 17.06
18.44 16.94
18.44 16.95
18.44 16.96
18.44 16.95
18.44 16.83
18.44 17.01
18.44 17.2
18.44 17.0
18.44 16.64
19.58 17.04
18.44 16.91
19.58 16.93
18.44 16.97
18.44 16.98
18.44 16.66
18.44 17.06
18.44 16.91
19.58 17.01
19.58 16.59
18.44 17.04
19.58 16.88
18.44 16.99
18.44 16.88
18.44 16.83
18.44 17.02
18.44 17.15
18.44 16.54
18.44 16.8
18.44 16.86
18.44 16.85
18.44 17.03
18.44 17.09
18.44 16.8
18.44 16.95
18.44 16.82
18.44 16.82
18.44 16.93
19.58 16.86
19.58 16.94
18.44 16.72
18.44 17.09
18.44 16.98
18.44 16.71
19.58 16.98
18.44 16.88
18.44 16.78
18.44 16.77
19.58 17.09
18.44 16.86
19.58 16.75
18.44 16.97
18.44 16.49
18.44 16.69
18.44 16.81
19.58 16.88
18.44 16.9
18.44 16.77
18.44 16.67
19.58 16.74
18.44 16.64
18.44 17.12
18.44 16.93
18.44 16.8
18.44 16.91
19.58 16.69
18.44 16.76
18.44 16.93
19.58 16.77
18.44 17.06
18.44 16.86
18.44 16.61
18.44 16.79
18.44 16.91
19.58 16.67
19.58 17.13
19.58 16.96
18.44 17.16
19.58 16.71
19.58 16.91
18.44 16.86
18.44 16.6
19.58 16.96
18.44 17.01
18.44 16.61
18.44 16.78
19.58 16.73
18.44 16.77
18.44 16.94
18.44 17.08
18.44 17.07
18.44 16.83
18.44 16.93
18.44 16.83
18.44 16.99
19.58 16.77
18.44 16.95
18.44 16.69
19.58 16.9
18.44 17.1
18.44 16.96
18.44 17.04
18.44 17.01
18.44 16.98
19.58 16.94
19.58 17.01
18.44 16.58
19.58 16.77
19.58 16.86
18.44 16.79
19.58 17.0
19.58 16.65
18.44 16.88
18.44 16.9
19.58 17.07
18.44 16.83
19.58 16.9
18.44 16.83
18.44 16.69
18.44 16.9
18.44 16.8
18.44 16.84
18.44 16.82
19.58 16.98
19.58 16.67
18.44 16.85
19.58 16.69
19.58 17.01
19.58 16.69
18.44 16.78
18.44 16.96
18.44 16.96
19.58 16.54
18.44 16.85
19.58 16.97
18.44 16.71
18.44 17.07
18.44 16.51
18.44 16.82
18.44 16.99
17.3 17.06
19.58 16.76
18.44 16.86
19.58 16.82
19.58 16.92
18.44 16.7
18.44 16.75
19.58 16.68
19.58 16.53
18.44 16.75
19.58 16.99
18.44 16.8
18.44 16.85
18.44 16.93
18.44 16.92
19.58 17.06
19.58 17.02
19.58 16.91
19.58 16.89
18.44 16.59
19.58 16.72
18.44 16.84
19.58 16.88
18.44 16.61
19.58 16.45
18.44 16.78
18.44 16.98
19.58 16.94
18.44 17.04
18.44 16.85
18.44 16.99
19.58 16.61
19.58 16.9
19.58 16.54
19.58 16.75
18.44 16.59
19.58 17.01
19.58 17.04
19.58 16.84
19.58 16.94
18.44 16.94
18.44 16.5
19.58 16.7
19.58 16.9
19.58 16.67
18.44 16.7
18.44 16.85
19.58 16.62
19.58 16.63
18.44 16.92
18.44 16.75
18.44 16.9
19.58 16.43
19.58 16.72
19.58 16.88
18.44 16.35
19.58 16.71
18.44 16.56
19.58 16.75
19.58 16.66
18.44 16.91
18.44 16.8
19.58 16.85
19.58 16.8
18.44 16.93
19.58 17.02
19.58 16.69
18.44 16.72
19.58 16.75
18.44 17.18
18.44 16.72
18.44 17.16
19.58 16.71
18.44 16.85
19.58 16.82
18.44 16.58
19.58 17.01
19.58 16.96
18.44 16.84
18.44 16.86
18.44 16.93
18.44 16.85
19.58 16.61
19.58 16.99
18.44 17.09
19.58 16.75
18.44 16.73
18.44 16.7
18.44 16.96
18.44 16.75
18.44 16.72
19.58 16.77
18.44 16.95
19.58 16.67
18.44 16.94
18.44 16.83
18.44 16.88
19.58 16.81
19.58 16.71
18.44 16.93
19.58 16.53
19.58 16.99
18.44 16.77
18.44 16.45
18.44 16.67
19.58 16.72
18.44 16.66
18.44 16.68
19.58 16.95
19.58 16.82
18.44 16.95
19.58 16.9
18.44 16.91
19.58 16.74
19.58 16.82
18.44 16.8
19.58 16.79
19.58 16.65
19.58 16.65
18.44 16.59
18.44 16.94
19.58 17.06
18.44 16.8
18.44 16.75
18.44 16.59
19.58 16.88
19.58 16.77
19.58 16.93
19.58 16.8
18.44 16.69
18.44 16.85
19.58 16.68
19.58 16.74
19.58 16.66
18.44 16.89
18.44 16.62
19.58 16.73
18.44 16.74
19.58 16.67
19.58 17.01
18.44 16.75
19.58 16.99
18.44 16.74
18.44 16.74
19.58 16.86
19.58 16.88
19.58 16.45
19.58 17.07
19.58 16.98
19.58 16.75
19.58 16.93
18.44 16.65
18.44 16.86
19.58 16.83
18.44 16.73
19.58 16.99
19.58 16.73
19.58 16.63
18.44 16.64
19.58 16.66
19.58 16.7
18.44 16.66
19.58 16.78
18.44 16.61
18.44 16.94
18.44 16.67
18.44 16.82
19.58 17.01
19.58 16.74
19.58 16.72
19.58 16.49
19.58 17.01
18.44 16.79
18.44 16.7
19.58 16.67
19.58 16.77
19.58 16.77
19.58 16.51
18.44 16.7
19.58 16.7
19.58 16.8
19.58 17.2
18.44 16.78
19.58 16.6
18.44 16.57
19.58 16.79
19.58 16.37
19.58 17.0
19.58 16.67
18.44 16.77
18.44 16.7
19.58 16.85
19.58 16.92
19.58 16.7
18.44 16.91
19.58 16.65
19.58 16.82
19.58 16.56
19.58 16.83
19.58 16.78
18.44 16.85
18.44 16.73
19.58 16.71
18.44 16.43
19.58 16.83
19.58 16.98
18.44 16.94
19.58 16.61
19.58 16.7
18.44 16.77
19.58 16.77
18.44 16.98
19.58 17.15
18.44 16.56
19.58 16.61
19.58 16.83
18.44 16.72
19.58 16.62
19.58 16.59
18.44 16.78
18.44 16.41
19.58 16.87
18.44 16.45
19.58 16.79
19.58 16.76
19.58 16.72
18.44 16.86
18.44 16.46
18.44 16.78
18.44 16.84
18.44 16.66
18.44 16.86
19.58 16.83
18.44 16.74
19.58 16.7
18.44 16.93
19.58 16.92
19.58 16.75
19.58 16.96
18.44 16.75
19.58 16.8
19.58 16.69
19.58 16.76
19.58 16.91
18.44 16.62
19.58 16.98
19.58 16.87
18.44 16.66
19.58 16.47
19.58 16.7
18.44 16.58
18.44 16.54
18.44 16.69
19.58 16.75
18.44 16.73
18.44 16.71
18.44 16.61
18.44 16.65
19.58 16.66
19.58 16.74
19.58 17.16
19.58 16.58
18.44 16.94
19.58 16.83
19.58 16.78
19.58 16.9
19.58 16.92
19.58 16.68
19.58 16.7
18.44 16.68
19.58 16.62
18.44 16.97
18.44 16.69
19.58 16.93
18.44 16.75
18.44 16.46
18.44 16.93
19.58 16.84
19.58 16.56
19.58 16.81
19.58 16.73
19.58 16.64
19.58 16.7
19.58 16.77
19.58 16.77
19.58 16.57
19.58 16.82
18.44 16.72
19.58 16.8
18.44 16.8
19.58 16.99
19.58 16.92
19.58 17.09
19.58 16.58
19.58 16.72
19.58 16.77
19.58 16.69
19.58 16.66
18.44 16.93
19.58 16.8
18.44 16.5
19.58 16.7
19.58 16.72
18.44 16.91
18.44 16.46
19.58 16.78
18.44 16.53
19.58 16.52
19.58 16.75
19.58 17.07
19.58 16.77
18.44 16.54
19.58 16.85
18.44 16.61
19.58 16.88
18.44 16.83
19.58 16.48
19.58 16.69
19.58 16.56
19.58 16.65
19.58 16.61
18.44 16.73
19.58 16.7
18.44 16.73
19.58 16.77
18.44 16.64
19.58 16.75
19.58 16.82
19.58 16.8
19.58 16.76
18.44 16.76
19.58 16.74
19.58 16.78
19.58 16.37
18.44 16.96
19.58 16.7
19.58 16.76
18.44 16.75
18.44 16.83
19.58 16.84
18.44 16.93
19.58 16.66
18.44 16.98
19.58 16.91
18.44 16.72
19.58 16.83
19.58 16.7
19.58 16.74
19.58 16.62
19.58 16.53
18.44 16.66
18.44 16.59
19.58 16.75
19.58 16.56
19.58 16.72
19.58 16.72
19.58 16.55
19.58 16.7
19.58 16.49
19.58 16.76
18.44 16.64
18.44 17.0
19.58 16.72
19.58 16.85
18.44 16.69
19.58 16.38
19.58 16.66
19.58 16.69
19.58 16.93
19.58 16.97
19.58 16.73
19.58 16.75
18.44 16.74
19.58 16.52
19.58 16.53
19.58 16.62
19.58 16.88
18.44 16.79
19.58 16.85
18.44 16.8
18.44 16.68
19.58 16.78
19.58 16.61
19.58 16.99
19.58 16.74
19.58 16.96
19.58 17.14
18.44 16.9
19.58 16.88
19.58 16.69
19.58 16.83
19.58 16.69
19.58 16.77
19.58 16.88
19.58 16.87
19.58 16.91
18.44 16.94
19.58 16.7
19.58 16.61
19.58 16.56
19.58 16.98
19.58 16.85
19.58 16.77
18.44 16.64
18.44 16.89
19.58 16.39
19.58 16.7
18.44 16.7
19.58 16.66
19.58 17.03
19.58 16.94
18.44 16.79
19.58 16.82
19.58 16.79
18.44 16.87
19.58 16.35
18.44 16.8
19.58 16.75
18.44 16.66
18.44 16.75
19.58 16.54
19.58 16.82
18.44 16.99
19.58 16.83
18.44 16.58
19.58 16.75
18.44 16.81
19.58 16.42
19.58 16.7
18.44 16.92
19.58 16.69
19.58 16.88
19.58 16.82
19.58 16.89
18.44 16.8
19.58 16.82
19.58 16.83
19.58 16.86
19.58 16.73
19.58 16.8
19.58 16.74
19.58 16.55
19.58 16.67
18.44 16.8
19.58 17.01
19.58 16.76
19.58 16.77
19.58 16.92
19.58 16.75
19.58 16.91
19.58 16.79
19.58 17.04
19.58 16.8
19.58 16.61
19.58 16.74
19.58 16.85
19.58 16.48
18.44 16.52
19.58 16.72
19.58 16.83
19.58 16.54
19.58 16.7
19.58 16.6
19.58 16.66
19.58 16.65
18.44 16.81
19.58 16.64
19.58 16.71
19.58 16.8
19.58 16.71
19.58 16.62
18.44 16.72
18.44 17.07
19.58 17.07
19.58 16.69
19.58 16.56
19.58 16.73
19.58 16.78
19.58 16.74
19.58 16.67
18.44 16.64
18.44 16.85
18.44 16.64
18.44 16.63
19.58 16.88
19.58 16.77
19.58 16.53
19.58 16.72
19.58 16.42
19.58 16.81
19.58 16.91
19.58 17.06
19.58 16.51
18.44 16.54
19.58 16.8
19.58 16.67
18.44 16.73
19.58 17.04
18.44 16.94
19.58 16.62
18.44 16.88
19.58 16.85
19.58 16.84
19.58 16.61
19.58 16.67
19.58 16.56
19.58 16.89
19.58 16.83
19.58 16.85
19.58 16.66
19.58 16.54
19.58 16.6
19.58 16.62
18.44 16.49
19.58 16.64
18.44 16.62
19.58 16.89
19.58 16.94
20.72 16.85
19.58 16.86
19.58 16.75
19.58 17.0
19.58 16.94
19.58 16.83
19.58 16.62
19.58 16.94
19.58 16.73
18.44 16.83
19.58 16.67
19.58 16.74
19.58 16.7
19.58 16.81
19.58 16.59
19.58 16.58
19.58 16.66
19.58 16.59
20.72 16.85
19.58 16.93
19.58 16.68
19.58 16.77
19.58 16.69
19.58 16.89
18.44 16.83
19.58 16.69
18.44 16.7
19.58 17.03
19.58 16.78
19.58 16.67
19.58 16.75
19.58 16.99
19.58 16.82
19.58 16.69
19.58 16.61
18.44 16.83
19.58 16.75
19.58 16.54
19.58 16.82
19.58 16.8
19.58 17.06
19.58 16.63
19.58 16.66
19.58 16.54
19.58 16.95
19.58 16.58
19.58 16.77
19.58 16.48
19.58 16.81
19.58 16.51
19.58 16.85
19.58 16.53
19.58 16.7
19.58 16.5
19.58 16.74
19.58 17.06
19.58 16.5
19.58 16.76
19.58 16.63
19.58 16.4
19.58 16.69
19.58 16.61
18.44 16.7
19.58 16.62
19.58 16.86
19.58 16.66
19.58 16.77
19.58 16.7
19.58 16.78
19.58 16.74
19.58 16.5
19.58 16.84
19.58 16.78
19.58 16.77
19.58 16.73
19.58 16.72
19.58 16.72
19.58 16.77
19.58 16.97
19.58 16.78
19.58 16.66
19.58 16.88
19.58 16.69
19.58 16.9
19.58 16.85
19.58 16.66
19.58 16.47
19.58 16.55
19.58 16.82
19.58 16.59
19.58 16.29
19.58 16.62
18.44 16.55
19.58 16.96
19.58 16.7
19.58 16.72
19.58 16.83
19.58 16.48
19.58 16.7
19.58 16.8
19.58 16.83
19.58 16.49
18.44 16.74
19.58 16.7
19.58 16.87
19.58 16.83
19.58 16.98
19.58 16.48
19.58 16.38
19.58 16.64
19.58 16.74
20.72 16.75
19.58 16.96
19.58 16.77
19.58 16.73
20.72 16.77
19.58 16.48
19.58 16.69
19.58 16.63
19.58 16.73
19.58 16.62
19.58 16.35
19.58 16.8
19.58 16.7
19.58 16.82
19.58 16.99
19.58 16.84
19.58 16.67
20.72 17.06
19.58 16.75
19.58 16.78
18.44 16.86
19.58 16.7
20.72 16.62
19.58 16.84
19.58 16.85
19.58 16.64
18.44 16.77
19.58 16.42
19.58 16.83
19.58 16.72
19.58 16.48
19.58 16.82
19.58 16.67
19.58 16.56
19.58 16.94
19.58 16.69
19.58 16.54
19.58 16.91
19.58 16.8
19.58 16.78
19.58 16.52
19.58 16.75
19.58 16.6
19.58 16.61
19.58 16.77
19.58 16.5
19.58 16.64
19.58 16.72
19.58 16.75
19.58 16.61
19.58 16.52
19.58 16.76
19.58 16.91
20.72 16.86
19.58 16.74
19.58 16.67
19.58 16.61
19.58 16.62
19.58 16.49
19.58 16.61
19.58 16.86
19.58 16.79
19.58 16.58
19.58 16.37
18.44 16.45
19.58 16.85
19.58 16.53
19.58 16.57
19.58 16.78
19.58 16.71
19.58 16.59
19.58 16.67
20.72 16.86
19.58 16.7
19.58 16.82
19.58 16.71
19.58 16.71
19.58 16.66
19.58 16.54
19.58 16.48
19.58 16.75
19.58 16.58
19.58 16.78
19.58 16.94
18.44 16.51
19.58 16.91
19.58 16.63
19.58 16.53
19.58 16.82
19.58 16.69
19.58 16.77
19.58 16.69
20.72 16.64
20.72 16.67
19.58 16.78
19.58 16.82
19.58 16.82
19.58 16.92
19.58 16.69
19.58 17.01
19.58 16.72
19.58 16.58
19.58 16.83
19.58 16.74
19.58 16.48
19.58 16.83
19.58 16.61
20.72 16.81
19.58 16.71
19.58 16.55
20.72 16.58
18.44 16.82
19.58 16.46
19.58 16.82
19.58 16.96
19.58 16.54
19.58 16.87
19.58 16.66
19.58 16.82
19.58 16.74
19.58 16.59
19.58 16.79
19.58 16.59
19.58 16.73
19.58 16.94
19.58 16.92
19.58 16.8
19.58 16.48
19.58 16.72
19.58 16.47
19.58 16.64
19.58 16.78
19.58 16.86
19.58 17.04
19.58 16.67
19.58 16.73
19.58 16.41
19.58 16.9
19.58 16.72
20.72 16.6
19.58 16.7
19.58 16.79
18.44 16.48
19.58 16.51
19.58 16.5
19.58 16.8
19.58 16.58
19.58 16.73
19.58 17.07
19.58 17.04
18.44 16.67
19.58 16.69
20.72 16.69
19.58 16.75
20.72 16.74
19.58 16.54
19.58 17.02
19.58 16.56
19.58 16.91
19.58 16.69
19.58 16.92
19.58 16.7
19.58 16.51
20.72 16.76
19.58 16.45
19.58 17.06
19.58 16.64
19.58 16.79
19.58 16.61
19.58 16.74
20.72 16.67
19.58 16.58
19.58 16.76
19.58 16.9
19.58 16.89
19.58 16.77
19.58 16.75
19.58 16.85
19.58 16.56
19.58 16.82
19.58 16.54
18.44 16.59
19.58 16.74
19.58 16.66
19.58 16.57
19.58 16.59
20.72 16.93
19.58 16.69
19.58 16.48
19.58 16.6
19.58 16.54
19.58 16.97
19.58 16.83
19.58 16.59
19.58 16.85
19.58 16.53
18.44 16.53
19.58 16.55
19.58 16.67
19.58 16.69
19.58 16.6
19.58 16.88
19.58 16.82
19.58 16.63
19.58 16.74
19.58 16.65
19.58 16.86
19.58 17.04
20.72 16.64
19.58 16.88
20.72 16.77
19.58 16.9
19.58 16.66
19.58 16.84
19.58 16.74
20.72 16.42
20.72 16.99
19.58 16.85
19.58 16.83
19.58 16.7
19.58 16.63
19.58 16.73
19.58 16.42
19.58 16.62
19.58 16.77
20.72 16.77
19.58 16.72
20.72 16.67
18.44 16.75
19.58 16.94
19.58 16.61
19.58 16.72
19.58 16.68
20.72 16.57
19.58 16.49
19.58 16.71
19.58 16.51
19.58 16.86
19.58 16.75
19.58 16.61
19.58 16.54
19.58 17.09
19.58 16.62
19.58 16.77
19.58 16.67
19.58 16.66
19.58 16.77
20.72 16.63
19.58 16.57
20.72 16.7
19.58 16.69
19.58 16.6
19.58 16.68
19.58 16.67
19.58 16.96
20.72 16.83
19.58 16.7
19.58 16.7
19.58 16.72
19.58 16.53
19.58 16.75
19.58 16.81
19.58 16.85
19.58 16.78
19.58 16.42
19.58 16.78
19.58 16.5
19.58 16.66
19.58 16.59
19.58 16.62
19.58 16.6
19.58 16.72
20.72 16.82
19.58 16.77
20.72 16.73
19.58 16.67
19.58 16.66
20.72 16.75
19.58 16.78
19.58 16.8
19.58 16.62
19.58 16.99
19.58 16.61
19.58 16.61
20.72 16.69
19.58 16.8
19.58 16.4
20.72 16.68
19.58 16.66
19.58 16.66
19.58 16.57
19.58 16.58
19.58 16.78
19.58 16.82
20.72 16.88
19.58 16.86
19.58 16.74
19.58 16.96
19.58 16.89
19.58 16.74
19.58 16.83
19.58 17.0
19.58 16.86
20.72 16.85
19.58 16.69
19.58 16.72
20.72 16.75
19.58 16.69
19.58 16.44
20.72 16.86
19.58 16.9
19.58 16.75
20.72 16.74
19.58 16.64
19.58 16.7
20.72 16.84
19.58 16.73
19.58 16.7
19.58 16.82
20.72 16.54
19.58 16.67
19.58 16.67
18.44 16.87
19.58 16.71
20.72 16.66
19.58 16.85
19.58 16.62
19.58 16.64
19.58 16.77
19.58 16.71
19.58 16.45
19.58 16.54
19.58 16.7
19.58 16.39
20.72 16.93
19.58 16.78
20.72 16.56
19.58 16.7
19.58 16.78
19.58 16.81
20.72 16.59
19.58 16.3
19.58 16.74
19.58 16.43
19.58 16.89
19.58 16.7
19.58 16.65
19.58 16.62
19.58 16.83
19.58 16.89
19.58 16.77
20.72 16.67
19.58 16.75
19.58 16.9
19.58 16.56
19.58 16.86
19.58 16.99
19.58 16.72
19.58 16.43
20.72 16.68
19.58 16.78
19.58 16.83
20.72 16.59
19.58 16.71
19.58 16.81
19.58 16.77
19.58 16.56
19.58 16.61
19.58 17.05
20.72 16.86
19.58 16.74
19.58 16.59
19.58 16.81
20.72 16.82
19.58 17.25
20.72 16.58
19.58 16.8
19.58 16.59
20.72 16.63
19.58 16.66
19.58 16.62
19.58 16.73
19.58 16.67
19.58 16.67
19.58 16.45
20.72 16.84
19.58 16.45
19.58 16.87
19.58 16.43
19.58 16.91
19.58 16.74
19.58 16.78
19.58 16.72
19.58 16.8
20.72 16.62
19.58 16.77
19.58 16.78
19.58 16.85
20.72 16.74
19.58 16.78
19.58 16.87
19.58 16.64
19.58 16.78
19.58 16.96
19.58 16.89
19.58 16.86
19.58 16.59
19.58 16.73
19.58 16.77
19.58 16.59
19.58 16.79
19.58 16.99
20.72 16.66
20.72 16.77
19.58 16.72
19.58 17.01
19.58 16.56
20.72 16.7
19.58 16.72
19.58 16.61
19.58 16.58
20.72 16.49
19.58 16.67
19.58 16.86
19.58 16.73
19.58 16.48
19.58 16.59
19.58 16.56
19.58 16.75
19.58 16.81
19.58 16.69
19.58 16.76
19.58 16.8
19.58 16.8
19.58 16.69
19.58 16.76
19.58 16.86
19.58 16.72
19.58 16.72
20.72 16.71
19.58 16.59
19.58 16.67
19.58 16.52
19.58 16.64
20.72 17.04
19.58 16.82
19.58 16.63
19.58 16.76
19.58 16.59
20.72 16.51
19.58 16.61
20.72 16.97
20.72 16.83
19.58 16.62
19.58 16.54
19.58 16.71
20.72 16.74
19.58 16.56
19.58 16.76
19.58 16.83
19.58 16.58
20.72 16.93
20.72 16.65
19.58 16.67
19.58 16.39
19.58 16.55
19.58 16.73
19.58 16.81
19.58 16.75
19.58 16.46
19.58 16.57
20.72 16.67
19.58 16.81
20.72 16.68
19.58 16.61
19.58 17.09
19.58 16.7
20.72 16.96
19.58 16.64
20.72 16.77
19.58 16.66
19.58 16.61
19.58 16.64
19.58 16.52
19.58 16.78
19.58 16.61
19.58 16.62
19.58 16.76
19.58 16.89
19.58 16.64
19.58 16.69
19.58 16.69
19.58 16.61
19.58 16.69
20.72 16.67
19.58 16.58
19.58 16.64
19.58 16.66
19.58 16.69
19.58 16.68
19.58 17.0
19.58 16.43
19.58 16.72
19.58 16.76
19.58 16.65
20.72 16.62
19.58 16.75
20.72 16.85
19.58 16.59
20.72 16.58
19.58 16.94
19.58 16.72
19.58 16.5
20.72 16.46
19.58 17.01
20.72 16.78
19.58 16.8
19.58 16.66
20.72 16.62
19.58 16.76
20.72 16.42
19.58 16.69
19.58 17.01
19.58 16.54
19.58 16.99
20.72 16.85
20.72 16.75
19.58 16.86
19.58 16.6
19.58 16.91
19.58 16.64
19.58 16.8
19.58 16.59
19.58 16.82
19.58 16.82
20.72 16.56
20.72 16.54
20.72 16.74
19.58 16.68
19.58 16.69
19.58 16.51
19.58 16.4
19.58 16.81
19.58 16.74
19.58 16.83
20.72 16.54
20.72 16.7
19.58 16.61
19.58 16.55
19.58 16.78
20.72 16.6
19.58 16.77
19.58 16.63
19.58 16.81
20.72 16.92
18.44 16.7
20.72 16.91
19.58 16.5
20.72 16.96
19.58 16.87
20.72 16.7
19.58 16.93
19.58 16.5
20.72 16.84
19.58 17.26
19.58 16.58
19.58 16.62
19.58 16.62
19.58 16.82
19.58 16.57
20.72 16.65
19.58 16.75
20.72 16.58
19.58 16.58
19.58 16.58
19.58 16.74
19.58 16.57
19.58 16.78
20.72 16.7
19.58 16.77
19.58 16.95
19.58 16.57
19.58 16.77
20.72 16.97
20.72 16.66
20.72 16.8
19.58 16.86
19.58 16.82
19.58 16.67
19.58 16.52
20.72 16.48
19.58 16.9
20.72 16.57
19.58 16.77
20.72 16.75
20.72 16.5
20.72 16.8
20.72 16.66
19.58 16.74
19.58 16.77
20.72 16.67
19.58 16.49
19.58 16.59
20.72 17.01
19.58 16.86
20.72 16.55
19.58 17.12
19.58 16.86
19.58 16.45
19.58 16.84
18.44 17.07
19.58 16.69
19.58 16.72
19.58 16.96
19.58 16.79
19.58 16.74
20.72 16.74
20.72 16.76
19.58 16.84
19.58 16.77
20.72 16.55
20.72 16.66
20.72 16.67
19.58 16.64
19.58 16.69
19.58 16.87
19.58 16.88
19.58 16.46
19.58 16.49
20.72 16.58
19.58 16.61
19.58 16.65
20.72 16.53
19.58 16.7
19.58 16.85
19.58 16.66
19.58 16.66
19.58 16.69
19.58 16.53
19.58 16.45
20.72 16.88
20.72 16.69
20.72 16.8
19.58 16.54
20.72 16.7
19.58 16.78
19.58 16.73
19.58 16.6
20.72 16.51
19.58 16.98
20.72 16.58
19.58 16.57
19.58 16.53
20.72 16.83
19.58 16.69
19.58 16.71
20.72 16.79
19.58 16.67
20.72 16.62
20.72 16.59
20.72 17.01
20.72 16.87
20.72 16.74
19.58 16.83
20.72 16.9
20.72 16.56
19.58 16.7
19.58 16.69
19.58 16.67
19.58 16.67
20.72 16.64
19.58 16.47
19.58 16.68
19.58 16.64
20.72 16.7
19.58 16.82
19.58 16.7
20.72 16.72
19.58 16.7
19.58 17.22
20.72 16.48
19.58 16.62
19.58 16.59
19.58 16.85
19.58 16.7
19.58 16.7
20.72 16.64
20.72 16.51
19.58 16.72
20.72 16.93
20.72 16.85
19.58 16.53
19.58 16.61
20.72 16.8
20.72 16.84
20.72 16.72
20.72 16.76
20.72 16.52
20.72 16.33
19.58 16.66
19.58 16.73
20.72 16.69
20.72 16.76
20.72 16.93
20.72 16.73
20.72 16.66
19.58 16.62
19.58 16.53
20.72 16.81
20.72 16.58
19.58 16.83
20.72 16.5
19.58 16.67
19.58 17.12
19.58 16.51
19.58 16.83
19.58 16.52
20.72 16.61
19.58 16.73
20.72 16.79
19.58 16.33
20.72 16.5
19.58 16.62
20.72 16.44
20.72 17.02
19.58 16.8
20.72 16.67
20.72 16.72
20.72 16.4
19.58 16.85
20.72 16.83
20.72 16.76
19.58 16.53
20.72 16.66
20.72 16.36
20.72 16.9
19.58 16.86
20.72 16.57
19.58 16.8
20.72 16.61
19.58 16.77
20.72 16.77
19.58 16.66
20.72 16.67
19.58 16.72
19.58 16.54
20.72 16.92
19.58 16.76
19.58 16.6
19.58 16.28
20.72 16.73
20.72 16.8
19.58 16.6
20.72 16.92
19.58 16.71
19.58 16.59
19.58 16.85
19.58 16.23
19.58 16.7
20.72 16.69
20.72 16.63
20.72 16.85
19.58 16.78
19.58 16.42
19.58 16.75
20.72 16.69
20.72 16.38
19.58 16.78
20.72 16.66
20.72 16.44
20.72 16.8
20.72 16.38
20.72 16.56
19.58 16.56
20.72 16.66
20.72 16.94
20.72 16.82
20.72 16.61
19.58 16.65
19.58 16.68
20.72 16.86
20.72 16.64
19.58 16.73
20.72 16.87
19.58 16.99
20.72 16.56
19.58 16.58
19.58 16.85
19.58 16.68
19.58 16.77
19.58 16.54
19.58 16.89
19.58 16.65
19.58 16.83
19.58 16.71
19.58 16.91
20.72 16.59
19.58 16.67
20.72 16.45
19.58 16.5
19.58 16.56
19.58 16.94
20.72 16.57
20.72 16.33
19.58 16.75
20.72 16.54
19.58 16.68
19.58 16.58
19.58 16.54
20.72 16.83
20.72 16.62
19.58 16.42
19.58 16.69
19.58 16.8
19.58 16.65
20.72 16.6
20.72 16.52
19.58 16.38
20.72 16.7
19.58 16.93
20.72 16.7
20.72 16.87
20.72 16.72
20.72 16.55
20.72 16.54
19.58 16.66
20.72 16.72
19.58 16.69
20.72 16.77
20.72 16.79
19.58 16.8
20.72 16.82
20.72 16.72
20.72 16.78
19.58 16.75
20.72 16.58
19.58 16.75
20.72 16.58
20.72 16.73
20.72 16.45
19.58 16.62
19.58 16.93
20.72 16.57
19.58 16.83
18.44 16.63
20.72 16.8
20.72 16.78
19.58 16.26
20.72 16.93
19.58 16.79
20.72 16.86
20.72 16.47
19.58 16.46
20.72 16.53
20.72 16.72
19.58 16.77
19.58 16.78
19.58 16.56
20.72 16.83
20.72 16.66
19.58 16.61
20.72 16.79
20.72 16.57
20.72 16.8
19.58 16.88
20.72 16.6
19.58 16.62
19.58 16.53
20.72 16.78
20.72 16.86
20.72 16.86
19.58 16.88
19.58 16.55
19.58 16.72
19.58 16.62
19.58 16.85
20.72 16.71
19.58 16.85
19.58 16.69
20.72 16.63
20.72 16.83
20.72 16.48
19.58 16.37
20.72 16.9
20.72 16.88
19.58 16.51
19.58 16.45
20.72 16.67
20.72 16.68
19.58 16.7
19.58 16.59
19.58 16.48
19.58 16.87
20.72 16.62
20.72 16.49
19.58 16.81
19.58 16.37
19.58 16.91
19.58 16.78
19.58 16.61
20.72 16.59
20.72 16.6
19.58 16.85
20.72 16.45
20.72 16.43
19.58 16.73
20.72 16.5
20.72 16.67
20.72 16.69
19.58 16.45
20.72 16.52
20.72 16.5
20.72 16.63
20.72 16.57
19.58 16.46
20.72 16.64
19.58 16.93
20.72 16.62
19.58 16.68
20.72 16.79
19.58 16.69
19.58 16.66
20.72 16.51
20.72 16.81
19.58 16.91
20.72 16.53
19.58 16.42
20.72 16.59
19.58 16.55
20.72 16.75
20.72 16.54
20.72 16.51
20.72 16.63
20.72 16.43
19.58 16.4
19.58 16.3
20.72 16.72
19.58 16.55
19.58 16.85
19.58 16.88
19.58 16.72
20.72 16.54
19.58 16.69
19.58 16.78
20.72 16.72
19.58 16.32
20.72 16.68
20.72 16.44
20.72 16.89
20.72 16.56
19.58 16.43
20.72 16.34
19.58 16.63
20.72 16.71
19.58 16.61
20.72 16.57
20.72 16.59
20.72 16.9
19.58 16.6
19.58 16.7
20.72 16.61
19.58 16.31
20.72 16.59
19.58 16.52
19.58 16.9
20.72 16.8
19.58 16.51
19.58 16.71
19.58 16.57
20.72 16.59
20.72 16.77
20.72 16.7
20.72 16.64
19.58 16.62
20.72 16.8
20.72 16.71
20.72 16.41
20.72 16.72
20.72 16.44
20.72 16.52
20.72 16.68
20.72 16.55
20.72 16.46
19.58 16.42
19.58 16.62
19.58 16.76
20.72 16.45
19.58 16.5
20.72 16.69
20.72 16.63
20.72 16.66
20.72 16.76
20.72 16.67
20.72 16.53
20.72 16.54
19.58 16.51
20.72 16.37
20.72 16.67
19.58 16.62
20.72 16.53
19.58 16.54
19.58 16.58
19.58 16.86
19.58 16.49
19.58 16.78
20.72 16.65
19.58 16.78
20.72 16.45
20.72 16.62
19.58 16.75
19.58 16.64
19.58 16.88
20.72 16.67
19.58 16.4
19.58 16.53
19.58 16.6
20.72 16.78
20.72 16.8
19.58 16.66
19.58 16.42
20.72 16.61
19.58 16.66
19.58 16.64
20.72 16.77
20.72 16.45
20.72 16.66
19.58 16.51
20.72 16.74
20.72 16.66
19.58 16.69
19.58 16.37
20.72 16.54
20.72 16.96
20.72 16.85
19.58 16.55
20.72 16.74
20.72 16.57
20.72 16.52
20.72 16.3
20.72 16.99
20.72 16.71
20.72 16.51
20.72 16.53
19.58 16.77
20.72 16.51
19.58 16.48
20.72 16.38
19.58 16.29
20.72 16.78
19.58 16.58
20.72 16.47
20.72 16.77
20.72 16.66
19.58 16.71
19.58 16.66
20.72 16.4
19.58 16.59
20.72 16.59
20.72 16.43
19.58 16.44
19.58 16.47
19.58 16.45
19.58 16.74
19.58 16.59
19.58 16.54
19.58 16.47
20.72 16.69
20.72 16.7
20.72 16.35
19.58 16.93
20.72 16.51
20.72 16.53
20.72 16.62
19.58 16.56
19.58 16.51
19.58 16.54
20.72 16.42
20.72 16.8
20.72 16.68
19.58 16.46
20.72 16.53
20.72 16.82
19.58 16.57
19.58 16.58
20.72 16.65
20.72 16.52
20.72 16.6
19.58 16.99
20.72 16.61
20.72 16.39
19.58 16.54
19.58 16.54
20.72 16.53
19.58 16.45
20.72 16.57
20.72 16.64
20.72 16.48
19.58 16.27
20.72 16.4
20.72 16.61
19.58 16.56
20.72 16.56
20.72 16.47
19.58 16.42
20.72 16.61
20.72 16.58
20.72 16.67
20.72 16.86
20.72 16.35
20.72 16.62
20.72 16.54
20.72 16.52
20.72 16.74
20.72 16.59
20.72 16.48
20.72 16.62
20.72 16.94
19.58 16.71
20.72 16.6
19.58 16.78
20.72 16.73
19.58 16.83
19.58 16.55
20.72 16.43
20.72 16.53
20.72 16.58
20.72 16.58
20.72 16.61
20.72 16.53
20.72 16.57
19.58 16.91
20.72 16.86
20.72 16.52
19.58 16.91
19.58 16.39
20.72 16.61
19.58 16.53
19.58 16.96
20.72 16.59
20.72 16.61
19.58 16.29
20.72 16.54
20.72 16.7
19.58 16.67
20.72 16.34
20.72 16.61
20.72 16.62
20.72 16.66
20.72 16.56
20.72 16.13
20.72 16.22
20.72 16.75
20.72 16.9
20.72 16.56
20.72 16.76
20.72 16.62
20.72 16.66
20.72 16.61
20.72 16.46
19.58 16.3
20.72 16.71
20.72 16.5
19.58 16.69
20.72 16.58
20.72 16.82
20.72 16.22
19.58 16.59
19.58 16.42
19.58 16.6
20.72 16.28
19.58 16.58
19.58 16.52
20.72 16.42
19.58 16.66
19.58 16.43
20.72 16.55
20.72 16.63
20.72 16.68
19.58 16.55
20.72 16.61
20.72 16.62
20.72 16.4
19.58 16.43
20.72 16.34
19.58 16.74
20.72 16.69
19.58 16.62
19.58 16.42
19.58 16.62
19.58 16.37
20.72 16.61
19.58 16.54
20.72 16.84
19.58 16.72
20.72 16.69
19.58 16.79
20.72 16.7
19.58 16.54
20.72 16.54
20.72 16.85
20.72 16.61
19.58 16.58
20.72 16.51
20.72 16.4
20.72 16.4
20.72 16.24
19.58 16.56
20.72 16.51
20.72 16.27
20.72 16.54
20.72 16.58
20.72 16.63
20.72 16.54
19.58 16.62
20.72 16.54
19.58 16.61
20.72 16.53
19.58 16.58
20.72 16.5
20.72 16.54
20.72 16.67
19.58 16.56
20.72 16.88
20.72 16.22
20.72 16.66
20.72 16.46
19.58 16.72
20.72 16.69
19.58 16.84
20.72 16.75
20.72 16.45
20.72 16.54
20.72 16.62
20.72 16.53
20.72 16.59
20.72 16.69
20.72 16.77
20.72 16.53
20.72 16.69
19.58 16.31
20.72 16.63
20.72 16.42
20.72 16.3
20.72 16.61
20.72 16.72
20.72 16.6
19.58 16.35
20.72 16.67
19.58 16.78
20.72 16.68
20.72 16.43
19.58 16.49
20.72 16.61
20.72 16.64
20.72 16.74
20.72 16.67
20.72 16.6
20.72 16.5
19.58 16.4
20.72 16.63
19.58 16.51
20.72 16.53
20.72 16.34
20.72 16.74
20.72 16.78
19.58 16.7
20.72 16.82
20.72 16.83
20.72 16.44
20.72 16.75
20.72 16.87
20.72 16.6
19.58 16.59
20.72 16.46
20.72 16.85
20.72 16.52
19.58 16.55
20.72 16.72
20.72 16.51
20.72 16.7
19.58 16.5
19.58 16.62
19.58 16.44
19.58 16.54
20.72 16.69
19.58 16.36
20.72 16.85
20.72 16.63
19.58 16.62
19.58 16.61
20.72 16.62
20.72 16.61
19.58 16.52
20.72 16.51
19.58 16.72
20.72 16.69
20.72 16.56
20.72 16.73
20.72 16.3
20.72 16.67
19.58 16.42
20.72 16.35
20.72 16.42
19.58 16.66
20.72 16.62
20.72 16.47
20.72 16.62
20.72 16.78
20.72 16.43
20.72 16.46
20.72 16.64
20.72 16.59
20.72 16.19
20.72 16.56
20.72 16.61
20.72 16.58
20.72 16.7
20.72 16.43
20.72 16.38
20.72 16.43
20.72 16.35
20.72 16.59
20.72 16.69
19.58 16.46
20.72 16.49
20.72 16.67
20.72 16.46
19.58 16.71
20.72 16.59
20.72 16.75
20.72 16.22
20.72 16.39
19.58 16.62
20.72 16.6
20.72 16.49
20.72 16.5
20.72 16.58
20.72 16.46
20.72 16.48
19.58 16.53
20.72 16.51
20.72 16.56
20.72 16.26
20.72 16.63
20.72 16.45
20.72 16.33
19.58 16.59
19.58 16.45
19.58 16.48
20.72 16.53
20.72 16.48
19.58 16.36
19.58 16.42
19.58 16.88
19.58 16.6
19.58 16.64
20.72 16.54
20.72 16.68
19.58 16.34
20.72 16.48
20.72 16.47
20.72 16.65
20.72 16.69
20.72 16.51
19.58 16.58
20.72 16.41
20.72 16.62
19.58 16.71
20.72 16.55
20.72 16.6
20.72 16.79
20.72 16.46
20.72 16.36
20.72 16.56
20.72 16.34
19.58 16.59
19.58 16.32
20.72 16.4
19.58 16.82
20.72 16.58
20.72 16.37
20.72 16.48
19.58 16.58
19.58 16.31
20.72 16.37
19.58 16.56
19.58 16.53
20.72 16.33
19.58 16.4
20.72 16.68
20.72 16.42
20.72 16.57
20.72 16.42
20.72 16.47
20.72 16.63
20.72 16.64
20.72 16.53
20.72 16.53
19.58 16.63
20.72 16.56
20.72 16.37
20.72 16.85
19.58 16.66
19.58 16.57
20.72 16.24
20.72 16.38
20.72 16.43
20.72 16.63
20.72 16.78
19.58 16.45
20.72 16.72
19.58 16.66
20.72 16.5
20.72 16.69
20.72 16.74
19.58 16.38
20.72 16.8
19.58 16.57
19.58 16.5
20.72 16.79
20.72 16.63
20.72 16.54
20.72 16.52
19.58 16.42
20.72 16.61
20.72 16.37
19.58 16.5
20.72 16.73
20.72 16.59
19.58 16.55
20.72 16.69
20.72 16.39
20.72 16.43
20.72 16.53
20.72 16.52
20.72 16.56
20.72 16.66
19.58 16.76
20.72 16.43
20.72 16.59
20.72 16.44
20.72 16.8
19.58 16.46
20.72 16.54
19.58 16.7
20.72 16.57
20.72 16.43
19.58 16.45
20.72 16.46
19.58 16.73
20.72 16.52
20.72 16.78
20.72 16.43
19.58 16.65
19.58 16.69
20.72 16.54
20.72 16.58
20.72 16.35
20.72 16.26
20.72 16.74
19.58 16.4
20.72 16.47
20.72 16.37
20.72 16.72
19.58 16.73
20.72 16.51
19.58 16.53
20.72 16.47
20.72 16.73
20.72 16.28
20.72 16.43
20.72 16.29
20.72 16.53
20.72 16.52
20.72 16.3
19.58 16.54
20.72 16.66
20.72 16.7
20.72 16.86
20.72 16.59
20.72 16.64
20.72 16.37
20.72 16.47
20.72 16.51
20.72 16.46
20.72 16.35
20.72 16.42
20.72 16.69
20.72 16.34
20.72 16.75
20.72 16.79
20.72 16.56
20.72 16.5
20.72 16.78
20.72 16.58
20.72 16.79
20.72 16.36
19.58 16.61
20.72 16.83
20.72 16.58
19.58 16.44
19.58 16.44
20.72 16.56
20.72 16.68
20.72 16.88
20.72 16.58
20.72 16.61
20.72 16.42
20.72 16.58
20.72 16.67
20.72 16.35
20.72 16.3
20.72 16.56
20.72 16.54
19.58 16.39
20.72 16.8
19.58 16.4
19.58 16.68
20.72 16.54
19.58 16.23
20.72 16.69
19.58 16.3
20.72 16.62
20.72 16.66
19.58 16.55
20.72 16.56
20.72 16.54
21.86 16.8
20.72 16.68
20.72 16.46
20.72 16.66
20.72 16.36
20.72 16.76
19.58 16.66
19.58 16.39
19.58 16.3
19.58 16.75
20.72 16.61
20.72 16.53
20.72 16.3
20.72 16.55
21.86 16.41
19.58 16.7
20.72 16.46
20.72 16.4
20.72 16.52
19.58 16.71
20.72 16.4
19.58 16.66
20.72 16.46
20.72 16.45
20.72 16.4
19.58 16.79
20.72 16.63
20.72 16.68
20.72 16.56
20.72 16.2
20.72 16.47
19.58 16.56
20.72 16.61
20.72 16.48
19.58 16.56
19.58 16.5
20.72 16.92
20.72 16.26
20.72 16.58
20.72 16.67
20.72 16.71
20.72 16.55
20.72 16.7
20.72 16.85
20.72 16.51
20.72 16.63
20.72 16.7
20.72 16.34
20.72 16.41
20.72 16.43
20.72 16.56
20.72 16.46
20.72 16.49
20.72 16.6
20.72 16.67
21.86 15.98
20.72 16.48
20.72 16.86
20.72 16.33
20.72 16.7
20.72 16.54
20.72 16.74
20.72 16.33
20.72 16.38
20.72 16.58
20.72 16.5
20.72 16.44
20.72 16.3
19.58 16.42
20.72 16.48
20.72 16.6
20.72 16.7
21.86 16.81
19.58 16.59
20.72 16.51
