37.82 268200.0
37.82 268220.0
37.82 268240.0
37.82 268260.0
37.82 268280.0
37.82 268300.0
37.82 268320.0
37.82 268340.0
37.82 268360.0
37.82 268380.0
37.82 268400.0
37.82 268420.0
37.82 268440.0
37.82 268460.0
37.82 268480.0
37.82 268500.0
37.82 268520.0
36.68 268540.0
37.82 268560.0
37.82 268580.0
38.96 268600.0
37.82 268620.0
37.82 268640.0
37.82 268660.0
37.82 268680.0
37.82 268700.0
37.82 268720.0
37.82 268740.0
38.96 268760.0
37.82 268780.0
37.82 268800.0
37.82 268820.0
37.82 268840.0
37.82 268860.0
38.96 268880.0
37.82 268900.0
37.82 268920.0
37.82 268940.0
37.82 268960.0
37.82 268980.0
37.82 269000.0
37.82 269020.0
38.96 269040.0
37.82 269060.0
37.82 269080.0
38.96 269100.0
37.82 269120.0
37.82 269140.0
37.82 269160.0
37.82 269180.0
37.82 269200.0
37.82 269220.0
37.82 269240.0
38.96 269260.0
37.82 269280.0
37.82 269300.0
37.82 269320.0
37.82 269340.0
37.82 269360.0
37.82 269380.0
37.82 269400.0
37.82 269420.0
37.82 269440.0
37.82 269460.0
37.82 269480.0
37.82 269500.0
37.82 269520.0
37.82 269540.0
37.82 269560.0
37.82 269580.0
37.82 269600.0
36.68 269620.0
38.96 269640.0
37.82 269660.0
38.96 269680.0
37.82 269700.0
37.82 269720.0
37.82 269740.0
37.82 269760.0
38.96 269780.0
37.82 269800.0
37.82 269820.0
37.82 269840.0
37.82 269860.0
37.82 269880.0
37.82 269900.0
37.82 269920.0
37.82 269940.0
37.82 269960.0
38.96 269980.0
37.82 270000.0
37.82 270020.0
37.82 270040.0
37.82 270060.0
37.82 270080.0
37.82 270100.0
37.82 270120.0
37.82 270140.0
37.82 270160.0
37.82 270180.0
37.82 270200.0
37.82 270220.0
37.82 270240.0
37.82 270260.0
37.82 270280.0
37.82 270300.0
37.82 270320.0
37.82 270340.0
37.82 270360.0
37.82 270380.0
37.82 270400.0
38.96 270420.0
37.82 270440.0
37.82 270460.0
37.82 270480.0
38.96 270500.0
38.96 270520.0
37.82 270540.0
37.82 270560.0
38.96 270580.0
37.82 270600.0
37.82 270620.0
37.82 270640.0
38.96 270660.0
37.82 270680.0
37.82 270700.0
37.82 270720.0
37.82 270740.0
37.82 270760.0
37.82 270780.0
37.82 270800.0
37.82 270820.0
37.82 270840.0
37.82 270860.0
38.96 270880.0
37.82 270900.0
37.82 270920.0
37.82 270940.0
37.82 270960.0
37.82 270980.0
37.82 271000.0
37.82 271020.0
37.82 271040.0
37.82 271060.0
37.82 271080.0
37.82 271100.0
37.82 271120.0
37.82 271140.0
37.82 271160.0
37.82 271180.0
37.82 271200.0
37.82 271220.0
37.82 271240.0
37.82 271260.0
37.82 271280.0
37.82 271300.0
37.82 271320.0
38.96 271340.0
37.82 271360.0
37.82 271380.0
37.82 271400.0
37.82 271420.0
37.82 271440.0
37.82 271460.0
37.82 271480.0
37.82 271500.0
37.82 271520.0
37.82 271540.0
37.82 271560.0
37.82 271580.0
37.82 271600.0
38.96 271620.0
36.68 271640.0
37.82 271660.0
37.82 271680.0
37.82 271700.0
37.82 271720.0
37.82 271740.0
37.82 271760.0
37.82 271780.0
37.82 271800.0
37.82 271820.0
37.82 271840.0
38.96 271860.0
37.82 271880.0
37.82 271900.0
37.82 271920.0
38.96 271940.0
37.82 271960.0
37.82 271980.0
37.82 272000.0
37.82 272020.0
36.68 272040.0
37.82 272060.0
38.96 272080.0
37.82 272100.0
37.82 272120.0
37.82 272140.0
37.82 272160.0
37.82 272180.0
37.82 272200.0
37.82 272220.0
37.82 272240.0
38.96 272260.0
37.82 272280.0
37.82 272300.0
38.96 272320.0
37.82 272340.0
37.82 272360.0
37.82 272380.0
37.82 272400.0
37.82 272420.0
37.82 272440.0
37.82 272460.0
37.82 272480.0
37.82 272500.0
37.82 272520.0
37.82 272540.0
37.82 272560.0
37.82 272580.0
37.82 272600.0
37.82 272620.0
37.82 272640.0
37.82 272660.0
37.82 272680.0
37.82 272700.0
38.96 272720.0
37.82 272740.0
37.82 272760.0
37.82 272780.0
37.82 272800.0
37.82 272820.0
37.82 272840.0
37.82 272860.0
37.82 272880.0
37.82 272900.0
37.82 272920.0
37.82 272940.0
37.82 272960.0
37.82 272980.0
37.82 273000.0
37.82 273020.0
38.96 273040.0
37.82 273060.0
37.82 273080.0
37.82 273100.0
37.82 273120.0
37.82 273140.0
37.82 273160.0
37.82 273180.0
37.82 273200.0
37.82 273220.0
37.82 273240.0
37.82 273260.0
37.82 273280.0
37.82 273300.0
37.82 273320.0
37.82 273340.0
37.82 273360.0
37.82 273380.0
37.82 273400.0
37.82 273420.0
37.82 273440.0
37.82 273460.0
37.82 273480.0
38.96 273500.0
38.96 273520.0
37.82 273540.0
37.82 273560.0
37.82 273580.0
37.82 273600.0
37.82 273620.0
37.82 273640.0
37.82 273660.0
37.82 273680.0
37.82 273700.0
37.82 273720.0
37.82 273740.0
37.82 273760.0
37.82 273780.0
37.82 273800.0
37.82 273820.0
37.82 273840.0
37.82 273860.0
37.82 273880.0
37.82 273900.0
37.82 273920.0
37.82 273940.0
38.96 273960.0
37.82 273980.0
37.82 274000.0
37.82 274020.0
37.82 274040.0
37.82 274060.0
37.82 274080.0
37.82 274100.0
37.82 274120.0
37.82 274140.0
37.82 274160.0
37.82 274180.0
37.82 274200.0
37.82 274220.0
37.82 274240.0
37.82 274260.0
37.82 274280.0
37.82 274300.0
37.82 274320.0
37.82 274340.0
37.82 274360.0
38.96 274380.0
37.82 274400.0
37.82 274420.0
37.82 274440.0
37.82 274460.0
37.82 274480.0
37.82 274500.0
37.82 274520.0
37.82 274540.0
37.82 274560.0
37.82 274580.0
37.82 274600.0
37.82 274620.0
37.82 274640.0
37.82 274660.0
37.82 274680.0
37.82 274700.0
37.82 274720.0
37.82 274740.0
37.82 274760.0
37.82 274780.0
37.82 274800.0
37.82 274820.0
37.82 274840.0
37.82 274860.0
37.82 274880.0
37.82 274900.0
38.96 274920.0
37.82 274940.0
37.82 274960.0
37.82 274980.0
38.96 275000.0
37.82 275020.0
37.82 275040.0
37.82 275060.0
37.82 275080.0
37.82 275100.0
37.82 275120.0
37.82 275140.0
37.82 275160.0
38.96 275180.0
37.82 275200.0
37.82 275220.0
37.82 275240.0
37.82 275260.0
37.82 275280.0
37.82 275300.0
37.82 275320.0
37.82 275340.0
38.96 275360.0
37.82 275380.0
37.82 275400.0
38.96 275420.0
37.82 275440.0
38.96 275460.0
37.82 275480.0
37.82 275500.0
37.82 275520.0
37.82 275540.0
37.82 275560.0
38.96 275580.0
37.82 275600.0
37.82 275620.0
38.96 275640.0
37.82 275660.0
37.82 275680.0
37.82 275700.0
37.82 275720.0
37.82 275740.0
37.82 275760.0
38.96 275780.0
37.82 275800.0
37.82 275820.0
37.82 275840.0
37.82 275860.0
37.82 275880.0
37.82 275900.0
37.82 275920.0
37.82 275940.0
37.82 275960.0
37.82 275980.0
37.82 276000.0
37.82 276020.0
37.82 276040.0
37.82 276060.0
37.82 276080.0
37.82 276100.0
37.82 276120.0
37.82 276140.0
37.82 276160.0
38.96 276180.0
37.82 276200.0
38.96 276220.0
37.82 276240.0
37.82 276260.0
37.82 276280.0
38.96 276300.0
38.96 276320.0
37.82 276340.0
37.82 276360.0
37.82 276380.0
37.82 276400.0
37.82 276420.0
37.82 276440.0
37.82 276460.0
37.82 276480.0
37.82 276500.0
37.82 276520.0
37.82 276540.0
37.82 276560.0
37.82 276580.0
37.82 276600.0
37.82 276620.0
37.82 276640.0
37.82 276660.0
37.82 276680.0
38.96 276700.0
37.82 276720.0
38.96 276740.0
38.96 276760.0
37.82 276780.0
37.82 276800.0
37.82 276820.0
37.82 276840.0
37.82 276860.0
37.82 276880.0
38.96 276900.0
37.82 276920.0
37.82 276940.0
37.82 276960.0
37.82 276980.0
37.82 277000.0
37.82 277020.0
37.82 277040.0
37.82 277060.0
37.82 277080.0
37.82 277100.0
37.82 277120.0
37.82 277140.0
37.82 277160.0
37.82 277180.0
37.82 277200.0
37.82 277220.0
38.96 277240.0
37.82 277260.0
37.82 277280.0
37.82 277300.0
37.82 277320.0
37.82 277340.0
37.82 277360.0
38.96 277380.0
37.82 277400.0
37.82 277420.0
37.82 277440.0
37.82 277460.0
37.82 277480.0
37.82 277500.0
37.82 277520.0
37.82 277540.0
37.82 277560.0
37.82 277580.0
37.82 277600.0
37.82 277620.0
37.82 277640.0
37.82 277660.0
37.82 277680.0
37.82 277700.0
37.82 277720.0
37.82 277740.0
37.82 277760.0
37.82 277780.0
37.82 277800.0
37.82 277820.0
37.82 277840.0
37.82 277860.0
37.82 277880.0
37.82 277900.0
38.96 277920.0
37.82 277940.0
37.82 277960.0
38.96 277980.0
38.96 278000.0
37.82 278020.0
37.82 278040.0
38.96 278060.0
38.96 278080.0
37.82 278100.0
37.82 278120.0
37.82 278140.0
37.82 278160.0
37.82 278180.0
37.82 278200.0
37.82 278220.0
37.82 278240.0
38.96 278260.0
37.82 278280.0
37.82 278300.0
37.82 278320.0
37.82 278340.0
37.82 278360.0
37.82 278380.0
37.82 278400.0
38.96 278420.0
37.82 278440.0
37.82 278460.0
38.96 278480.0
38.96 278500.0
37.82 278520.0
37.82 278540.0
37.82 278560.0
37.82 278580.0
37.82 278600.0
37.82 278620.0
37.82 278640.0
37.82 278660.0
37.82 278680.0
38.96 278700.0
37.82 278720.0
37.82 278740.0
37.82 278760.0
37.82 278780.0
37.82 278800.0
37.82 278820.0
37.82 278840.0
37.82 278860.0
37.82 278880.0
37.82 278900.0
38.96 278920.0
37.82 278940.0
37.82 278960.0
37.82 278980.0
37.82 279000.0
37.82 279020.0
37.82 279040.0
37.82 279060.0
37.82 279080.0
37.82 279100.0
38.96 279120.0
36.68 279140.0
37.82 279160.0
37.82 279180.0
37.82 279200.0
37.82 279220.0
37.82 279240.0
37.82 279260.0
37.82 279280.0
37.82 279300.0
37.82 279320.0
37.82 279340.0
38.96 279360.0
36.68 279380.0
37.82 279400.0
37.82 279420.0
37.82 279440.0
37.82 279460.0
38.96 279480.0
38.96 279500.0
38.96 279520.0
37.82 279540.0
38.96 279560.0
37.82 279580.0
37.82 279600.0
38.96 279620.0
37.82 279640.0
37.82 279660.0
38.96 279680.0
37.82 279700.0
37.82 279720.0
38.96 279740.0
37.82 279760.0
37.82 279780.0
37.82 279800.0
37.82 279820.0
37.82 279840.0
37.82 279860.0
37.82 279880.0
37.82 279900.0
37.82 279920.0
37.82 279940.0
37.82 279960.0
37.82 279980.0
37.82 280000.0
37.82 280020.0
37.82 280040.0
37.82 280060.0
37.82 280080.0
37.82 280100.0
37.82 280120.0
37.82 280140.0
38.96 280160.0
37.82 280180.0
37.82 280200.0
37.82 280220.0
38.96 280240.0
37.82 280260.0
37.82 280280.0
37.82 280300.0
38.96 280320.0
37.82 280340.0
37.82 280360.0
37.82 280380.0
37.82 280400.0
37.82 280420.0
37.82 280440.0
37.82 280460.0
37.82 280480.0
36.68 280500.0
37.82 280520.0
37.82 280540.0
37.82 280560.0
37.82 280580.0
37.82 280600.0
37.82 280620.0
38.96 280640.0
37.82 280660.0
37.82 280680.0
37.82 280700.0
37.82 280720.0
37.82 280740.0
37.82 280760.0
37.82 280780.0
37.82 280800.0
37.82 280820.0
37.82 280840.0
37.82 280860.0
37.82 280880.0
37.82 280900.0
37.82 280920.0
37.82 280940.0
37.82 280960.0
37.82 280980.0
37.82 281000.0
38.96 281020.0
37.82 281040.0
37.82 281060.0
37.82 281080.0
37.82 281100.0
37.82 281120.0
37.82 281140.0
37.82 281160.0
37.82 281180.0
38.96 281200.0
37.82 281220.0
37.82 281240.0
37.82 281260.0
37.82 281280.0
37.82 281300.0
38.96 281320.0
37.82 281340.0
37.82 281360.0
37.82 281380.0
38.96 281400.0
38.96 281420.0
37.82 281440.0
38.96 281460.0
37.82 281480.0
37.82 281500.0
37.82 281520.0
37.82 281540.0
37.82 281560.0
38.96 281580.0
37.82 281600.0
37.82 281620.0
37.82 281640.0
37.82 281660.0
37.82 281680.0
38.96 281700.0
37.82 281720.0
37.82 281740.0
38.96 281760.0
37.82 281780.0
37.82 281800.0
37.82 281820.0
38.96 281840.0
37.82 281860.0
37.82 281880.0
37.82 281900.0
38.96 281920.0
37.82 281940.0
37.82 281960.0
38.96 281980.0
37.82 282000.0
38.96 282020.0
37.82 282040.0
37.82 282060.0
37.82 282080.0
37.82 282100.0
37.82 282120.0
37.82 282140.0
37.82 282160.0
37.82 282180.0
37.82 282200.0
37.82 282220.0
37.82 282240.0
37.82 282260.0
37.82 282280.0
37.82 282300.0
37.82 282320.0
37.82 282340.0
37.82 282360.0
37.82 282380.0
37.82 282400.0
38.96 282420.0
37.82 282440.0
36.68 282460.0
37.82 282480.0
37.82 282500.0
37.82 282520.0
38.96 282540.0
37.82 282560.0
37.82 282580.0
37.82 282600.0
37.82 282620.0
38.96 282640.0
38.96 282660.0
37.82 282680.0
37.82 282700.0
37.82 282720.0
37.82 282740.0
37.82 282760.0
37.82 282780.0
37.82 282800.0
37.82 282820.0
37.82 282840.0
37.82 282860.0
37.82 282880.0
37.82 282900.0
37.82 282920.0
37.82 282940.0
37.82 282960.0
37.82 282980.0
37.82 283000.0
37.82 283020.0
37.82 283040.0
37.82 283060.0
37.82 283080.0
37.82 283100.0
37.82 283120.0
37.82 283140.0
37.82 283160.0
38.96 283180.0
37.82 283200.0
37.82 283220.0
38.96 283240.0
37.82 283260.0
37.82 283280.0
37.82 283300.0
37.82 283320.0
37.82 283340.0
37.82 283360.0
38.96 283380.0
37.82 283400.0
37.82 283420.0
38.96 283440.0
37.82 283460.0
37.82 283480.0
37.82 283500.0
37.82 283520.0
37.82 283540.0
37.82 283560.0
37.82 283580.0
37.82 283600.0
37.82 283620.0
38.96 283640.0
37.82 283660.0
37.82 283680.0
37.82 283700.0
37.82 283720.0
38.96 283740.0
37.82 283760.0
37.82 283780.0
37.82 283800.0
37.82 283820.0
37.82 283840.0
37.82 283860.0
37.82 283880.0
37.82 283900.0
37.82 283920.0
37.82 283940.0
37.82 283960.0
37.82 283980.0
38.96 284000.0
37.82 284020.0
37.82 284040.0
38.96 284060.0
37.82 284080.0
37.82 284100.0
37.82 284120.0
37.82 284140.0
37.82 284160.0
37.82 284180.0
38.96 284200.0
38.96 284220.0
37.82 284240.0
37.82 284260.0
37.82 284280.0
37.82 284300.0
37.82 284320.0
37.82 284340.0
37.82 284360.0
37.82 284380.0
37.82 284400.0
38.96 284420.0
38.96 284440.0
37.82 284460.0
37.82 284480.0
38.96 284500.0
37.82 284520.0
37.82 284540.0
37.82 284560.0
37.82 284580.0
37.82 284600.0
37.82 284620.0
37.82 284640.0
37.82 284660.0
37.82 284680.0
38.96 284700.0
37.82 284720.0
37.82 284740.0
37.82 284760.0
37.82 284780.0
37.82 284800.0
37.82 284820.0
37.82 284840.0
38.96 284860.0
37.82 284880.0
37.82 284900.0
37.82 284920.0
37.82 284940.0
37.82 284960.0
37.82 284980.0
37.82 285000.0
37.82 285020.0
37.82 285040.0
37.82 285060.0
37.82 285080.0
37.82 285100.0
37.82 285120.0
37.82 285140.0
38.96 285160.0
37.82 285180.0
37.82 285200.0
37.82 285220.0
37.82 285240.0
37.82 285260.0
37.82 285280.0
37.82 285300.0
38.96 285320.0
37.82 285340.0
37.82 285360.0
37.82 285380.0
37.82 285400.0
37.82 285420.0
38.96 285440.0
37.82 285460.0
37.82 285480.0
37.82 285500.0
37.82 285520.0
37.82 285540.0
37.82 285560.0
37.82 285580.0
37.82 285600.0
38.96 285620.0
38.96 285640.0
38.96 285660.0
38.96 285680.0
37.82 285700.0
37.82 285720.0
37.82 285740.0
37.82 285760.0
37.82 285780.0
37.82 285800.0
38.96 285820.0
37.82 285840.0
37.82 285860.0
38.96 285880.0
37.82 285900.0
37.82 285920.0
38.96 285940.0
37.82 285960.0
38.96 285980.0
37.82 286000.0
37.82 286020.0
37.82 286040.0
37.82 286060.0
38.96 286080.0
37.82 286100.0
37.82 286120.0
37.82 286140.0
38.96 286160.0
37.82 286180.0
37.82 286200.0
37.82 286220.0
37.82 286240.0
37.82 286260.0
37.82 286280.0
37.82 286300.0
37.82 286320.0
37.82 286340.0
37.82 286360.0
37.82 286380.0
37.82 286400.0
37.82 286420.0
37.82 286440.0
37.82 286460.0
37.82 286480.0
37.82 286500.0
37.82 286520.0
37.82 286540.0
38.96 286560.0
37.82 286580.0
38.96 286600.0
37.82 286620.0
37.82 286640.0
38.96 286660.0
37.82 286680.0
37.82 286700.0
37.82 286720.0
37.82 286740.0
37.82 286760.0
38.96 286780.0
37.82 286800.0
37.82 286820.0
37.82 286840.0
37.82 286860.0
37.82 286880.0
37.82 286900.0
37.82 286920.0
38.96 286940.0
37.82 286960.0
37.82 286980.0
38.96 287000.0
37.82 287020.0
37.82 287040.0
37.82 287060.0
38.96 287080.0
37.82 287100.0
37.82 287120.0
37.82 287140.0
37.82 287160.0
37.82 287180.0
37.82 287200.0
37.82 287220.0
38.96 287240.0
37.82 287260.0
38.96 287280.0
37.82 287300.0
37.82 287320.0
38.96 287340.0
37.82 287360.0
37.82 287380.0
38.96 287400.0
37.82 287420.0
37.82 287440.0
37.82 287460.0
37.82 287480.0
37.82 287500.0
38.96 287520.0
37.82 287540.0
38.96 287560.0
37.82 287580.0
37.82 287600.0
37.82 287620.0
37.82 287640.0
37.82 287660.0
37.82 287680.0
37.82 287700.0
38.96 287720.0
37.82 287740.0
37.82 287760.0
37.82 287780.0
37.82 287800.0
37.82 287820.0
37.82 287840.0
37.82 287860.0
37.82 287880.0
37.82 287900.0
37.82 287920.0
37.82 287940.0
37.82 287960.0
37.82 287980.0
37.82 288000.0
38.96 288020.0
37.82 288040.0
37.82 288060.0
37.82 288080.0
37.82 288100.0
37.82 288120.0
37.82 288140.0
37.82 288160.0
37.82 288180.0
37.82 288200.0
37.82 288220.0
38.96 288240.0
37.82 288260.0
37.82 288280.0
37.82 288300.0
38.96 288320.0
38.96 288340.0
37.82 288360.0
37.82 288380.0
37.82 288400.0
37.82 288420.0
38.96 288440.0
38.96 288460.0
37.82 288480.0
37.82 288500.0
37.82 288520.0
37.82 288540.0
37.82 288560.0
38.96 288580.0
37.82 288600.0
37.82 288620.0
38.96 288640.0
37.82 288660.0
37.82 288680.0
37.82 288700.0
37.82 288720.0
37.82 288740.0
37.82 288760.0
37.82 288780.0
37.82 288800.0
37.82 288820.0
37.82 288840.0
38.96 288860.0
37.82 288880.0
37.82 288900.0
37.82 288920.0
37.82 288940.0
38.96 288960.0
37.82 288980.0
37.82 289000.0
37.82 289020.0
38.96 289040.0
37.82 289060.0
37.82 289080.0
37.82 289100.0
38.96 289120.0
38.96 289140.0
37.82 289160.0
37.82 289180.0
37.82 289200.0
37.82 289220.0
37.82 289240.0
37.82 289260.0
37.82 289280.0
37.82 289300.0
37.82 289320.0
37.82 289340.0
37.82 289360.0
37.82 289380.0
37.82 289400.0
37.82 289420.0
37.82 289440.0
37.82 289460.0
38.96 289480.0
38.96 289500.0
37.82 289520.0
37.82 289540.0
37.82 289560.0
37.82 289580.0
37.82 289600.0
37.82 289620.0
37.82 289640.0
38.96 289660.0
37.82 289680.0
38.96 289700.0
37.82 289720.0
38.96 289740.0
37.82 289760.0
37.82 289780.0
37.82 289800.0
37.82 289820.0
37.82 289840.0
37.82 289860.0
38.96 289880.0
37.82 289900.0
37.82 289920.0
37.82 289940.0
38.96 289960.0
37.82 289980.0
37.82 290000.0
37.82 290020.0
37.82 290040.0
38.96 290060.0
37.82 290080.0
38.96 290100.0
37.82 290120.0
37.82 290140.0
37.82 290160.0
37.82 290180.0
37.82 290200.0
37.82 290220.0
37.82 290240.0
37.82 290260.0
37.82 290280.0
37.82 290300.0
37.82 290320.0
37.82 290340.0
38.96 290360.0
38.96 290380.0
37.82 290400.0
37.82 290420.0
37.82 290440.0
37.82 290460.0
38.96 290480.0
38.96 290500.0
37.82 290520.0
37.82 290540.0
37.82 290560.0
38.96 290580.0
37.82 290600.0
38.96 290620.0
37.82 290640.0
37.82 290660.0
37.82 290680.0
38.96 290700.0
37.82 290720.0
37.82 290740.0
37.82 290760.0
38.96 290780.0
38.96 290800.0
38.96 290820.0
37.82 290840.0
38.96 290860.0
37.82 290880.0
37.82 290900.0
38.96 290920.0
37.82 290940.0
37.82 290960.0
38.96 290980.0
38.96 291000.0
37.82 291020.0
38.96 291040.0
37.82 291060.0
38.96 291080.0
37.82 291100.0
37.82 291120.0
37.82 291140.0
37.82 291160.0
37.82 291180.0
38.96 291200.0
37.82 291220.0
37.82 291240.0
37.82 291260.0
37.82 291280.0
37.82 291300.0
37.82 291320.0
38.96 291340.0
38.96 291360.0
37.82 291380.0
38.96 291400.0
37.82 291420.0
37.82 291440.0
37.82 291460.0
37.82 291480.0
38.96 291500.0
37.82 291520.0
37.82 291540.0
37.82 291560.0
37.82 291580.0
37.82 291600.0
37.82 291620.0
37.82 291640.0
38.96 291660.0
37.82 291680.0
37.82 291700.0
38.96 291720.0
38.96 291740.0
37.82 291760.0
37.82 291780.0
37.82 291800.0
37.82 291820.0
37.82 291840.0
37.82 291860.0
37.82 291880.0
38.96 291900.0
38.96 291920.0
37.82 291940.0
37.82 291960.0
38.96 291980.0
37.82 292000.0
37.82 292020.0
38.96 292040.0
37.82 292060.0
38.96 292080.0
37.82 292100.0
38.96 292120.0
37.82 292140.0
38.96 292160.0
38.96 292180.0
37.82 292200.0
37.82 292220.0
37.82 292240.0
37.82 292260.0
37.82 292280.0
38.96 292300.0
37.82 292320.0
38.96 292340.0
37.82 292360.0
37.82 292380.0
38.96 292400.0
38.96 292420.0
38.96 292440.0
37.82 292460.0
37.82 292480.0
38.96 292500.0
38.96 292520.0
37.82 292540.0
37.82 292560.0
38.96 292580.0
37.82 292600.0
37.82 292620.0
37.82 292640.0
38.96 292660.0
37.82 292680.0
38.96 292700.0
38.96 292720.0
38.96 292740.0
37.82 292760.0
37.82 292780.0
37.82 292800.0
37.82 292820.0
37.82 292840.0
37.82 292860.0
37.82 292880.0
37.82 292900.0
37.82 292920.0
37.82 292940.0
37.82 292960.0
37.82 292980.0
37.82 293000.0
37.82 293020.0
37.82 293040.0
37.82 293060.0
38.96 293080.0
37.82 293100.0
37.82 293120.0
37.82 293140.0
37.82 293160.0
37.82 293180.0
37.82 293200.0
38.96 293220.0
37.82 293240.0
37.82 293260.0
37.82 293280.0
38.96 293300.0
37.82 293320.0
37.82 293340.0
37.82 293360.0
37.82 293380.0
37.82 293400.0
37.82 293420.0
37.82 293440.0
37.82 293460.0
37.82 293480.0
37.82 293500.0
37.82 293520.0
37.82 293540.0
37.82 293560.0
37.82 293580.0
37.82 293600.0
37.82 293620.0
37.82 293640.0
38.96 293660.0
37.82 293680.0
37.82 293700.0
37.82 293720.0
37.82 293740.0
38.96 293760.0
37.82 293780.0
37.82 293800.0
37.82 293820.0
37.82 293840.0
37.82 293860.0
37.82 293880.0
37.82 293900.0
37.82 293920.0
38.96 293940.0
38.96 293960.0
38.96 293980.0
37.82 294000.0
37.82 294020.0
37.82 294040.0
38.96 294060.0
37.82 294080.0
37.82 294100.0
38.96 294120.0
37.82 294140.0
37.82 294160.0
37.82 294180.0
37.82 294200.0
37.82 294220.0
37.82 294240.0
37.82 294260.0
37.82 294280.0
37.82 294300.0
37.82 294320.0
37.82 294340.0
37.82 294360.0
37.82 294380.0
38.96 294400.0
37.82 294420.0
37.82 294440.0
37.82 294460.0
37.82 294480.0
37.82 294500.0
37.82 294520.0
37.82 294540.0
37.82 294560.0
37.82 294580.0
37.82 294600.0
37.82 294620.0
37.82 294640.0
37.82 294660.0
38.96 294680.0
37.82 294700.0
37.82 294720.0
37.82 294740.0
37.82 294760.0
37.82 294780.0
37.82 294800.0
37.82 294820.0
37.82 294840.0
37.82 294860.0
37.82 294880.0
37.82 294900.0
37.82 294920.0
37.82 294940.0
37.82 294960.0
37.82 294980.0
38.96 295000.0
38.96 295020.0
37.82 295040.0
37.82 295060.0
38.96 295080.0
37.82 295100.0
37.82 295120.0
37.82 295140.0
37.82 295160.0
37.82 295180.0
37.82 295200.0
37.82 295220.0
37.82 295240.0
38.96 295260.0
37.82 295280.0
37.82 295300.0
38.96 295320.0
37.82 295340.0
37.82 295360.0
37.82 295380.0
38.96 295400.0
37.82 295420.0
37.82 295440.0
37.82 295460.0
37.82 295480.0
37.82 295500.0
38.96 295520.0
37.82 295540.0
38.96 295560.0
38.96 295580.0
37.82 295600.0
37.82 295620.0
37.82 295640.0
38.96 295660.0
37.82 295680.0
37.82 295700.0
38.96 295720.0
37.82 295740.0
37.82 295760.0
37.82 295780.0
38.96 295800.0
37.82 295820.0
37.82 295840.0
37.82 295860.0
37.82 295880.0
37.82 295900.0
37.82 295920.0
37.82 295940.0
37.82 295960.0
37.82 295980.0
37.82 296000.0
38.96 296020.0
37.82 296040.0
38.96 296060.0
37.82 296080.0
37.82 296100.0
37.82 296120.0
37.82 296140.0
37.82 296160.0
38.96 296180.0
37.82 296200.0
37.82 296220.0
38.96 296240.0
37.82 296260.0
37.82 296280.0
37.82 296300.0
37.82 296320.0
37.82 296340.0
37.82 296360.0
37.82 296380.0
37.82 296400.0
37.82 296420.0
38.96 296440.0
37.82 296460.0
37.82 296480.0
38.96 296500.0
37.82 296520.0
37.82 296540.0
37.82 296560.0
37.82 296580.0
37.82 296600.0
37.82 296620.0
37.82 296640.0
37.82 296660.0
37.82 296680.0
37.82 296700.0
38.96 296720.0
38.96 296740.0
37.82 296760.0
37.82 296780.0
37.82 296800.0
37.82 296820.0
37.82 296840.0
37.82 296860.0
37.82 296880.0
37.82 296900.0
38.96 296920.0
37.82 296940.0
37.82 296960.0
37.82 296980.0
37.82 297000.0
37.82 297020.0
37.82 297040.0
37.82 297060.0
37.82 297080.0
37.82 297100.0
37.82 297120.0
37.82 297140.0
37.82 297160.0
37.82 297180.0
37.82 297200.0
38.96 297220.0
37.82 297240.0
37.82 297260.0
37.82 297280.0
38.96 297300.0
37.82 297320.0
37.82 297340.0
37.82 297360.0
37.82 297380.0
38.96 297400.0
37.82 297420.0
37.82 297440.0
37.82 297460.0
38.96 297480.0
