24.539000000000033 2.6563000000000003
25.479790000000026 2.5816630000000003
25.762797900000024 2.646216630000002
26.14182797900003 2.602362166300001
26.48761827979003 2.5309236216630007
27.20927618279789 2.6337092362166303
27.923292761827934 2.451637092362169
28.363632927618234 2.398916370923624
28.858236329276146 2.288089163709238
29.091182363292738 2.367880891637095
29.253111823632914 2.2748788089163723
29.471331118236325 2.267148788089165
29.69011331118237 2.3116714878808926
29.783501133111805 2.2127167148788107
29.659035011331124 2.2245271671487887
29.7375903501133 2.2232452716714888
29.738375903501133 2.3222324527167153
29.419183759034986 2.274722324527168
29.564191837590343 2.2407472232452723
29.679641918375932 2.308607472232453
29.999996419183773 2.1805860747223242
30.025999964191854 2.261705860747224
30.060459999641942 2.140317058607472
30.02660459999645 2.2574031705860738
30.060466045999988 2.273574031705861
30.015204660460014 2.269535740317059
30.014752046604602 2.212495357403171
30.02614752046606 2.203824953574032
30.003461475204663 2.17943824953574
30.117234614752064 2.2102943824953574
30.34637234614754 2.223902943824954
30.54246372346149 2.3072390294382497
30.772424637234632 2.225472390294383
30.637924246372368 2.2145547239029444
30.67077924246373 2.2277455472390293
30.876307792424658 2.177677455472391
30.946763077924253 2.276276774554724
30.890467630779263 2.2052627677455474
30.684704676307817 2.298852627677456
30.785247046763097 2.162688526276773
31.071252470467655 2.227226885262768
30.971512524704686 2.199272268852627
31.198515125247056 2.154392722688526
31.33758515125248 2.0325439272268846
31.24777585151254 2.0510254392722675
31.31527775851514 2.1611102543927223
31.133552777585173 2.258811102543927
31.131735527775867 2.138588111025438
31.23431735527777 2.184485881110254
31.280943173552792 2.1627448588111027
31.20160943173554 2.1538274485881113
31.406016094317366 2.216238274485882
31.465060160943175 2.177362382744859
31.35165060160944 2.125073623827449
31.27071650601611 2.191450736238273
31.292707165060175 2.2237145073623834
31.32712707165061 2.1780371450736236
31.395871270716516 2.1943803714507357
31.533358712707162 2.1607438037145075
31.39793358712708 2.231807438037145
31.396579335871273 2.1933180743803713
31.305365793358725 2.203733180743804
31.429853657933595 2.385237331807438
31.374098536579336 2.324052373318075
31.453340985365795 2.215840523733181
31.442733409853663 2.2129584052373317
31.31722733409854 2.2681295840523727
