32.04019999999994 -2.031800000000001
32.246601999999946 -2.034018
32.18026601999995 -2.05074018
32.17960266019995 -2.0726074017999996
32.076996026601954 -1.989126074018
32.155769960265964 -1.9923912607401797
31.78035769960265 -2.0512239126074014
31.50300357699603 -2.0227122391260735
31.557230035769948 -1.88952712239126
31.774372300357673 -1.9435952712239128
31.799343723003545 -1.793635952712237
31.742593437230017 -1.8465363595271234
31.719225934372275 -1.7786653635952714
32.02679225934369 -1.813186653635953
31.9842679225934 -1.7198318665363599
31.915442679225897 -1.8432983186653642
31.606954426792246 -1.908932983186654
31.911669544267884 -1.763189329831866
32.06291669544264 -1.778331893298319
32.13282916695437 -1.6228833189329837
32.20192829166949 -1.7123288331893298
32.10001928291665 -1.7283232883318937
32.29280019282911 -1.8246832328833191
32.44292800192823 -1.7669468323288335
32.569829280019235 -1.7774694683232892
32.502698292800126 -1.7834746946832325
32.47922698292794 -1.755534746946833
32.61579226982923 -1.8029553474694688
32.67415792269826 -1.8554295534746958
32.822941579226956 -1.761254295534748
32.949829415792266 -1.7698125429553468
32.985298294157914 -1.755398125429554
33.259252982941625 -1.939353981254296
33.216392529829434 -1.7617935398125433
33.31856392529834 -1.8150179353981262
33.50198563925305 -1.6602501793539814
33.15041985639255 -1.722102501793539
33.158304198563954 -1.6509210250179358
33.101383041985656 -1.7466092102501805
33.06661383041987 -1.765366092102503
32.95226613830419 -1.8907536609210263
33.05372266138304 -1.7519075366092114
33.13453722661385 -1.7200190753660924
33.28354537226617 -1.7729001907536617
33.17103545372267 -1.7281290019075377
33.20411035453727 -1.7483812900190765
33.1018411035454 -1.6541838129001918
33.157818411035485 -1.8166418381290028
33.35217818411041 -1.7881664183812922
33.547921781841175 -1.8237816641838136
33.481479217818475 -1.6931378166418396
33.42381479217824 -1.7167313781664189
33.40043814792184 -1.7036673137816642
33.40020438147927 -1.7476366731378175
33.53700204381486 -1.700276366731378
33.54977002043821 -1.7667027636673143
33.538497700204445 -1.773067027636674
33.73218497700212 -1.7548306702763674
33.41492184977008 -1.7024483067027643
33.50294921849776 -1.7712244830670283
33.64062949218503 -1.8449122448306707
33.27720629492189 -1.7754491224483084
33.34197206294928 -1.7032544912244827
33.468019720629556 -1.8317325449122466
33.51488019720636 -1.7012173254491219
33.515348801972124 -1.8751121732544929
33.35575348801977 -1.7370511217325446
33.59355753488027 -1.7901705112173263
33.75553557534888 -1.758601705112174
33.939555355753576 -1.7554860170511222
34.157995553557605 -1.7695548601705118
34.148779955535645 -1.7967955486017049
34.03468779955543 -1.741967955486018
34.03354687799563 -1.7108196795548607
34.23873546878003 -1.7772081967955484
34.40038735468787 -1.7766720819679565
34.390603873546944 -1.7393667208196806
34.48170603873553 -1.9612936672081975
34.65361706038742 -1.8807129366720812
34.586936170603934 -1.711207129366722
34.5862693617061 -1.8187120712936682
34.63186269361712 -1.8341871207129379
34.655118626936236 -1.8165418712071304
