12.74 22.56
12.74 22.22
12.74 22.18
13.88 22.39
13.88 22.3
13.88 22.13
13.88 22.16
13.88 22.25
13.88 22.48
15.02 22.47
13.88 22.03
15.02 22.29
15.02 22.22
13.88 22.19
15.02 22.03
15.02 22.11
15.02 22.28
15.02 22.44
15.02 22.25
16.16 22.17
16.16 22.46
15.02 22.33
16.16 22.12
15.02 22.16
16.16 22.35
15.02 22.13
16.16 22.14
15.02 22.11
16.16 22.16
16.16 22.14
16.16 22.04
16.16 22.11
16.16 21.93
15.02 22.08
16.16 22.25
16.16 22.3
16.16 22.04
16.16 22.14
16.16 21.87
16.16 21.89
16.16 22.24
16.16 22.14
16.16 22.22
16.16 22.18
16.16 21.96
17.3 22.09
17.3 21.98
16.16 22.11
17.3 21.97
17.3 21.93
17.3 21.94
17.3 22.07
17.3 22.04
17.3 21.99
17.3 22.0
17.3 22.16
17.3 22.08
17.3 21.77
17.3 21.92
17.3 21.89
16.16 21.98
17.3 21.99
17.3 22.0
18.44 22.16
17.3 22.33
17.3 21.86
17.3 22.11
17.3 22.06
17.3 22.25
17.3 22.2
17.3 21.95
17.3 22.07
17.3 22.11
18.44 22.17
17.3 22.0
18.44 22.01
17.3 22.15
17.3 22.3
18.44 22.05
18.44 21.97
18.44 21.93
18.44 22.13
18.44 22.05
17.3 21.74
18.44 22.17
17.3 22.23
18.44 21.98
18.44 22.06
18.44 21.89
18.44 21.95
18.44 22.23
18.44 21.85
18.44 21.84
18.44 21.74
18.44 22.12
18.44 21.98
18.44 22.06
19.58 21.87
18.44 21.86
18.44 22.05
18.44 21.85
18.44 22.06
18.44 21.64
18.44 22.04
18.44 21.91
18.44 21.83
18.44 21.87
18.44 21.65
18.44 21.74
18.44 22.12
18.44 21.67
18.44 21.88
18.44 22.07
18.44 21.98
18.44 21.86
18.44 21.65
18.44 22.02
19.58 21.84
19.58 21.67
19.58 22.16
18.44 22.0
18.44 21.87
18.44 21.57
18.44 21.69
19.58 21.6
19.58 22.1
18.44 21.62
18.44 22.1
19.58 21.86
19.58 21.84
19.58 21.75
18.44 22.03
19.58 21.79
18.44 21.82
18.44 21.73
19.58 21.73
18.44 21.73
19.58 21.66
19.58 21.92
19.58 21.74
19.58 21.81
19.58 21.94
19.58 21.68
19.58 21.66
19.58 21.89
19.58 21.89
19.58 21.68
19.58 21.87
20.72 21.8
19.58 21.65
19.58 21.74
19.58 21.47
19.58 21.79
19.58 21.9
19.58 21.69
19.58 22.1
19.58 21.81
19.58 21.94
19.58 21.93
19.58 21.93
20.72 21.85
19.58 21.71
19.58 21.86
19.58 21.66
18.44 21.61
19.58 21.84
19.58 21.99
19.58 21.65
20.72 21.51
19.58 21.87
19.58 21.69
20.72 21.41
19.58 21.61
19.58 21.81
19.58 21.51
19.58 21.72
19.58 21.69
19.58 21.63
19.58 21.67
19.58 21.64
19.58 21.69
19.58 21.6
20.72 21.71
19.58 21.69
19.58 21.49
19.58 21.71
20.72 21.63
20.72 21.85
19.58 21.68
19.58 21.57
19.58 21.45
19.58 21.87
19.58 21.74
20.72 21.61
20.72 21.76
19.58 21.65
19.58 21.74
19.58 21.57
19.58 21.55
20.72 21.87
20.72 21.58
20.72 21.79
19.58 21.63
20.72 21.7
19.58 21.55
19.58 21.53
19.58 21.58
20.72 21.65
19.58 21.73
20.72 21.47
20.72 21.68
20.72 21.61
20.72 21.54
20.72 21.84
20.72 21.81
20.72 21.87
20.72 21.44
19.58 21.72
19.58 21.64
19.58 21.73
20.72 21.71
20.72 21.62
19.58 21.73
19.58 21.51
20.72 21.58
20.72 21.59
19.58 21.41
20.72 21.49
20.72 21.54
20.72 21.65
19.58 21.52
20.72 21.34
20.72 21.68
20.72 21.6
20.72 21.49
20.72 21.53
20.72 21.77
20.72 21.66
20.72 21.58
20.72 21.71
20.72 21.53
20.72 21.61
20.72 21.4
20.72 21.63
20.72 21.39
20.72 21.31
20.72 21.65
20.72 21.49
20.72 21.53
20.72 21.55
20.72 21.57
20.72 21.68
20.72 21.56
20.72 21.42
19.58 21.58
20.72 21.4
20.72 21.44
20.72 21.47
20.72 21.53
20.72 21.58
20.72 21.44
20.72 21.5
20.72 21.54
20.72 21.63
20.72 21.61
20.72 21.43
20.72 21.45
20.72 21.47
20.72 21.44
20.72 21.51
20.72 21.43
20.72 21.53
20.72 21.57
20.72 21.54
21.86 21.54
21.86 21.69
21.86 21.74
20.72 21.41
21.86 21.39
20.72 21.45
20.72 21.3
21.86 21.55
20.72 21.71
21.86 21.53
20.72 21.47
20.72 21.31
20.72 21.36
21.86 21.54
20.72 21.51
20.72 21.37
20.72 21.51
21.86 21.33
20.72 21.64
20.72 21.25
21.86 21.49
21.86 21.57
21.86 21.34
20.72 21.37
20.72 21.46
21.86 21.44
21.86 21.58
21.86 21.55
21.86 21.65
21.86 21.5
21.86 21.52
21.86 21.26
21.86 21.36
21.86 21.26
20.72 21.53
20.72 21.4
21.86 21.18
20.72 21.44
20.72 21.47
21.86 21.26
21.86 21.23
21.86 21.34
21.86 21.29
21.86 21.47
20.72 21.44
20.72 21.55
20.72 21.42
20.72 21.41
20.72 21.17
21.86 21.41
21.86 21.57
21.86 21.46
20.72 21.21
21.86 21.39
21.86 21.47
21.86 21.37
21.86 21.25
21.86 21.22
21.86 21.41
20.72 21.58
21.86 21.6
20.72 21.28
21.86 21.45
21.86 21.39
20.72 21.56
20.72 21.45
21.86 21.2
21.86 21.31
21.86 21.3
21.86 21.64
20.72 21.31
21.86 21.36
20.72 21.1
21.86 21.2
21.86 21.38
21.86 21.73
21.86 21.34
21.86 21.17
21.86 21.44
21.86 21.36
21.86 21.32
21.86 21.55
21.86 21.58
21.86 21.28
21.86 21.23
21.86 21.27
21.86 21.13
21.86 21.44
21.86 21.1
21.86 21.23
21.86 21.38
21.86 21.32
21.86 21.28
21.86 21.43
21.86 21.11
21.86 21.22
21.86 21.65
21.86 21.11
21.86 21.49
21.86 21.23
21.86 21.35
21.86 21.47
21.86 21.04
21.86 21.26
20.72 21.34
21.86 21.24
21.86 21.2
21.86 21.05
21.86 21.36
21.86 21.25
21.86 21.25
21.86 21.28
21.86 21.39
21.86 21.21
21.86 21.43
21.86 21.15
21.86 21.57
21.86 21.13
21.86 21.25
23.0 21.16
23.0 21.44
21.86 21.15
21.86 21.45
21.86 21.14
21.86 21.25
21.86 21.22
21.86 21.09
21.86 21.21
21.86 21.53
20.72 21.18
21.86 21.25
21.86 21.33
23.0 21.33
21.86 21.2
23.0 21.63
23.0 21.2
21.86 21.34
21.86 21.32
21.86 21.04
21.86 21.28
21.86 21.06
21.86 21.41
23.0 21.29
21.86 21.21
21.86 21.34
21.86 21.12
21.86 21.25
21.86 21.1
21.86 21.34
21.86 20.96
23.0 21.41
23.0 21.15
21.86 21.27
23.0 21.15
21.86 21.34
21.86 21.06
21.86 21.23
21.86 21.29
23.0 20.96
23.0 20.99
21.86 21.09
23.0 21.39
23.0 21.33
21.86 21.25
21.86 21.42
21.86 21.2
21.86 21.26
23.0 20.99
23.0 21.49
23.0 21.21
23.0 21.21
23.0 20.87
23.0 21.36
23.0 21.25
23.0 21.28
23.0 21.27
21.86 21.24
23.0 21.36
23.0 21.11
23.0 20.93
21.86 21.31
21.86 21.15
23.0 20.99
23.0 21.08
21.86 21.35
21.86 21.06
23.0 20.73
23.0 20.98
21.86 21.21
23.0 21.21
23.0 21.14
23.0 21.34
23.0 21.29
23.0 21.45
21.86 20.94
23.0 21.37
23.0 21.41
21.86 21.02
23.0 21.33
21.86 21.13
23.0 21.06
21.86 21.32
23.0 20.86
23.0 21.28
23.0 21.06
21.86 21.13
21.86 21.19
21.86 20.95
23.0 21.41
23.0 21.01
23.0 21.19
23.0 21.04
23.0 20.89
23.0 20.98
23.0 21.05
23.0 21.15
23.0 21.01
23.0 21.1
23.0 20.88
21.86 20.96
21.86 21.25
21.86 21.34
23.0 21.29
23.0 21.22
23.0 21.23
23.0 21.06
23.0 21.21
23.0 20.94
23.0 20.96
21.86 21.05
23.0 21.16
23.0 21.14
23.0 20.98
23.0 21.26
23.0 21.19
21.86 21.19
21.86 21.15
23.0 21.17
23.0 21.02
23.0 20.93
23.0 21.03
23.0 21.24
23.0 21.13
23.0 21.18
23.0 21.04
23.0 20.97
21.86 20.99
23.0 20.94
23.0 20.98
24.14 21.16
23.0 21.3
23.0 20.95
23.0 21.01
23.0 20.97
23.0 21.06
23.0 20.98
23.0 21.12
23.0 20.98
23.0 20.78
23.0 20.96
23.0 21.13
23.0 21.04
23.0 21.05
23.0 20.89
23.0 21.18
23.0 20.94
23.0 21.13
23.0 21.2
23.0 21.28
23.0 21.3
23.0 21.13
23.0 20.96
23.0 21.12
23.0 20.88
23.0 21.09
23.0 21.36
23.0 21.25
23.0 21.07
23.0 20.99
23.0 20.92
23.0 21.09
23.0 20.88
23.0 20.94
24.14 21.21
23.0 21.09
23.0 21.05
23.0 20.94
23.0 21.2
23.0 21.15
23.0 20.8
23.0 21.07
23.0 21.27
23.0 21.17
23.0 21.04
23.0 21.4
23.0 21.1
23.0 20.81
23.0 20.83
23.0 21.01
23.0 21.2
23.0 21.14
23.0 20.93
23.0 21.2
23.0 20.8
23.0 20.81
23.0 21.14
23.0 20.88
23.0 21.13
23.0 20.99
23.0 21.06
23.0 21.06
23.0 21.02
23.0 21.01
23.0 21.17
23.0 21.05
23.0 20.89
23.0 21.04
23.0 20.98
23.0 20.94
23.0 20.97
23.0 21.0
23.0 20.88
23.0 21.2
23.0 20.86
23.0 21.13
23.0 20.79
23.0 21.15
23.0 20.75
23.0 21.04
23.0 20.99
23.0 20.85
23.0 21.08
23.0 21.12
23.0 21.13
23.0 20.95
24.14 20.88
23.0 21.19
23.0 21.0
23.0 20.93
23.0 20.99
24.14 21.01
23.0 20.75
23.0 20.88
23.0 20.91
23.0 20.97
23.0 21.02
23.0 21.05
24.14 20.97
23.0 20.98
23.0 21.01
23.0 20.85
24.14 20.78
23.0 21.05
24.14 21.09
24.14 20.96
23.0 20.85
24.14 20.99
24.14 20.78
24.14 20.83
23.0 20.81
24.14 20.94
24.14 20.75
24.14 20.86
24.14 20.76
23.0 20.93
23.0 21.01
24.14 21.13
24.14 20.88
23.0 20.96
24.14 21.02
23.0 20.67
24.14 21.01
24.14 20.85
24.14 20.86
24.14 20.99
23.0 20.97
24.14 20.96
24.14 20.91
24.14 21.05
23.0 21.0
24.14 20.81
24.14 21.14
24.14 20.99
24.14 20.8
24.14 21.16
23.0 20.81
24.14 21.0
23.0 20.73
24.14 20.75
23.0 21.08
24.14 20.96
24.14 21.01
23.0 20.87
24.14 20.94
23.0 21.13
23.0 20.84
23.0 20.94
24.14 20.96
24.14 20.85
23.0 20.88
24.14 20.77
23.0 20.85
23.0 20.9
24.14 21.06
24.14 21.08
24.14 20.77
23.0 20.81
23.0 20.94
24.14 20.73
23.0 21.0
24.14 20.78
23.0 20.75
24.14 20.91
24.14 20.94
24.14 20.9
24.14 20.99
24.14 20.65
24.14 20.94
24.14 20.71
23.0 20.79
24.14 20.85
23.0 20.69
24.14 20.94
24.14 20.7
24.14 21.02
23.0 21.03
24.14 20.69
24.14 20.85
24.14 20.77
24.14 20.93
24.14 20.93
24.14 20.71
24.14 21.07
24.14 20.72
24.14 20.85
23.0 21.04
23.0 20.92
24.14 21.11
24.14 20.88
24.14 20.73
24.14 21.13
23.0 20.99
24.14 20.88
24.14 20.8
23.0 20.83
24.14 20.81
24.14 20.7
24.14 20.88
24.14 20.83
24.14 20.77
24.14 20.77
24.14 20.86
24.14 20.55
25.28 20.83
24.14 20.79
24.14 20.86
24.14 20.92
24.14 20.69
24.14 20.69
24.14 20.91
24.14 20.88
24.14 20.86
24.14 20.67
24.14 20.93
24.14 20.88
24.14 20.76
24.14 20.93
24.14 20.8
24.14 20.88
24.14 20.65
24.14 20.89
24.14 20.83
24.14 20.8
24.14 20.75
24.14 21.04
24.14 20.82
23.0 20.86
24.14 20.68
24.14 20.75
24.14 20.57
24.14 20.94
24.14 21.05
24.14 20.89
25.28 20.65
24.14 21.14
23.0 20.61
24.14 20.81
24.14 20.99
24.14 20.84
24.14 20.72
24.14 20.88
24.14 20.95
24.14 20.65
24.14 20.67
23.0 20.61
24.14 20.72
24.14 20.75
24.14 20.5
24.14 20.7
24.14 20.58
24.14 20.51
24.14 20.9
24.14 20.83
24.14 20.78
25.28 20.91
24.14 20.69
24.14 20.77
24.14 20.78
24.14 20.89
24.14 20.64
23.0 20.69
24.14 20.74
24.14 20.95
24.14 20.71
24.14 20.76
24.14 20.56
24.14 20.93
24.14 20.77
24.14 20.54
24.14 20.68
24.14 20.36
24.14 20.78
24.14 20.99
24.14 20.82
24.14 20.73
25.28 20.78
24.14 20.66
24.14 20.57
24.14 20.62
25.28 20.74
24.14 20.86
24.14 20.77
24.14 20.91
24.14 20.85
24.14 20.7
24.14 20.83
24.14 20.76
23.0 20.86
24.14 20.8
24.14 20.97
24.14 20.65
24.14 20.67
24.14 20.72
23.0 20.8
24.14 20.75
24.14 20.89
24.14 20.7
24.14 20.87
24.14 20.6
24.14 20.78
24.14 20.57
24.14 20.91
24.14 20.83
24.14 20.72
24.14 20.74
24.14 20.72
24.14 20.46
24.14 20.72
24.14 20.51
24.14 20.88
24.14 20.92
24.14 20.75
24.14 20.78
24.14 20.81
24.14 20.76
24.14 20.62
24.14 20.59
24.14 20.54
25.28 20.48
24.14 20.82
24.14 20.75
24.14 20.82
24.14 20.63
24.14 20.81
24.14 20.73
25.28 20.91
24.14 20.7
25.28 20.83
24.14 20.8
25.28 20.64
24.14 20.85
24.14 20.51
25.28 20.76
24.14 20.67
25.28 20.61
25.28 20.85
25.28 20.67
24.14 20.73
24.14 20.49
24.14 20.61
25.28 20.89
24.14 20.75
25.28 20.68
25.28 20.62
24.14 20.26
24.14 20.64
24.14 20.62
25.28 20.56
25.28 20.52
24.14 20.64
24.14 20.53
24.14 20.84
25.28 20.67
24.14 20.62
24.14 20.92
24.14 20.98
25.28 20.59
24.14 20.63
25.28 20.69
24.14 20.81
24.14 20.66
25.28 20.75
24.14 20.72
24.14 20.75
25.28 20.76
25.28 21.0
24.14 20.82
25.28 20.73
25.28 20.53
24.14 20.72
25.28 20.63
25.28 20.57
25.28 20.59
24.14 20.77
25.28 20.61
25.28 20.67
24.14 20.56
24.14 20.56
24.14 20.78
24.14 20.51
24.14 20.79
25.28 20.56
25.28 20.44
25.28 20.79
25.28 20.65
25.28 20.54
25.28 20.57
25.28 20.69
25.28 20.46
25.28 20.67
24.14 20.43
25.28 20.22
25.28 20.57
24.14 20.51
25.28 20.57
25.28 20.82
24.14 20.59
24.14 20.53
24.14 20.73
25.28 20.87
25.28 20.61
25.28 20.83
25.28 20.85
25.28 20.81
25.28 20.54
25.28 20.41
24.14 20.75
25.28 20.57
25.28 20.66
25.28 20.68
25.28 20.62
25.28 20.59
25.28 20.65
25.28 20.56
25.28 20.43
25.28 20.66
25.28 20.69
25.28 20.69
25.28 20.57
25.28 20.46
24.14 20.52
25.28 20.91
25.28 20.78
25.28 20.73
25.28 20.81
25.28 20.64
25.28 20.75
25.28 20.7
25.28 20.48
24.14 20.57
25.28 20.53
25.28 20.65
25.28 20.73
25.28 20.45
24.14 20.47
25.28 20.81
25.28 20.73
25.28 20.81
25.28 20.71
25.28 20.64
25.28 20.81
25.28 20.59
25.28 20.65
25.28 20.43
25.28 20.44
25.28 20.79
25.28 20.46
25.28 20.69
25.28 20.43
25.28 20.81
25.28 20.61
25.28 20.46
25.28 20.79
25.28 20.6
24.14 20.64
25.28 20.56
25.28 20.4
25.28 20.67
25.28 20.44
25.28 20.44
25.28 20.43
24.14 20.81
25.28 20.53
24.14 20.73
25.28 20.7
24.14 20.62
25.28 20.57
25.28 20.41
25.28 20.65
25.28 20.45
25.28 20.73
25.28 20.7
25.28 20.49
25.28 20.44
25.28 20.44
25.28 20.58
25.28 20.64
25.28 20.73
25.28 20.61
25.28 20.61
25.28 20.78
25.28 20.35
25.28 20.49
25.28 20.63
26.42 20.38
25.28 20.57
25.28 20.67
25.28 20.59
25.28 20.5
25.28 20.5
25.28 20.54
25.28 20.46
25.28 20.52
26.42 20.64
24.14 20.3
25.28 20.62
25.28 20.7
25.28 20.25
25.28 20.59
25.28 20.37
25.28 20.59
24.14 20.31
25.28 20.56
25.28 20.31
25.28 20.44
25.28 20.58
25.28 20.58
25.28 20.45
25.28 20.53
25.28 20.35
25.28 20.55
25.28 20.37
26.42 20.5
25.28 20.51
25.28 20.22
25.28 20.61
25.28 20.66
25.28 20.67
25.28 20.46
25.28 20.37
25.28 20.57
25.28 20.63
25.28 20.57
25.28 20.41
25.28 20.62
25.28 20.54
25.28 20.51
25.28 20.45
25.28 20.55
25.28 20.54
25.28 20.69
25.28 20.45
25.28 20.55
25.28 20.62
25.28 20.36
25.28 20.69
25.28 20.56
25.28 20.44
25.28 20.5
26.42 20.24
25.28 20.59
25.28 20.81
25.28 20.68
25.28 20.56
25.28 20.49
25.28 20.21
25.28 20.71
25.28 20.37
25.28 20.4
25.28 20.48
25.28 20.53
25.28 20.51
25.28 20.64
25.28 20.51
25.28 20.36
25.28 20.46
25.28 20.33
25.28 20.49
25.28 20.37
25.28 20.45
25.28 20.45
25.28 20.81
25.28 20.79
25.28 20.52
25.28 20.61
26.42 20.74
25.28 20.4
26.42 20.53
25.28 20.79
25.28 20.67
25.28 20.28
25.28 20.38
25.28 20.21
25.28 20.56
25.28 20.7
25.28 20.56
25.28 20.44
25.28 20.38
25.28 20.55
25.28 20.59
25.28 20.37
25.28 20.46
25.28 20.44
25.28 20.57
25.28 20.6
26.42 20.53
25.28 20.44
25.28 20.46
25.28 20.26
26.42 20.6
25.28 20.81
25.28 20.57
26.42 20.39
25.28 20.46
25.28 20.51
25.28 20.4
25.28 20.54
25.28 20.56
25.28 20.33
25.28 20.37
25.28 20.31
26.42 20.61
25.28 20.32
25.28 20.67
25.28 20.38
26.42 20.37
25.28 20.44
26.42 20.68
25.28 20.59
25.28 20.59
26.42 20.78
26.42 20.51
26.42 20.58
26.42 20.51
25.28 20.46
26.42 20.3
26.42 20.56
26.42 20.29
25.28 20.14
25.28 20.54
26.42 20.25
26.42 20.48
26.42 20.52
26.42 20.26
25.28 20.58
25.28 20.24
26.42 20.32
25.28 20.33
25.28 20.42
25.28 20.51
25.28 20.43
25.28 20.52
26.42 20.35
25.28 20.65
25.28 20.59
25.28 20.57
26.42 20.59
26.42 20.46
25.28 20.72
25.28 20.62
26.42 20.32
26.42 20.3
25.28 20.3
26.42 20.56
25.28 20.54
25.28 20.35
25.28 20.24
25.28 20.45
26.42 20.16
26.42 20.39
25.28 20.41
26.42 20.32
25.28 20.17
25.28 20.4
25.28 20.49
25.28 20.48
25.28 20.43
25.28 20.46
25.28 20.49
25.28 20.22
26.42 20.48
26.42 20.19
25.28 19.93
25.28 20.37
26.42 20.27
26.42 20.33
25.28 20.41
26.42 20.49
26.42 20.43
25.28 20.46
25.28 20.52
25.28 20.48
26.42 20.59
26.42 20.31
25.28 20.64
26.42 20.38
26.42 20.09
26.42 20.56
25.28 20.62
25.28 20.26
25.28 20.27
26.42 20.4
26.42 20.4
26.42 20.46
26.42 20.43
26.42 20.17
26.42 20.33
26.42 20.35
25.28 20.36
26.42 20.38
25.28 20.53
25.28 20.33
26.42 20.4
25.28 20.4
26.42 20.32
26.42 20.32
26.42 20.14
26.42 20.49
26.42 20.24
25.28 20.24
25.28 20.51
26.42 20.34
26.42 20.62
25.28 20.13
26.42 20.38
26.42 20.15
26.42 20.09
25.28 20.34
26.42 20.2
26.42 20.18
26.42 20.01
25.28 20.26
26.42 20.45
25.28 20.19
26.42 20.27
25.28 20.53
26.42 20.19
26.42 20.32
26.42 20.28
26.42 20.56
26.42 20.13
26.42 20.24
26.42 20.31
26.42 20.39
26.42 20.3
26.42 20.55
25.28 20.24
26.42 20.38
26.42 20.07
25.28 20.45
26.42 20.4
26.42 20.3
26.42 20.23
25.28 20.17
26.42 20.33
26.42 20.27
25.28 20.24
26.42 20.4
26.42 20.13
26.42 20.33
25.28 20.34
26.42 20.45
25.28 20.32
26.42 20.37
26.42 20.51
26.42 20.46
26.42 20.35
25.28 20.2
25.28 20.37
25.28 20.15
26.42 20.33
25.28 20.33
26.42 20.44
26.42 20.27
26.42 20.17
25.28 20.21
26.42 20.3
25.28 20.25
26.42 20.37
26.42 20.29
26.42 20.25
26.42 20.26
25.28 20.19
26.42 20.23
25.28 20.32
26.42 20.46
26.42 20.62
26.42 20.4
26.42 20.41
26.42 20.21
26.42 20.39
26.42 20.35
25.28 20.08
26.42 20.18
26.42 20.18
26.42 20.06
26.42 20.4
26.42 20.25
25.28 20.17
26.42 20.16
26.42 20.3
26.42 20.38
26.42 20.56
26.42 20.41
26.42 20.35
26.42 20.52
26.42 20.28
26.42 20.41
26.42 20.29
26.42 20.22
26.42 20.25
26.42 20.38
26.42 20.51
26.42 20.17
26.42 20.24
25.28 20.16
26.42 20.24
26.42 20.32
26.42 20.37
26.42 20.29
26.42 20.38
26.42 20.29
26.42 20.02
26.42 20.4
26.42 20.3
26.42 20.26
26.42 20.3
26.42 20.0
26.42 20.28
26.42 20.4
26.42 20.48
26.42 20.03
26.42 20.35
26.42 20.13
26.42 20.0
26.42 20.59
26.42 20.22
26.42 20.18
26.42 20.38
26.42 20.25
26.42 20.13
26.42 20.33
26.42 20.3
26.42 20.44
26.42 20.13
26.42 20.19
26.42 20.46
26.42 20.33
26.42 20.33
26.42 20.21
26.42 20.19
26.42 20.37
26.42 20.06
25.28 20.56
26.42 20.21
26.42 20.29
27.56 20.23
27.56 19.96
26.42 20.48
26.42 20.17
26.42 20.21
26.42 19.97
25.28 20.33
26.42 20.33
26.42 20.22
26.42 20.31
26.42 20.21
26.42 20.33
26.42 20.24
26.42 20.36
26.42 19.99
26.42 20.37
26.42 20.21
26.42 20.1
25.28 20.27
26.42 20.19
26.42 20.43
26.42 20.22
25.28 20.21
26.42 20.32
26.42 20.29
25.28 20.21
26.42 20.25
27.56 20.14
26.42 20.21
26.42 20.3
26.42 20.32
26.42 20.45
26.42 20.3
26.42 20.2
26.42 20.24
26.42 20.46
26.42 20.29
26.42 20.48
26.42 20.4
26.42 20.25
26.42 20.38
27.56 20.37
26.42 20.2
26.42 20.32
26.42 20.17
26.42 20.22
26.42 20.17
26.42 20.3
26.42 20.08
26.42 20.13
26.42 20.29
26.42 20.49
26.42 20.31
26.42 20.02
26.42 20.25
26.42 20.21
27.56 19.99
26.42 20.09
26.42 20.34
27.56 20.25
26.42 20.08
26.42 19.85
26.42 20.03
26.42 20.21
26.42 20.29
26.42 20.22
26.42 20.13
26.42 20.14
26.42 20.3
26.42 20.36
26.42 20.3
27.56 19.98
26.42 20.27
26.42 20.29
26.42 20.18
26.42 20.05
25.28 20.21
26.42 20.48
26.42 19.86
27.56 19.98
27.56 20.1
26.42 20.23
26.42 20.27
26.42 20.04
26.42 20.13
26.42 20.24
26.42 20.15
27.56 20.08
26.42 20.37
26.42 20.29
26.42 20.22
26.42 20.14
26.42 20.07
26.42 19.97
26.42 19.95
26.42 20.06
26.42 20.11
26.42 20.24
26.42 20.42
26.42 19.97
26.42 20.19
27.56 20.09
26.42 20.0
26.42 20.38
26.42 19.93
27.56 20.27
26.42 20.28
26.42 20.16
26.42 19.98
27.56 20.31
26.42 19.98
27.56 20.04
27.56 20.14
26.42 20.14
26.42 20.3
27.56 20.14
26.42 20.02
27.56 20.03
26.42 20.07
26.42 20.28
26.42 20.06
26.42 20.03
26.42 20.09
27.56 20.09
26.42 20.1
27.56 20.37
27.56 19.93
26.42 20.03
26.42 20.13
27.56 20.25
26.42 20.27
27.56 20.3
27.56 20.01
26.42 20.29
27.56 20.47
26.42 20.07
27.56 19.98
26.42 20.33
26.42 20.17
26.42 20.12
26.42 20.19
27.56 20.06
26.42 20.14
27.56 20.12
26.42 20.25
26.42 20.0
27.56 20.08
27.56 20.31
26.42 20.37
27.56 20.1
26.42 20.4
27.56 20.25
26.42 19.99
27.56 20.31
26.42 20.07
27.56 20.09
27.56 20.14
27.56 20.07
26.42 19.92
26.42 20.07
27.56 20.2
27.56 20.09
26.42 20.2
26.42 20.19
27.56 20.17
26.42 20.25
26.42 20.24
26.42 20.29
26.42 19.99
26.42 20.19
27.56 20.22
26.42 20.08
27.56 19.9
26.42 20.45
26.42 20.07
26.42 20.08
26.42 20.13
26.42 20.15
26.42 20.16
27.56 19.89
26.42 20.14
27.56 19.94
27.56 20.41
27.56 20.41
26.42 20.19
26.42 20.21
27.56 20.25
26.42 20.12
26.42 20.08
26.42 19.83
26.42 20.11
27.56 20.25
26.42 20.11
26.42 20.16
26.42 20.17
27.56 19.79
26.42 20.06
27.56 20.06
27.56 20.09
26.42 20.08
27.56 20.18
26.42 19.99
27.56 20.22
27.56 20.08
27.56 20.01
26.42 20.47
27.56 20.01
27.56 20.13
27.56 20.18
27.56 20.16
26.42 19.92
27.56 20.13
27.56 19.92
26.42 20.31
26.42 19.97
27.56 20.25
26.42 20.03
26.42 19.96
27.56 20.25
27.56 20.17
27.56 20.05
27.56 19.98
27.56 20.17
26.42 20.03
26.42 20.16
27.56 20.03
27.56 20.27
26.42 19.97
27.56 20.07
26.42 20.32
27.56 20.2
27.56 20.21
27.56 20.12
27.56 20.08
26.42 19.97
27.56 19.89
26.42 20.09
26.42 20.09
26.42 19.84
26.42 20.24
27.56 19.96
27.56 20.09
26.42 20.1
26.42 19.77
27.56 20.24
27.56 20.08
27.56 20.37
27.56 20.15
26.42 20.06
27.56 19.82
26.42 20.17
26.42 20.23
26.42 20.19
26.42 20.02
27.56 20.1
27.56 19.99
27.56 20.1
27.56 20.01
27.56 19.96
26.42 19.81
27.56 20.07
26.42 20.12
26.42 19.92
26.42 20.11
27.56 19.66
27.56 20.14
27.56 20.22
26.42 20.21
27.56 20.3
26.42 20.08
27.56 20.06
27.56 20.02
27.56 19.97
26.42 19.88
27.56 20.11
27.56 20.24
27.56 19.94
27.56 19.95
27.56 19.85
27.56 20.18
26.42 19.88
26.42 20.16
27.56 20.08
27.56 20.17
27.56 20.29
27.56 20.05
27.56 20.1
26.42 20.14
27.56 19.93
26.42 20.16
26.42 19.74
27.56 20.0
26.42 19.9
27.56 19.68
27.56 19.88
26.42 20.23
27.56 20.13
27.56 20.22
27.56 19.92
26.42 19.97
27.56 19.81
27.56 20.17
27.56 19.93
27.56 20.08
27.56 19.98
27.56 19.79
27.56 19.97
27.56 20.09
27.56 19.71
27.56 20.57
27.56 20.02
27.56 19.74
27.56 20.11
27.56 20.07
26.42 19.97
27.56 20.05
27.56 20.1
27.56 20.03
27.56 20.13
27.56 20.09
27.56 19.92
27.56 20.17
27.56 20.02
27.56 20.12
27.56 19.9
27.56 19.92
27.56 19.94
27.56 20.03
27.56 19.92
27.56 19.95
27.56 19.99
27.56 20.33
27.56 20.2
27.56 20.08
27.56 20.01
27.56 19.98
27.56 19.98
27.56 19.98
27.56 20.08
27.56 20.01
27.56 20.03
27.56 19.98
27.56 19.97
27.56 19.82
26.42 20.1
27.56 19.98
27.56 19.82
27.56 19.97
27.56 20.17
27.56 20.19
27.56 19.9
27.56 19.94
26.42 19.97
26.42 20.17
26.42 20.17
27.56 20.19
26.42 20.15
27.56 20.09
28.7 19.88
26.42 20.05
27.56 19.95
27.56 19.97
27.56 19.96
27.56 20.09
26.42 19.87
27.56 19.94
27.56 20.22
26.42 20.05
27.56 20.08
27.56 19.97
26.42 20.12
27.56 20.16
27.56 19.99
27.56 19.69
27.56 20.17
27.56 19.94
27.56 19.98
28.7 19.67
27.56 20.13
27.56 19.94
27.56 20.0
27.56 20.0
26.42 20.08
27.56 20.09
27.56 20.2
27.56 20.05
27.56 20.14
27.56 19.84
27.56 19.98
27.56 20.05
27.56 20.13
27.56 19.83
27.56 19.98
27.56 19.76
27.56 19.9
27.56 19.9
27.56 20.16
27.56 19.85
27.56 19.69
27.56 19.73
27.56 19.99
27.56 19.87
27.56 19.79
28.7 19.9
27.56 19.84
27.56 19.92
26.42 19.95
27.56 20.13
27.56 19.93
27.56 19.87
27.56 20.03
27.56 19.98
27.56 19.91
27.56 19.9
27.56 19.71
27.56 20.16
27.56 20.07
27.56 20.0
27.56 19.94
27.56 20.05
27.56 20.22
27.56 19.68
27.56 19.9
27.56 19.89
27.56 19.9
27.56 20.11
27.56 19.74
27.56 19.88
27.56 19.88
27.56 19.82
27.56 20.09
27.56 20.01
27.56 19.99
27.56 19.9
27.56 19.95
27.56 19.94
27.56 19.96
27.56 20.04
27.56 19.87
27.56 20.09
27.56 19.71
27.56 19.9
27.56 19.92
28.7 20.02
27.56 19.98
27.56 19.84
27.56 19.82
27.56 19.95
27.56 19.9
27.56 19.98
27.56 19.97
27.56 19.93
27.56 19.93
27.56 19.86
27.56 19.93
27.56 19.76
27.56 20.03
27.56 19.85
26.42 20.29
27.56 20.01
27.56 19.95
27.56 19.99
27.56 20.09
27.56 19.86
27.56 19.99
27.56 20.09
27.56 20.17
27.56 20.04
27.56 20.0
27.56 19.88
27.56 19.93
27.56 19.85
27.56 19.93
27.56 20.05
27.56 20.01
27.56 19.92
27.56 20.1
27.56 19.9
27.56 19.76
28.7 19.92
27.56 19.76
27.56 20.06
27.56 19.95
27.56 19.96
28.7 19.92
27.56 19.82
27.56 20.02
27.56 19.88
27.56 19.78
27.56 19.88
28.7 19.95
28.7 19.91
27.56 20.01
27.56 19.79
27.56 20.22
27.56 20.04
28.7 19.93
27.56 20.1
27.56 19.8
27.56 20.03
27.56 19.87
27.56 20.02
27.56 19.82
28.7 19.99
27.56 20.05
28.7 20.06
27.56 19.97
28.7 19.69
27.56 19.73
27.56 19.94
27.56 19.61
27.56 19.84
27.56 20.06
27.56 19.97
27.56 20.03
27.56 19.93
27.56 20.05
27.56 20.0
27.56 20.02
27.56 20.07
27.56 19.58
27.56 20.25
28.7 19.97
27.56 19.99
27.56 20.03
27.56 19.82
28.7 19.77
27.56 19.95
27.56 19.9
27.56 19.88
28.7 19.91
27.56 19.91
27.56 19.57
27.56 20.08
28.7 19.97
28.7 19.76
27.56 20.01
27.56 19.82
28.7 19.76
27.56 20.0
27.56 20.02
27.56 20.0
28.7 19.92
27.56 20.14
27.56 19.52
28.7 20.03
27.56 20.17
27.56 19.92
28.7 20.22
27.56 19.85
27.56 19.89
27.56 20.11
27.56 19.93
27.56 19.98
27.56 20.14
27.56 19.76
27.56 19.92
27.56 20.0
27.56 19.9
27.56 19.79
27.56 19.93
28.7 19.85
27.56 20.11
28.7 19.89
28.7 19.95
27.56 19.97
28.7 19.83
28.7 19.94
27.56 20.03
27.56 19.84
27.56 19.84
27.56 19.75
27.56 19.81
27.56 19.88
27.56 19.85
27.56 19.65
27.56 19.82
27.56 19.92
28.7 19.95
27.56 20.03
27.56 19.83
28.7 19.82
28.7 20.13
28.7 19.89
27.56 19.87
27.56 19.93
27.56 20.0
28.7 19.8
27.56 19.81
27.56 20.12
27.56 20.0
28.7 20.13
27.56 20.0
28.7 19.97
27.56 19.63
27.56 19.76
28.7 19.76
27.56 19.66
28.7 19.77
27.56 20.03
27.56 19.85
27.56 19.76
28.7 19.64
27.56 19.87
27.56 19.66
28.7 19.89
28.7 19.93
27.56 20.0
28.7 19.9
27.56 19.66
28.7 19.62
27.56 20.02
28.7 19.75
27.56 19.81
27.56 19.76
27.56 19.68
28.7 19.92
27.56 20.06
27.56 19.84
28.7 19.77
28.7 19.89
27.56 19.96
27.56 19.68
27.56 19.75
28.7 19.92
28.7 19.9
28.7 19.81
27.56 20.08
27.56 19.85
28.7 19.87
28.7 19.95
27.56 19.79
28.7 19.89
28.7 20.11
28.7 20.07
28.7 19.9
26.42 19.63
28.7 19.88
28.7 19.83
28.7 19.68
28.7 20.01
27.56 19.98
28.7 19.69
28.7 19.98
27.56 19.8
27.56 19.74
28.7 20.16
27.56 19.74
27.56 20.05
27.56 19.95
28.7 19.83
27.56 19.98
28.7 19.69
27.56 19.9
27.56 20.01
28.7 19.74
27.56 19.95
28.7 20.2
28.7 19.88
28.7 19.69
27.56 19.69
27.56 19.84
27.56 20.01
28.7 19.7
27.56 20.03
27.56 19.55
28.7 19.93
28.7 20.0
27.56 19.87
28.7 19.79
27.56 19.95
28.7 20.24
27.56 19.81
27.56 19.89
27.56 19.79
28.7 19.95
27.56 19.82
28.7 19.97
27.56 19.79
28.7 19.74
28.7 19.71
27.56 19.74
28.7 19.79
28.7 19.69
28.7 19.77
28.7 19.98
28.7 19.81
28.7 19.97
27.56 19.85
28.7 19.74
28.7 19.8
28.7 19.79
28.7 19.78
27.56 19.65
28.7 19.89
28.7 19.61
27.56 19.76
28.7 19.95
28.7 19.72
28.7 19.91
27.56 19.97
28.7 19.92
28.7 19.73
28.7 19.86
27.56 19.79
28.7 19.67
27.56 19.76
28.7 19.79
27.56 20.01
27.56 19.8
28.7 19.71
28.7 19.93
28.7 19.84
28.7 19.87
28.7 19.83
28.7 19.83
27.56 19.62
28.7 20.06
27.56 19.77
29.84 19.88
28.7 19.72
28.7 19.48
28.7 19.73
27.56 19.79
28.7 19.9
28.7 19.74
27.56 19.7
28.7 19.71
28.7 19.77
28.7 19.57
28.7 19.73
28.7 19.69
28.7 19.8
27.56 19.71
28.7 19.6
27.56 20.09
28.7 19.96
28.7 19.65
27.56 19.82
28.7 19.72
28.7 19.96
28.7 19.89
28.7 19.66
28.7 20.24
28.7 19.77
28.7 19.95
28.7 19.92
28.7 20.0
28.7 19.81
28.7 19.52
27.56 19.65
27.56 19.57
28.7 19.62
27.56 19.73
28.7 19.84
27.56 19.95
28.7 19.74
28.7 19.76
27.56 19.84
27.56 19.69
27.56 19.65
27.56 19.67
28.7 19.87
28.7 19.66
28.7 20.11
28.7 19.55
27.56 19.82
27.56 19.72
28.7 19.77
28.7 19.8
28.7 19.61
28.7 19.89
28.7 19.96
27.56 19.89
27.56 19.63
28.7 19.84
28.7 19.65
28.7 20.05
28.7 20.09
28.7 19.67
28.7 19.95
28.7 20.15
28.7 20.03
28.7 19.92
28.7 19.77
28.7 19.8
28.7 19.77
28.7 19.82
28.7 19.97
27.56 19.69
27.56 19.91
28.7 19.82
28.7 19.73
28.7 20.0
28.7 19.6
28.7 19.64
28.7 19.84
28.7 19.88
28.7 19.71
28.7 19.85
28.7 19.82
28.7 19.87
27.56 19.84
28.7 19.76
28.7 19.78
28.7 19.78
28.7 19.64
28.7 19.79
28.7 19.89
28.7 19.69
28.7 19.79
28.7 20.05
28.7 19.6
28.7 19.54
28.7 19.43
28.7 19.81
28.7 19.57
28.7 19.85
28.7 19.53
28.7 19.74
28.7 19.68
27.56 19.99
28.7 19.84
28.7 19.98
28.7 19.74
28.7 19.73
28.7 19.75
28.7 19.69
28.7 19.73
28.7 20.0
28.7 19.87
28.7 19.9
27.56 19.65
28.7 19.89
28.7 20.04
27.56 19.76
28.7 19.5
28.7 19.6
28.7 19.64
28.7 19.77
28.7 19.83
28.7 19.96
27.56 19.87
28.7 19.92
27.56 19.73
28.7 19.81
28.7 19.6
28.7 19.84
27.56 19.6
28.7 19.85
28.7 19.81
28.7 19.97
28.7 19.77
28.7 19.92
28.7 19.63
28.7 19.85
28.7 19.94
27.56 19.77
28.7 19.52
28.7 19.76
28.7 19.95
28.7 19.46
28.7 19.73
28.7 19.66
28.7 19.87
28.7 20.14
28.7 19.63
28.7 19.61
28.7 19.81
28.7 19.71
28.7 20.0
28.7 19.5
28.7 19.79
28.7 19.69
28.7 19.9
28.7 19.98
29.84 19.82
28.7 19.77
28.7 19.47
27.56 19.74
28.7 20.01
28.7 19.44
28.7 19.84
28.7 19.62
28.7 19.61
28.7 19.38
28.7 19.53
28.7 19.77
28.7 19.94
28.7 19.74
28.7 19.61
28.7 19.83
28.7 19.82
28.7 19.79
28.7 19.94
28.7 19.83
28.7 19.79
28.7 19.89
27.56 19.69
28.7 19.9
28.7 19.66
28.7 19.94
28.7 19.57
27.56 19.65
28.7 19.74
28.7 19.77
28.7 19.81
28.7 20.14
28.7 19.58
28.7 19.95
28.7 19.69
27.56 19.74
28.7 19.79
28.7 19.58
28.7 19.7
28.7 19.6
28.7 20.01
28.7 19.8
28.7 19.85
28.7 19.74
28.7 19.71
28.7 19.71
28.7 20.05
28.7 19.71
28.7 19.6
28.7 19.74
28.7 19.84
28.7 19.84
28.7 19.76
28.7 19.5
28.7 19.73
28.7 19.48
28.7 19.51
28.7 19.74
28.7 19.56
28.7 19.81
28.7 19.95
28.7 19.93
28.7 19.6
28.7 19.68
28.7 19.48
28.7 19.91
28.7 19.34
28.7 19.77
28.7 19.94
28.7 19.85
28.7 19.97
28.7 19.9
28.7 19.52
28.7 19.75
28.7 19.89
28.7 19.74
28.7 19.76
28.7 19.73
28.7 19.65
28.7 19.46
29.84 20.07
28.7 19.87
29.84 19.68
28.7 19.56
28.7 19.61
28.7 19.57
28.7 19.77
28.7 19.76
28.7 19.64
28.7 19.72
28.7 19.65
28.7 19.63
28.7 19.77
29.84 19.77
28.7 19.58
28.7 19.6
28.7 19.79
28.7 19.68
28.7 19.79
28.7 19.72
28.7 19.58
29.84 19.71
28.7 19.53
28.7 19.65
28.7 19.71
28.7 19.65
28.7 19.89
28.7 19.92
28.7 19.75
29.84 19.61
28.7 19.84
28.7 19.5
28.7 19.77
27.56 19.63
28.7 19.79
28.7 19.85
28.7 19.86
28.7 19.66
28.7 19.73
28.7 19.76
28.7 19.55
28.7 19.82
28.7 19.67
28.7 19.69
28.7 19.65
28.7 19.71
28.7 19.61
28.7 19.53
28.7 19.66
28.7 19.78
28.7 19.55
28.7 19.73
28.7 19.81
28.7 19.57
29.84 19.82
28.7 19.72
28.7 19.66
28.7 19.82
28.7 19.56
29.84 19.7
28.7 19.66
29.84 19.72
28.7 19.79
28.7 19.6
28.7 19.5
28.7 19.47
28.7 19.76
28.7 19.77
28.7 19.76
28.7 19.53
28.7 19.87
28.7 19.77
28.7 19.8
29.84 19.63
28.7 19.74
28.7 19.86
27.56 19.87
28.7 19.65
28.7 19.5
28.7 19.75
28.7 19.88
28.7 19.76
28.7 19.61
29.84 19.69
28.7 19.81
28.7 19.45
28.7 19.77
29.84 19.59
28.7 19.62
28.7 19.54
28.7 19.54
28.7 19.6
28.7 20.01
28.7 19.76
28.7 19.65
28.7 19.42
28.7 19.66
28.7 19.77
28.7 19.81
28.7 19.58
28.7 19.63
28.7 19.45
28.7 19.75
28.7 19.71
28.7 19.45
28.7 19.82
29.84 19.7
28.7 19.77
28.7 19.6
28.7 19.69
28.7 19.64
28.7 19.65
28.7 19.84
28.7 19.44
28.7 19.76
29.84 19.74
28.7 19.78
28.7 19.68
28.7 19.9
28.7 19.69
28.7 19.8
28.7 19.66
28.7 19.76
28.7 19.52
28.7 19.81
29.84 19.63
28.7 19.8
29.84 19.7
28.7 19.69
29.84 19.74
28.7 19.61
28.7 19.38
28.7 19.69
28.7 19.8
28.7 19.58
28.7 19.75
28.7 19.58
28.7 19.58
28.7 19.52
28.7 19.65
28.7 19.73
28.7 19.76
28.7 19.71
28.7 19.57
28.7 19.64
28.7 19.74
28.7 19.57
28.7 19.68
28.7 19.66
28.7 19.47
28.7 19.72
28.7 19.95
29.84 19.58
28.7 19.87
28.7 19.53
28.7 19.57
29.84 19.8
28.7 19.5
28.7 19.58
28.7 19.56
28.7 19.5
28.7 19.83
29.84 19.77
28.7 19.61
28.7 19.85
28.7 19.44
28.7 19.66
29.84 19.71
28.7 19.68
28.7 19.76
28.7 19.66
29.84 19.44
28.7 19.44
28.7 19.81
28.7 19.92
28.7 19.58
28.7 19.87
28.7 19.73
28.7 19.53
28.7 19.6
28.7 19.71
28.7 19.74
28.7 19.81
28.7 19.66
28.7 19.73
29.84 19.51
29.84 19.59
28.7 19.51
28.7 19.46
28.7 19.46
28.7 19.75
29.84 19.71
28.7 19.5
28.7 19.68
29.84 19.61
28.7 19.68
28.7 19.81
28.7 19.65
29.84 19.98
28.7 19.66
28.7 19.52
28.7 19.69
28.7 19.73
28.7 19.61
28.7 19.66
28.7 19.59
28.7 19.91
28.7 19.46
28.7 19.62
28.7 19.79
28.7 19.58
28.7 19.72
29.84 19.67
29.84 19.41
28.7 19.49
29.84 19.41
28.7 19.49
28.7 19.52
28.7 19.45
28.7 19.73
29.84 19.96
28.7 19.56
28.7 19.5
29.84 19.57
29.84 19.84
29.84 19.41
29.84 19.81
28.7 19.7
29.84 19.49
29.84 19.58
29.84 19.43
29.84 19.61
28.7 19.52
29.84 19.79
28.7 19.68
29.84 19.59
28.7 19.5
28.7 19.78
29.84 19.58
28.7 19.54
29.84 19.37
29.84 19.69
28.7 19.67
29.84 19.63
29.84 19.84
28.7 19.66
29.84 19.71
28.7 19.53
28.7 19.9
29.84 19.82
28.7 19.41
29.84 19.57
28.7 19.62
28.7 19.39
29.84 19.78
28.7 19.55
28.7 19.68
28.7 19.55
28.7 19.63
29.84 19.91
28.7 19.58
28.7 19.53
28.7 19.81
28.7 19.69
28.7 19.66
28.7 19.65
28.7 19.32
29.84 19.79
28.7 19.64
28.7 19.73
28.7 19.65
28.7 19.65
28.7 19.46
29.84 19.68
29.84 19.56
28.7 19.6
28.7 19.65
28.7 19.67
29.84 19.52
28.7 19.57
28.7 19.63
29.84 19.73
29.84 19.69
29.84 19.7
28.7 19.58
28.7 19.69
28.7 19.66
29.84 19.75
29.84 19.54
29.84 19.44
29.84 19.66
28.7 19.59
28.7 19.32
29.84 19.48
28.7 19.58
28.7 19.81
28.7 19.58
28.7 19.87
28.7 19.41
28.7 19.53
29.84 19.82
29.84 19.53
28.7 19.47
28.7 19.68
29.84 19.61
29.84 19.52
28.7 19.7
28.7 19.56
29.84 19.42
29.84 19.57
29.84 19.71
29.84 19.4
28.7 19.63
28.7 19.55
28.7 19.6
29.84 19.61
28.7 19.65
29.84 19.45
29.84 19.28
28.7 19.71
28.7 19.56
28.7 19.77
28.7 19.71
28.7 19.52
29.84 19.58
28.7 19.68
29.84 19.74
28.7 19.58
28.7 19.71
28.7 19.41
28.7 19.53
29.84 19.55
28.7 19.75
29.84 19.65
29.84 19.73
29.84 19.58
29.84 19.37
28.7 19.73
29.84 19.66
29.84 19.72
28.7 19.44
28.7 19.61
29.84 19.69
28.7 19.4
29.84 19.73
28.7 19.74
28.7 19.45
29.84 19.62
29.84 19.45
29.84 19.33
28.7 19.34
28.7 19.49
28.7 19.43
28.7 19.81
29.84 19.44
28.7 19.66
29.84 19.84
28.7 19.66
29.84 19.61
28.7 19.66
29.84 19.74
29.84 19.34
28.7 19.42
28.7 19.5
28.7 19.63
29.84 19.79
29.84 19.51
29.84 19.5
28.7 19.63
29.84 19.49
29.84 19.58
29.84 19.58
29.84 19.52
29.84 19.47
29.84 19.74
28.7 19.57
29.84 19.63
29.84 19.6
28.7 19.76
29.84 19.83
29.84 19.88
29.84 19.63
29.84 19.78
29.84 19.28
29.84 19.61
29.84 19.56
28.7 19.45
29.84 19.61
29.84 19.57
29.84 19.44
28.7 19.84
29.84 19.46
29.84 19.49
29.84 19.49
29.84 19.63
29.84 19.42
29.84 19.64
29.84 19.59
29.84 19.23
28.7 19.5
29.84 19.57
29.84 19.37
29.84 19.39
28.7 19.75
28.7 19.67
28.7 19.6
29.84 19.7
29.84 19.66
29.84 19.41
28.7 19.62
29.84 19.46
29.84 19.46
28.7 19.5
28.7 19.66
28.7 19.55
29.84 19.71
29.84 19.6
28.7 19.86
28.7 19.42
29.84 19.49
29.84 19.55
28.7 19.61
29.84 19.42
29.84 19.2
29.84 19.74
28.7 19.6
29.84 19.65
28.7 19.49
29.84 19.44
29.84 19.65
29.84 19.63
29.84 19.49
29.84 19.39
28.7 19.77
29.84 19.68
29.84 19.44
29.84 19.47
29.84 19.59
29.84 19.57
29.84 19.63
29.84 19.44
29.84 19.41
29.84 19.55
29.84 19.5
28.7 19.54
29.84 19.63
29.84 19.52
28.7 19.62
28.7 19.62
29.84 19.57
29.84 19.71
28.7 19.51
29.84 19.68
29.84 19.58
29.84 19.39
29.84 19.6
29.84 19.6
29.84 19.64
29.84 19.57
29.84 19.58
29.84 19.57
28.7 19.58
29.84 19.28
29.84 19.61
28.7 19.62
29.84 19.53
29.84 19.57
28.7 19.58
29.84 19.58
29.84 19.56
29.84 19.6
29.84 19.57
29.84 19.54
29.84 19.31
29.84 19.6
29.84 19.55
29.84 19.47
28.7 19.29
29.84 19.52
29.84 19.58
28.7 19.44
29.84 19.36
28.7 19.27
28.7 19.58
29.84 19.57
28.7 19.46
29.84 19.48
29.84 19.58
29.84 19.43
29.84 19.47
29.84 19.45
29.84 19.65
29.84 19.75
28.7 19.47
29.84 19.39
29.84 19.61
29.84 19.69
28.7 19.62
29.84 19.64
29.84 19.68
29.84 19.58
28.7 19.71
29.84 19.44
29.84 19.49
29.84 19.53
29.84 19.66
29.84 19.81
29.84 19.29
28.7 19.74
29.84 19.34
29.84 19.34
29.84 19.67
29.84 19.62
29.84 19.65
29.84 19.6
29.84 19.63
28.7 19.47
29.84 19.53
29.84 19.62
29.84 19.57
28.7 19.45
29.84 19.3
29.84 19.53
29.84 19.49
29.84 19.55
29.84 19.47
28.7 19.55
29.84 19.65
29.84 19.21
29.84 19.36
29.84 19.3
29.84 19.67
28.7 19.55
29.84 19.48
29.84 19.49
29.84 19.49
29.84 19.29
29.84 19.65
29.84 19.49
29.84 19.67
30.98 19.45
29.84 19.69
29.84 19.45
29.84 19.44
28.7 19.52
29.84 19.48
29.84 19.62
29.84 19.54
29.84 19.47
29.84 19.81
28.7 19.56
29.84 19.63
29.84 19.39
29.84 19.65
28.7 19.56
29.84 19.47
29.84 19.57
29.84 19.73
29.84 19.63
29.84 19.67
29.84 19.38
29.84 19.58
29.84 19.29
29.84 19.63
29.84 19.7
29.84 19.2
29.84 19.78
28.7 19.45
28.7 19.31
29.84 19.45
28.7 19.73
29.84 19.41
29.84 19.61
29.84 19.4
28.7 19.39
29.84 19.61
29.84 19.48
29.84 19.47
29.84 19.64
29.84 19.44
28.7 19.29
28.7 19.55
29.84 19.5
29.84 19.4
28.7 19.71
29.84 19.77
29.84 19.75
29.84 19.6
29.84 19.57
28.7 19.65
29.84 19.67
29.84 19.49
29.84 19.4
29.84 19.31
28.7 19.41
29.84 19.47
29.84 19.4
29.84 19.64
29.84 19.52
29.84 19.71
29.84 19.49
28.7 19.6
29.84 19.68
28.7 19.42
29.84 19.34
29.84 19.45
29.84 19.41
29.84 19.43
29.84 19.61
29.84 19.57
29.84 19.43
29.84 19.57
29.84 19.54
29.84 19.44
29.84 19.41
29.84 19.45
29.84 19.44
29.84 19.55
29.84 19.44
29.84 19.67
29.84 19.74
30.98 19.44
29.84 19.01
29.84 19.37
29.84 19.55
29.84 19.8
29.84 19.52
29.84 19.57
29.84 19.52
29.84 19.45
29.84 19.29
29.84 19.52
29.84 19.52
29.84 19.34
28.7 19.47
29.84 19.65
28.7 19.27
29.84 19.42
29.84 19.25
29.84 19.4
29.84 19.35
29.84 19.65
28.7 19.77
29.84 19.27
29.84 19.71
29.84 19.53
30.98 19.55
29.84 19.65
29.84 19.33
29.84 19.39
29.84 19.42
29.84 19.51
29.84 19.38
29.84 19.52
29.84 19.42
29.84 19.86
29.84 19.62
29.84 19.68
29.84 19.63
29.84 19.51
29.84 19.68
29.84 19.6
29.84 19.49
29.84 19.6
29.84 19.42
29.84 19.62
29.84 19.39
29.84 19.49
29.84 19.52
29.84 19.57
29.84 19.36
29.84 19.61
29.84 19.23
29.84 19.79
29.84 19.56
29.84 19.55
29.84 19.45
28.7 19.45
29.84 19.49
29.84 19.7
29.84 19.78
29.84 19.79
29.84 19.47
29.84 19.69
29.84 19.34
29.84 19.2
29.84 19.42
29.84 19.33
29.84 19.45
29.84 19.39
29.84 19.55
29.84 19.44
29.84 19.43
29.84 19.57
30.98 19.54
30.98 19.6
28.7 19.63
29.84 19.63
29.84 19.45
29.84 19.57
29.84 19.29
29.84 19.31
29.84 19.69
29.84 19.36
29.84 19.33
29.84 19.56
29.84 19.49
29.84 19.58
29.84 19.52
29.84 19.56
29.84 19.47
30.98 19.77
29.84 19.48
29.84 19.4
29.84 19.3
29.84 19.39
29.84 19.36
29.84 19.4
29.84 19.61
29.84 19.81
30.98 19.45
29.84 19.41
29.84 19.63
29.84 19.34
29.84 19.43
29.84 19.68
29.84 19.43
29.84 19.42
29.84 19.57
29.84 19.57
29.84 19.17
29.84 19.74
29.84 19.44
30.98 19.6
29.84 19.53
29.84 19.69
29.84 19.68
29.84 19.14
29.84 19.45
29.84 19.29
29.84 19.68
29.84 19.31
29.84 19.55
29.84 19.65
30.98 19.62
29.84 19.69
29.84 19.65
29.84 19.45
29.84 19.5
29.84 19.72
29.84 19.74
29.84 19.41
29.84 19.29
29.84 19.52
29.84 19.55
29.84 19.62
29.84 19.47
29.84 19.6
29.84 19.79
29.84 19.61
29.84 19.31
30.98 19.5
29.84 19.5
29.84 19.52
29.84 19.15
29.84 19.39
29.84 19.35
29.84 19.55
29.84 19.33
29.84 19.42
29.84 19.37
29.84 19.67
30.98 19.59
30.98 19.15
29.84 19.53
29.84 19.27
29.84 19.54
29.84 19.42
29.84 19.22
29.84 19.23
29.84 19.46
29.84 19.71
29.84 19.32
29.84 19.25
29.84 19.64
29.84 19.52
29.84 19.72
29.84 19.37
29.84 19.41
29.84 19.55
29.84 19.53
29.84 19.45
29.84 19.3
29.84 19.48
29.84 19.49
29.84 19.58
29.84 19.41
29.84 19.45
30.98 19.37
29.84 19.36
29.84 19.35
29.84 19.76
29.84 19.53
30.98 19.68
29.84 19.42
29.84 19.47
29.84 19.34
29.84 19.55
29.84 19.51
29.84 19.47
29.84 19.31
29.84 19.33
29.84 19.53
29.84 19.24
30.98 19.31
29.84 19.39
29.84 19.57
29.84 19.71
29.84 19.53
29.84 19.47
29.84 19.52
29.84 19.4
29.84 19.42
29.84 19.5
29.84 19.52
29.84 19.18
29.84 19.23
29.84 19.63
29.84 19.45
29.84 19.55
29.84 19.31
29.84 19.65
29.84 19.36
29.84 19.61
29.84 19.66
30.98 19.45
28.7 19.29
29.84 19.25
29.84 19.42
29.84 19.14
29.84 19.39
29.84 19.48
29.84 19.41
29.84 19.57
29.84 19.34
29.84 19.21
29.84 19.54
29.84 19.58
29.84 19.33
29.84 19.61
29.84 19.45
29.84 19.48
29.84 19.44
29.84 19.59
29.84 19.59
29.84 19.45
29.84 19.5
29.84 19.26
29.84 19.29
29.84 19.47
29.84 19.45
29.84 19.45
29.84 19.42
30.98 19.59
30.98 19.49
30.98 19.64
29.84 19.54
29.84 19.45
29.84 19.52
29.84 19.58
30.98 19.51
29.84 19.56
29.84 19.49
29.84 19.46
29.84 19.33
29.84 19.63
30.98 19.69
29.84 19.55
30.98 19.55
29.84 19.43
29.84 19.66
29.84 19.41
29.84 19.24
29.84 19.38
29.84 19.61
29.84 19.59
30.98 19.29
29.84 19.55
29.84 19.45
29.84 19.75
29.84 19.41
29.84 19.71
29.84 19.4
29.84 19.79
29.84 19.44
29.84 19.25
30.98 19.34
29.84 19.34
29.84 19.45
29.84 19.43
29.84 19.43
29.84 19.42
29.84 19.74
29.84 19.22
29.84 19.45
29.84 19.6
29.84 19.21
29.84 19.39
29.84 19.5
29.84 19.26
29.84 19.17
29.84 19.51
29.84 19.39
29.84 19.53
30.98 19.55
30.98 19.29
29.84 19.44
29.84 19.32
29.84 19.21
29.84 19.48
29.84 19.54
29.84 19.69
29.84 19.34
29.84 19.42
29.84 19.42
29.84 19.31
29.84 19.44
29.84 19.36
29.84 19.02
29.84 19.37
30.98 19.45
29.84 19.39
29.84 19.52
29.84 19.35
29.84 19.41
29.84 19.35
29.84 19.28
29.84 19.11
29.84 19.29
30.98 19.22
30.98 19.34
29.84 19.55
29.84 19.66
30.98 19.47
30.98 19.4
29.84 19.4
29.84 19.44
29.84 19.56
29.84 19.39
29.84 19.6
29.84 19.76
29.84 19.58
30.98 19.36
29.84 19.36
29.84 19.55
29.84 19.48
29.84 19.42
29.84 19.38
29.84 19.39
29.84 19.53
29.84 19.53
30.98 19.49
30.98 19.37
29.84 19.35
29.84 19.25
29.84 19.57
30.98 19.25
29.84 19.4
29.84 19.68
30.98 19.54
29.84 19.33
29.84 19.59
30.98 19.5
29.84 19.31
29.84 19.49
29.84 19.49
29.84 19.59
29.84 19.43
30.98 19.6
29.84 19.44
29.84 19.3
29.84 19.26
29.84 19.57
30.98 19.2
30.98 19.63
29.84 19.36
29.84 19.36
29.84 19.31
29.84 19.41
29.84 19.35
30.98 19.48
29.84 19.18
29.84 19.41
29.84 19.21
29.84 19.23
29.84 19.56
29.84 19.4
29.84 19.29
30.98 19.49
29.84 19.33
30.98 19.46
29.84 19.67
29.84 19.68
29.84 19.38
29.84 19.49
29.84 19.53
29.84 19.41
29.84 19.24
29.84 19.49
30.98 19.45
29.84 19.4
30.98 19.58
29.84 19.63
30.98 19.25
29.84 19.44
30.98 19.49
30.98 19.36
30.98 19.37
30.98 19.47
29.84 19.61
29.84 19.33
30.98 19.39
29.84 19.53
29.84 19.61
29.84 19.3
29.84 19.48
30.98 19.69
29.84 19.34
29.84 19.47
30.98 19.47
30.98 19.7
29.84 19.45
29.84 19.53
30.98 19.58
29.84 19.35
28.7 19.55
30.98 19.34
29.84 19.37
29.84 19.53
29.84 19.39
29.84 19.69
29.84 19.42
29.84 19.36
30.98 19.26
30.98 19.36
29.84 19.65
29.84 19.27
30.98 19.14
29.84 19.47
29.84 19.57
29.84 19.37
29.84 19.53
30.98 19.54
29.84 19.39
30.98 19.39
30.98 19.31
29.84 19.56
29.84 19.42
30.98 18.98
30.98 19.34
29.84 19.36
29.84 19.32
30.98 19.47
30.98 19.5
29.84 19.44
29.84 19.37
29.84 19.29
30.98 19.42
29.84 19.51
29.84 19.53
29.84 19.65
29.84 19.48
29.84 19.6
29.84 19.37
29.84 19.44
29.84 19.46
29.84 19.43
29.84 19.35
30.98 19.26
29.84 19.32
29.84 19.34
29.84 19.47
29.84 19.33
29.84 19.53
29.84 19.42
29.84 19.33
30.98 19.37
30.98 19.39
29.84 19.26
30.98 19.17
29.84 19.26
30.98 19.34
29.84 19.24
30.98 19.31
29.84 19.54
30.98 19.31
30.98 19.47
29.84 19.45
29.84 19.5
29.84 19.36
29.84 19.3
29.84 19.23
29.84 19.35
29.84 19.28
29.84 19.62
30.98 19.23
30.98 19.6
29.84 19.17
29.84 19.47
30.98 19.07
30.98 19.71
29.84 19.42
29.84 19.49
30.98 19.42
30.98 19.25
30.98 19.58
30.98 19.63
30.98 19.18
29.84 19.59
29.84 19.36
30.98 19.29
29.84 19.41
29.84 19.42
29.84 19.28
30.98 18.99
30.98 19.37
30.98 19.37
29.84 19.45
29.84 19.25
30.98 19.55
29.84 19.59
29.84 19.6
29.84 19.34
30.98 19.57
29.84 19.25
29.84 19.09
29.84 19.23
29.84 19.57
29.84 19.25
30.98 19.52
30.98 19.47
29.84 19.31
30.98 19.44
30.98 19.43
30.98 19.44
30.98 19.55
30.98 19.56
30.98 19.31
29.84 19.36
29.84 19.31
30.98 19.5
30.98 19.47
29.84 19.18
29.84 19.5
29.84 19.41
29.84 19.45
29.84 19.53
30.98 19.66
29.84 19.37
30.98 19.6
30.98 19.26
29.84 19.51
30.98 19.34
30.98 19.52
30.98 19.23
30.98 19.43
30.98 19.45
30.98 19.26
30.98 19.4
29.84 19.18
29.84 19.39
30.98 19.29
30.98 19.48
29.84 19.42
29.84 19.37
29.84 19.44
30.98 19.18
30.98 19.52
30.98 19.33
29.84 19.53
30.98 19.4
30.98 19.41
30.98 19.71
30.98 19.47
30.98 19.34
29.84 19.5
30.98 19.51
29.84 19.07
29.84 19.49
30.98 19.13
29.84 19.39
30.98 19.47
30.98 19.03
29.84 19.57
30.98 19.42
29.84 19.59
29.84 19.16
30.98 19.09
29.84 19.53
30.98 19.47
29.84 19.33
30.98 19.56
30.98 19.71
29.84 19.54
30.98 19.36
30.98 19.51
30.98 19.19
29.84 19.5
29.84 19.66
30.98 19.49
30.98 19.34
29.84 19.38
30.98 19.34
30.98 19.48
29.84 19.41
30.98 19.62
29.84 19.52
30.98 19.41
30.98 19.45
30.98 19.37
29.84 19.29
30.98 19.48
30.98 19.28
29.84 19.34
30.98 19.62
29.84 19.18
30.98 19.46
30.98 19.41
29.84 19.42
29.84 19.45
29.84 19.69
29.84 19.63
30.98 19.39
30.98 19.38
29.84 19.57
29.84 19.29
30.98 19.44
30.98 19.34
29.84 19.29
29.84 19.53
30.98 19.21
29.84 19.18
29.84 19.54
30.98 19.31
29.84 19.12
29.84 19.43
30.98 19.53
30.98 19.42
29.84 19.12
30.98 19.38
30.98 19.36
30.98 19.36
30.98 19.55
30.98 19.34
29.84 19.29
30.98 19.49
30.98 19.44
29.84 19.24
30.98 19.19
29.84 19.17
30.98 19.33
30.98 19.36
30.98 19.56
29.84 19.49
30.98 19.44
29.84 19.52
30.98 19.43
29.84 19.33
30.98 19.52
29.84 19.63
29.84 19.56
30.98 19.31
30.98 19.29
29.84 19.1
29.84 19.44
29.84 19.2
30.98 19.36
29.84 19.26
32.12 19.41
30.98 19.53
30.98 19.25
30.98 19.34
30.98 19.37
30.98 19.19
30.98 19.28
29.84 19.44
30.98 19.6
30.98 19.25
30.98 19.18
30.98 19.63
30.98 19.42
29.84 19.57
30.98 19.2
30.98 19.55
29.84 19.6
30.98 19.23
30.98 19.33
29.84 19.39
30.98 19.1
30.98 19.47
30.98 19.5
30.98 19.23
29.84 19.25
30.98 19.33
30.98 19.4
30.98 19.32
30.98 19.4
30.98 19.3
30.98 19.42
30.98 19.6
30.98 19.61
30.98 19.67
30.98 19.36
30.98 19.28
30.98 19.38
30.98 19.31
30.98 19.33
30.98 19.34
30.98 19.46
30.98 19.03
29.84 19.27
30.98 19.17
30.98 19.53
30.98 19.15
29.84 19.45
30.98 19.41
29.84 19.36
29.84 19.31
30.98 19.28
30.98 19.35
30.98 19.33
32.12 19.28
29.84 19.3
30.98 19.45
30.98 19.34
30.98 19.28
30.98 19.47
30.98 19.25
30.98 19.39
30.98 19.52
30.98 19.28
29.84 19.41
30.98 19.33
29.84 19.36
30.98 19.41
30.98 19.12
30.98 19.19
30.98 19.23
30.98 19.2
30.98 19.33
30.98 19.31
29.84 19.21
30.98 19.57
29.84 19.28
30.98 19.24
30.98 19.37
30.98 19.56
30.98 19.4
30.98 19.4
29.84 19.42
30.98 19.55
29.84 19.43
30.98 19.44
29.84 19.37
30.98 19.24
29.84 19.33
30.98 19.28
29.84 19.5
29.84 19.51
30.98 19.46
30.98 19.59
30.98 19.17
29.84 19.34
30.98 19.12
30.98 19.34
30.98 19.49
29.84 19.32
30.98 19.53
30.98 19.53
30.98 19.1
29.84 19.45
30.98 19.28
30.98 19.37
30.98 19.38
29.84 19.42
29.84 19.63
29.84 19.29
30.98 19.18
30.98 19.44
30.98 19.52
30.98 19.17
30.98 19.29
30.98 19.25
30.98 19.31
30.98 19.25
30.98 19.17
30.98 19.41
29.84 19.43
29.84 19.16
30.98 19.5
30.98 19.3
30.98 19.3
29.84 19.46
30.98 19.15
30.98 19.38
30.98 19.52
29.84 19.2
30.98 19.41
30.98 19.32
30.98 19.34
30.98 19.28
29.84 19.5
30.98 19.49
30.98 19.17
30.98 19.42
30.98 19.26
29.84 19.35
30.98 19.44
29.84 19.62
30.98 19.09
30.98 19.42
30.98 19.36
30.98 19.21
30.98 19.32
30.98 19.52
30.98 19.32
30.98 19.47
30.98 19.49
30.98 19.41
30.98 19.58
30.98 19.22
30.98 19.05
30.98 19.17
30.98 19.28
29.84 19.26
30.98 19.47
30.98 19.49
30.98 19.31
30.98 19.29
30.98 19.41
30.98 19.44
29.84 19.5
32.12 19.23
30.98 19.26
30.98 19.39
30.98 19.55
30.98 19.41
30.98 19.42
30.98 19.26
30.98 19.37
30.98 19.23
30.98 19.27
30.98 18.85
30.98 19.25
30.98 19.16
30.98 19.18
30.98 19.3
30.98 19.52
30.98 19.14
30.98 19.34
30.98 19.45
30.98 19.12
32.12 19.16
30.98 19.57
30.98 19.42
30.98 19.33
30.98 19.56
30.98 19.38
30.98 19.54
30.98 19.41
30.98 19.47
30.98 19.5
29.84 19.04
30.98 19.17
29.84 19.31
30.98 19.58
29.84 19.5
30.98 19.34
30.98 19.31
30.98 19.31
30.98 19.42
30.98 19.52
30.98 19.29
30.98 19.31
30.98 19.41
30.98 19.17
30.98 19.06
30.98 19.33
29.84 19.53
30.98 19.2
30.98 19.29
30.98 19.09
30.98 18.9
30.98 19.12
30.98 19.26
30.98 19.34
30.98 18.95
32.12 19.42
30.98 19.55
30.98 19.47
29.84 19.4
30.98 19.5
30.98 19.07
30.98 19.29
30.98 19.46
30.98 19.17
30.98 19.15
30.98 19.45
30.98 19.21
30.98 19.27
29.84 19.15
30.98 19.52
30.98 19.25
30.98 19.43
30.98 19.3
30.98 19.32
32.12 19.38
30.98 19.36
30.98 19.29
32.12 19.21
29.84 19.24
30.98 19.31
30.98 19.39
30.98 19.26
30.98 19.54
30.98 19.4
30.98 19.5
30.98 19.2
30.98 19.37
30.98 19.32
30.98 19.23
30.98 19.47
30.98 19.28
30.98 19.39
30.98 19.36
30.98 19.34
30.98 19.21
30.98 19.41
30.98 19.17
30.98 19.5
32.12 19.17
30.98 19.15
30.98 19.5
30.98 19.17
30.98 19.44
30.98 19.35
30.98 19.38
30.98 19.26
30.98 19.32
32.12 19.44
30.98 19.23
32.12 19.11
30.98 19.29
30.98 19.06
30.98 19.44
30.98 19.2
30.98 19.37
30.98 19.39
30.98 19.22
30.98 19.12
30.98 19.28
30.98 19.37
30.98 19.33
30.98 19.12
30.98 19.36
30.98 19.24
30.98 19.21
32.12 19.27
30.98 19.34
30.98 19.23
30.98 19.26
30.98 19.29
30.98 19.05
30.98 19.27
30.98 19.26
30.98 19.36
30.98 19.35
30.98 19.47
30.98 19.15
30.98 19.14
30.98 19.32
29.84 19.36
30.98 19.26
30.98 19.58
32.12 19.33
30.98 19.25
30.98 19.26
30.98 19.23
30.98 19.39
30.98 19.23
30.98 19.11
30.98 19.25
29.84 19.51
30.98 19.53
30.98 19.16
30.98 19.66
30.98 18.98
30.98 19.1
30.98 19.15
30.98 19.3
30.98 19.25
30.98 19.23
29.84 19.1
30.98 19.41
30.98 19.29
30.98 19.45
32.12 19.29
30.98 19.47
30.98 19.41
30.98 19.34
30.98 19.42
30.98 19.21
30.98 19.44
30.98 19.45
30.98 19.51
30.98 19.32
30.98 19.36
30.98 19.32
30.98 19.11
30.98 19.27
30.98 19.47
30.98 19.18
30.98 19.34
30.98 19.1
30.98 19.5
30.98 19.36
30.98 19.09
30.98 19.47
30.98 19.35
30.98 19.53
30.98 19.18
30.98 19.1
30.98 19.09
30.98 19.45
30.98 19.37
30.98 19.36
30.98 19.2
30.98 19.42
30.98 19.29
30.98 19.29
30.98 19.07
30.98 19.26
30.98 19.25
30.98 19.19
30.98 19.42
30.98 19.14
32.12 19.33
30.98 19.21
30.98 19.4
30.98 19.15
30.98 19.44
29.84 19.45
30.98 19.44
30.98 19.21
30.98 19.2
32.12 19.25
30.98 19.3
30.98 19.28
30.98 19.42
30.98 19.09
29.84 19.25
30.98 19.2
29.84 19.42
30.98 19.28
30.98 19.13
30.98 19.42
30.98 19.43
30.98 19.12
30.98 19.42
30.98 19.47
30.98 19.18
30.98 19.32
30.98 19.39
30.98 19.24
30.98 19.05
30.98 19.28
30.98 19.35
32.12 19.19
30.98 19.31
32.12 19.07
30.98 19.16
32.12 19.17
30.98 19.31
30.98 18.83
30.98 19.49
30.98 19.24
29.84 19.24
30.98 19.33
30.98 19.13
30.98 19.36
30.98 19.25
30.98 19.53
29.84 19.14
30.98 19.11
30.98 19.22
30.98 19.29
30.98 19.42
30.98 19.15
32.12 19.3
30.98 19.49
30.98 19.33
30.98 19.08
30.98 19.59
30.98 19.33
30.98 19.15
30.98 19.28
30.98 19.27
30.98 19.68
30.98 19.21
30.98 19.18
30.98 19.25
30.98 19.49
30.98 19.26
30.98 19.34
29.84 19.41
30.98 19.37
30.98 19.12
32.12 19.33
30.98 18.98
30.98 19.49
30.98 19.11
30.98 19.24
30.98 19.52
30.98 19.14
30.98 19.57
30.98 19.07
30.98 19.2
30.98 19.03
30.98 19.21
30.98 19.36
30.98 18.93
30.98 19.45
30.98 19.08
30.98 19.42
29.84 19.26
30.98 19.34
30.98 19.44
30.98 19.17
30.98 19.2
30.98 19.14
30.98 19.3
30.98 19.23
30.98 19.14
30.98 19.23
30.98 19.02
30.98 19.36
30.98 19.42
30.98 19.45
30.98 19.38
30.98 19.07
30.98 19.31
30.98 19.34
30.98 19.5
30.98 19.49
30.98 18.99
30.98 19.14
32.12 18.96
32.12 19.12
29.84 19.28
32.12 19.0
30.98 19.04
30.98 19.1
30.98 19.19
30.98 19.1
30.98 19.42
30.98 19.41
30.98 19.28
30.98 19.15
30.98 19.23
32.12 19.31
30.98 19.31
30.98 19.28
30.98 19.37
30.98 19.45
30.98 19.34
32.12 19.14
30.98 19.21
30.98 19.26
30.98 19.33
30.98 19.34
30.98 19.19
32.12 19.15
32.12 19.09
30.98 19.41
30.98 19.5
30.98 19.15
30.98 19.26
30.98 19.21
30.98 19.41
30.98 19.28
30.98 19.15
30.98 19.18
30.98 18.99
30.98 19.27
30.98 19.13
30.98 19.12
30.98 19.18
30.98 19.33
30.98 19.41
30.98 19.33
30.98 19.36
30.98 19.39
30.98 19.18
30.98 19.44
30.98 19.17
32.12 19.42
30.98 19.57
30.98 19.26
30.98 19.31
30.98 19.23
30.98 19.25
30.98 19.2
30.98 19.36
32.12 19.05
30.98 19.44
30.98 19.1
30.98 19.35
30.98 19.31
30.98 19.11
30.98 19.25
30.98 19.32
30.98 19.29
30.98 19.2
30.98 19.31
30.98 19.36
30.98 19.29
30.98 19.07
32.12 19.45
30.98 19.09
30.98 18.96
30.98 19.22
30.98 19.18
30.98 19.41
30.98 19.43
30.98 19.11
30.98 19.22
30.98 19.28
30.98 19.29
30.98 19.24
32.12 19.33
30.98 19.18
32.12 19.24
30.98 19.29
30.98 18.98
30.98 19.62
30.98 19.02
30.98 18.99
30.98 19.11
30.98 19.33
30.98 19.07
30.98 19.2
29.84 18.89
30.98 19.29
30.98 18.9
30.98 19.37
30.98 19.1
30.98 19.36
30.98 19.25
30.98 19.07
30.98 19.45
30.98 19.5
30.98 19.23
30.98 19.41
30.98 19.25
32.12 19.34
30.98 19.26
30.98 19.27
30.98 19.35
32.12 19.12
30.98 19.14
30.98 19.25
30.98 19.41
30.98 19.46
30.98 19.14
30.98 19.29
30.98 19.21
30.98 19.23
30.98 19.37
30.98 19.17
30.98 19.18
29.84 19.28
30.98 19.33
30.98 19.12
30.98 19.36
30.98 19.02
30.98 18.96
30.98 19.37
30.98 19.14
30.98 19.23
30.98 19.21
30.98 19.26
30.98 18.93
30.98 19.29
30.98 19.21
30.98 19.31
32.12 19.29
30.98 19.11
30.98 19.28
30.98 19.31
32.12 19.37
30.98 19.12
30.98 19.13
30.98 19.17
30.98 19.15
30.98 19.2
30.98 19.06
30.98 19.25
30.98 19.25
30.98 19.44
30.98 18.97
30.98 19.12
30.98 19.26
30.98 19.13
30.98 19.32
30.98 19.14
30.98 19.25
30.98 19.29
32.12 19.19
30.98 19.57
32.12 19.21
30.98 19.2
32.12 19.28
30.98 19.05
30.98 19.37
30.98 19.05
30.98 19.35
30.98 19.25
30.98 19.12
30.98 19.03
30.98 19.17
30.98 19.29
30.98 19.21
30.98 19.31
30.98 19.18
30.98 19.33
32.12 19.23
30.98 19.44
32.12 19.28
30.98 19.18
30.98 19.36
30.98 19.22
30.98 19.28
30.98 19.5
30.98 19.52
32.12 19.18
30.98 19.27
32.12 19.38
30.98 19.26
30.98 19.41
30.98 19.33
30.98 18.96
30.98 19.39
30.98 19.35
32.12 19.33
32.12 19.41
30.98 19.07
30.98 19.26
30.98 18.98
30.98 19.37
30.98 19.16
32.12 19.26
32.12 19.53
30.98 19.15
30.98 19.46
30.98 19.27
30.98 19.07
32.12 19.31
32.12 19.05
32.12 19.39
32.12 19.36
30.98 19.23
32.12 19.33
30.98 19.38
30.98 19.25
30.98 19.29
30.98 19.49
30.98 19.21
30.98 19.26
30.98 19.5
30.98 19.32
30.98 19.16
32.12 19.39
32.12 19.1
30.98 19.15
30.98 19.21
30.98 19.05
30.98 19.5
30.98 19.37
32.12 19.17
30.98 19.15
30.98 19.14
30.98 19.21
30.98 19.37
30.98 19.37
32.12 19.11
30.98 19.05
32.12 19.43
30.98 19.33
32.12 19.1
30.98 19.39
30.98 19.42
30.98 19.33
30.98 19.06
30.98 19.38
30.98 19.15
32.12 19.17
30.98 19.28
30.98 19.14
30.98 19.44
30.98 18.94
30.98 19.25
30.98 19.25
32.12 19.31
30.98 19.37
30.98 19.18
30.98 19.28
30.98 19.19
30.98 18.94
30.98 19.44
30.98 19.42
30.98 19.37
32.12 19.06
30.98 19.49
30.98 19.1
30.98 19.44
30.98 19.42
32.12 19.24
32.12 19.44
32.12 19.36
32.12 19.34
32.12 19.52
30.98 19.31
30.98 18.89
30.98 19.28
30.98 19.09
32.12 19.16
30.98 19.33
32.12 19.29
32.12 19.09
30.98 19.31
30.98 19.15
30.98 18.88
30.98 19.41
30.98 19.13
32.12 19.33
30.98 19.37
30.98 19.02
30.98 19.31
30.98 18.92
32.12 19.41
30.98 19.17
30.98 19.31
32.12 18.88
32.12 18.86
32.12 19.19
30.98 19.01
30.98 19.23
30.98 19.18
30.98 19.21
30.98 19.43
30.98 19.33
30.98 19.04
30.98 18.94
30.98 19.17
30.98 19.32
32.12 19.21
30.98 19.25
30.98 19.25
32.12 19.01
32.12 19.39
30.98 19.14
32.12 19.45
30.98 18.91
30.98 19.07
30.98 19.18
30.98 19.31
32.12 19.26
30.98 19.17
30.98 19.43
30.98 19.39
30.98 19.21
30.98 19.01
30.98 19.39
30.98 19.37
30.98 19.3
30.98 19.26
32.12 19.36
32.12 19.1
30.98 19.37
32.12 19.41
30.98 19.26
30.98 19.17
30.98 19.44
30.98 19.34
30.98 19.04
30.98 19.17
30.98 19.24
30.98 19.51
32.12 18.99
30.98 19.31
32.12 19.22
30.98 19.41
30.98 19.21
30.98 19.01
30.98 19.35
32.12 19.09
30.98 19.09
32.12 19.37
32.12 19.12
30.98 19.06
32.12 19.33
30.98 19.07
30.98 19.3
30.98 19.06
32.12 18.99
30.98 19.12
30.98 19.34
30.98 19.04
32.12 19.09
32.12 19.1
30.98 19.32
30.98 19.14
30.98 19.37
29.84 19.31
30.98 19.22
30.98 19.12
32.12 19.27
32.12 18.92
30.98 19.36
30.98 19.29
32.12 19.17
32.12 19.42
32.12 19.23
30.98 19.21
30.98 19.05
30.98 19.32
30.98 19.28
32.12 19.27
30.98 19.28
32.12 19.17
30.98 19.18
30.98 19.33
32.12 19.1
30.98 19.22
30.98 19.15
30.98 19.09
30.98 19.3
30.98 19.02
30.98 19.28
32.12 18.99
32.12 19.19
30.98 19.18
30.98 19.28
30.98 19.24
30.98 19.07
32.12 19.3
30.98 19.1
32.12 19.29
32.12 19.0
30.98 19.18
30.98 19.35
32.12 19.14
30.98 19.35
30.98 19.39
32.12 19.45
30.98 19.31
32.12 19.14
30.98 19.35
32.12 19.15
32.12 19.23
32.12 19.32
30.98 19.25
32.12 19.21
32.12 19.17
32.12 19.39
32.12 19.28
32.12 19.2
30.98 18.87
32.12 19.2
30.98 19.31
30.98 19.3
30.98 19.15
32.12 19.45
30.98 19.1
30.98 19.4
30.98 19.05
30.98 19.24
30.98 19.06
30.98 19.14
30.98 19.34
30.98 19.26
32.12 18.99
30.98 19.09
30.98 19.2
30.98 19.09
32.12 19.28
30.98 19.05
30.98 19.42
30.98 18.99
30.98 19.15
32.12 19.17
30.98 19.25
32.12 19.33
32.12 19.42
30.98 19.06
32.12 19.17
30.98 19.08
32.12 19.29
30.98 19.39
30.98 19.21
32.12 19.28
30.98 19.16
30.98 19.17
30.98 19.41
32.12 19.04
30.98 19.36
30.98 19.17
32.12 19.15
30.98 19.02
30.98 19.15
30.98 19.23
30.98 19.35
30.98 19.23
32.12 19.54
30.98 19.34
32.12 19.12
30.98 19.28
30.98 19.07
30.98 19.31
30.98 19.26
30.98 19.19
30.98 19.16
30.98 19.1
30.98 19.19
32.12 19.12
32.12 19.64
30.98 19.17
30.98 19.36
30.98 19.12
32.12 19.18
30.98 18.88
30.98 19.37
32.12 18.95
30.98 19.43
30.98 18.79
30.98 19.37
30.98 19.1
30.98 19.45
30.98 18.99
30.98 19.24
32.12 19.21
32.12 19.43
30.98 19.28
30.98 19.22
30.98 19.01
30.98 19.41
32.12 19.36
30.98 19.27
30.98 18.89
30.98 19.41
30.98 19.1
32.12 19.29
30.98 19.2
30.98 19.19
32.12 19.31
30.98 19.14
32.12 19.04
30.98 19.12
30.98 19.09
30.98 19.42
30.98 19.22
30.98 18.9
30.98 19.45
30.98 19.33
32.12 19.0
30.98 19.34
30.98 19.16
30.98 19.08
30.98 19.41
30.98 19.13
32.12 19.41
30.98 19.05
32.12 19.31
29.84 19.07
32.12 19.29
32.12 19.25
30.98 18.99
30.98 19.29
32.12 19.15
32.12 18.98
30.98 19.36
32.12 18.96
30.98 19.36
30.98 19.04
30.98 19.18
30.98 19.16
30.98 19.14
30.98 19.21
32.12 19.23
32.12 19.19
30.98 19.07
32.12 19.47
30.98 19.02
30.98 19.34
32.12 19.14
32.12 19.42
30.98 19.52
32.12 19.39
30.98 19.37
32.12 19.29
32.12 19.13
30.98 19.19
30.98 19.22
32.12 19.25
30.98 19.28
32.12 19.17
32.12 19.23
30.98 19.25
30.98 19.19
30.98 19.21
30.98 19.36
32.12 19.31
32.12 19.14
32.12 19.23
30.98 19.07
30.98 18.97
32.12 19.34
32.12 19.24
30.98 19.29
32.12 19.06
32.12 19.37
30.98 19.18
32.12 19.21
32.12 19.09
30.98 19.35
32.12 19.25
30.98 19.41
30.98 19.27
32.12 19.25
32.12 18.97
32.12 19.1
30.98 19.22
30.98 19.25
30.98 19.25
30.98 19.21
30.98 19.3
32.12 19.25
32.12 19.19
30.98 19.17
30.98 19.15
32.12 18.97
32.12 19.09
30.98 19.26
32.12 19.42
32.12 19.38
32.12 19.0
30.98 19.27
32.12 19.28
32.12 19.26
32.12 19.32
30.98 19.08
32.12 19.44
32.12 19.24
32.12 19.04
32.12 19.28
30.98 19.31
30.98 19.18
30.98 19.21
32.12 19.36
30.98 19.41
30.98 19.22
30.98 18.99
30.98 19.12
30.98 19.26
32.12 19.2
32.12 19.03
32.12 19.36
32.12 19.18
32.12 19.27
32.12 19.07
32.12 19.37
32.12 18.8
32.12 19.31
32.12 19.11
30.98 19.31
32.12 19.04
30.98 19.18
32.12 19.36
30.98 19.25
30.98 19.08
32.12 19.28
32.12 19.25
32.12 19.15
32.12 19.2
32.12 19.41
32.12 19.17
32.12 19.17
32.12 19.25
32.12 18.99
30.98 19.28
30.98 19.3
32.12 19.21
32.12 19.52
32.12 19.02
32.12 19.23
30.98 19.11
32.12 19.37
30.98 19.02
32.12 19.19
32.12 19.24
30.98 19.11
30.98 18.94
32.12 19.09
32.12 19.31
32.12 19.24
30.98 19.25
32.12 19.2
30.98 19.33
32.12 18.8
32.12 19.07
30.98 19.14
32.12 19.4
32.12 18.99
32.12 18.91
32.12 19.13
32.12 19.33
30.98 19.39
32.12 19.15
30.98 19.37
30.98 18.83
30.98 18.97
30.98 19.01
32.12 19.23
30.98 19.15
32.12 19.04
32.12 19.21
32.12 19.46
30.98 19.36
32.12 18.98
30.98 19.34
30.98 19.19
32.12 19.26
30.98 19.15
32.12 19.13
32.12 19.24
32.12 19.09
30.98 19.23
32.12 19.04
32.12 19.28
32.12 19.15
30.98 19.17
32.12 19.41
32.12 19.09
30.98 18.94
32.12 19.49
32.12 19.05
30.98 19.49
30.98 19.2
30.98 19.35
32.12 18.95
30.98 19.53
32.12 19.2
30.98 19.31
32.12 19.09
30.98 19.26
30.98 19.06
30.98 18.88
30.98 19.3
32.12 19.04
32.12 19.29
30.98 18.8
32.12 19.15
32.12 19.43
32.12 18.88
32.12 19.24
30.98 19.04
32.12 19.31
32.12 19.05
30.98 19.31
32.12 19.45
32.12 19.14
32.12 19.34
30.98 19.22
32.12 19.24
30.98 19.15
30.98 19.21
32.12 19.08
32.12 18.98
32.12 19.26
30.98 19.07
30.98 19.07
32.12 19.06
30.98 19.06
30.98 19.32
32.12 18.99
32.12 19.36
32.12 18.97
30.98 19.29
30.98 18.94
32.12 19.15
32.12 19.25
32.12 19.13
32.12 19.33
30.98 19.03
32.12 19.23
32.12 19.25
32.12 19.31
30.98 19.18
32.12 19.17
32.12 19.5
32.12 19.22
32.12 19.05
32.12 19.19
32.12 19.39
30.98 19.09
32.12 19.14
32.12 19.16
32.12 18.96
30.98 19.35
32.12 19.53
32.12 19.09
30.98 19.28
32.12 19.16
32.12 19.08
32.12 19.43
30.98 19.25
32.12 19.08
32.12 19.09
32.12 19.06
32.12 19.23
32.12 19.12
32.12 19.12
30.98 19.11
32.12 19.11
30.98 19.35
30.98 19.31
30.98 19.4
32.12 19.39
32.12 19.22
30.98 19.26
32.12 18.86
32.12 19.08
30.98 19.28
30.98 18.93
32.12 19.2
32.12 19.07
32.12 19.14
32.12 19.23
32.12 19.14
32.12 19.26
32.12 19.26
30.98 19.36
32.12 19.31
32.12 18.95
32.12 19.4
32.12 19.2
30.98 19.1
32.12 19.18
32.12 19.15
32.12 19.22
30.98 19.02
32.12 19.18
32.12 19.08
32.12 19.11
32.12 19.47
32.12 19.07
32.12 19.08
32.12 19.58
30.98 18.94
32.12 19.2
30.98 19.17
32.12 19.22
32.12 19.41
32.12 19.1
30.98 19.29
32.12 19.11
32.12 19.02
32.12 19.13
32.12 19.1
30.98 19.4
30.98 19.2
32.12 19.31
30.98 19.31
32.12 19.11
32.12 19.05
32.12 19.21
32.12 19.26
32.12 19.2
32.12 19.23
30.98 19.31
32.12 19.26
32.12 19.4
30.98 19.12
30.98 19.08
32.12 19.33
30.98 19.3
32.12 19.05
32.12 19.07
32.12 19.19
32.12 19.37
32.12 19.25
32.12 19.22
32.12 19.27
32.12 19.23
30.98 19.3
32.12 19.18
32.12 19.18
30.98 19.45
32.12 19.09
32.12 19.18
32.12 19.22
32.12 18.93
30.98 19.18
32.12 19.25
30.98 19.26
32.12 19.28
32.12 18.83
30.98 19.18
32.12 19.13
32.12 19.1
32.12 19.04
30.98 19.26
32.12 19.28
32.12 19.2
32.12 19.14
32.12 19.12
32.12 18.87
30.98 19.21
30.98 19.28
30.98 19.17
32.12 19.01
30.98 19.21
32.12 19.04
32.12 19.15
32.12 19.22
32.12 19.31
32.12 19.1
32.12 19.13
32.12 18.96
32.12 19.28
32.12 19.09
32.12 19.03
30.98 19.15
30.98 19.17
30.98 19.2
32.12 19.27
30.98 19.18
32.12 19.2
32.12 18.96
32.12 19.41
30.98 19.31
32.12 19.17
32.12 19.58
32.12 19.23
32.12 19.06
32.12 19.27
30.98 19.28
32.12 19.14
32.12 19.23
30.98 19.28
32.12 19.27
32.12 19.12
30.98 19.38
30.98 19.19
32.12 19.14
32.12 19.23
32.12 19.34
32.12 19.21
32.12 19.42
32.12 19.02
30.98 19.15
32.12 19.14
32.12 19.03
30.98 19.06
32.12 19.26
30.98 18.94
32.12 19.22
30.98 19.3
32.12 19.36
32.12 19.27
32.12 19.16
32.12 19.44
32.12 19.33
32.12 18.95
32.12 19.32
32.12 19.02
32.12 19.13
32.12 19.43
32.12 19.24
32.12 19.28
30.98 19.05
32.12 19.27
30.98 19.39
32.12 18.84
32.12 19.26
30.98 19.23
32.12 19.26
32.12 19.49
30.98 18.98
32.12 19.39
32.12 19.06
32.12 19.11
32.12 19.1
32.12 19.5
32.12 19.15
32.12 19.29
30.98 19.28
32.12 18.99
32.12 19.15
32.12 19.28
32.12 19.02
32.12 19.18
32.12 19.37
32.12 19.43
32.12 19.21
30.98 19.21
32.12 19.13
32.12 18.96
32.12 19.17
32.12 19.23
32.12 19.21
30.98 19.11
32.12 19.18
30.98 19.15
32.12 19.24
30.98 19.26
32.12 19.23
32.12 19.15
30.98 19.31
32.12 19.07
32.12 19.18
32.12 19.14
32.12 19.12
32.12 19.12
30.98 18.86
32.12 19.17
32.12 19.37
32.12 19.17
32.12 19.37
32.12 19.2
32.12 19.15
32.12 19.11
32.12 19.38
32.12 19.14
30.98 19.27
32.12 18.99
32.12 19.17
32.12 19.12
32.12 19.22
32.12 19.13
32.12 19.33
32.12 19.34
32.12 19.28
32.12 19.28
30.98 19.2
32.12 19.09
32.12 19.24
32.12 18.96
32.12 18.95
32.12 19.25
30.98 19.26
30.98 19.21
30.98 19.3
32.12 19.11
32.12 19.25
32.12 19.16
32.12 19.06
32.12 19.14
30.98 19.28
32.12 18.95
32.12 19.41
32.12 19.06
32.12 19.17
32.12 19.18
32.12 19.11
32.12 19.18
32.12 19.07
32.12 19.01
32.12 19.05
32.12 19.32
32.12 19.22
32.12 19.25
32.12 19.03
32.12 19.15
30.98 19.13
32.12 19.23
33.26 19.06
32.12 19.15
32.12 19.25
32.12 18.9
32.12 19.04
32.12 19.21
32.12 18.95
30.98 19.17
30.98 19.02
32.12 19.25
32.12 19.19
32.12 19.06
30.98 19.0
32.12 19.1
30.98 19.5
32.12 18.9
32.12 19.36
32.12 19.14
32.12 19.12
32.12 19.14
32.12 19.42
32.12 19.02
32.12 19.08
32.12 19.03
32.12 19.27
32.12 19.07
32.12 19.31
30.98 19.09
30.98 19.16
30.98 19.15
32.12 19.15
32.12 19.1
32.12 19.16
32.12 19.12
32.12 19.12
32.12 19.28
32.12 18.99
32.12 19.18
30.98 19.2
32.12 18.88
32.12 19.52
30.98 19.08
32.12 19.22
32.12 19.19
30.98 19.36
30.98 18.84
32.12 19.23
30.98 19.16
30.98 18.94
32.12 19.33
32.12 19.16
32.12 19.18
32.12 19.2
32.12 19.31
32.12 19.15
30.98 19.09
32.12 19.19
32.12 19.26
30.98 19.06
32.12 19.28
30.98 19.14
32.12 19.33
32.12 19.26
32.12 19.1
32.12 19.18
32.12 19.07
32.12 19.22
30.98 19.22
30.98 19.32
32.12 18.93
32.12 19.09
30.98 19.25
32.12 19.12
32.12 18.89
32.12 19.12
32.12 18.97
32.12 19.02
30.98 19.27
32.12 19.07
32.12 19.4
32.12 19.21
32.12 19.24
32.12 19.1
32.12 19.21
32.12 19.36
30.98 18.82
32.12 19.21
32.12 19.28
32.12 19.04
32.12 18.92
32.12 19.1
32.12 19.04
32.12 19.06
32.12 19.28
30.98 19.11
32.12 19.38
30.98 19.18
30.98 18.94
32.12 19.02
32.12 19.2
32.12 19.01
32.12 19.07
32.12 19.21
32.12 19.02
30.98 19.05
32.12 19.06
32.12 19.2
32.12 18.98
32.12 19.31
32.12 19.28
32.12 18.99
32.12 19.46
32.12 19.07
32.12 19.02
32.12 19.01
32.12 19.16
32.12 19.22
32.12 19.02
32.12 19.23
32.12 19.2
32.12 18.96
32.12 19.17
32.12 19.24
32.12 19.04
32.12 19.14
30.98 19.01
32.12 19.09
32.12 19.18
30.98 19.18
32.12 19.04
32.12 19.1
30.98 19.19
32.12 19.21
30.98 19.14
30.98 19.23
32.12 18.88
32.12 18.91
32.12 19.32
32.12 19.15
32.12 18.91
32.12 19.31
32.12 19.2
32.12 19.45
30.98 19.04
30.98 19.2
32.12 19.0
32.12 19.18
30.98 19.33
30.98 19.2
32.12 19.12
32.12 18.99
30.98 19.21
30.98 18.94
32.12 19.1
32.12 19.44
32.12 19.25
32.12 19.36
32.12 19.1
32.12 19.42
32.12 19.17
32.12 18.9
30.98 19.21
32.12 18.95
32.12 18.96
32.12 19.21
32.12 19.5
30.98 19.15
32.12 19.2
30.98 19.17
32.12 18.88
32.12 18.78
32.12 19.11
32.12 19.09
32.12 19.27
32.12 19.01
32.12 19.18
32.12 19.12
32.12 19.21
32.12 19.28
32.12 19.03
32.12 19.32
32.12 19.19
32.12 18.88
32.12 19.06
32.12 19.38
32.12 19.16
32.12 19.29
32.12 19.17
30.98 19.25
33.26 18.96
32.12 19.18
32.12 19.04
30.98 18.95
30.98 19.21
32.12 19.34
30.98 19.06
32.12 19.28
32.12 19.21
32.12 18.96
32.12 18.84
32.12 18.99
32.12 19.23
32.12 19.12
32.12 19.39
32.12 19.12
30.98 18.75
30.98 18.96
32.12 19.26
32.12 18.95
32.12 19.1
32.12 19.25
32.12 19.01
32.12 19.17
32.12 19.3
32.12 19.04
30.98 18.86
32.12 19.25
32.12 19.25
32.12 18.96
30.98 19.01
32.12 19.25
32.12 18.83
32.12 18.91
32.12 19.3
30.98 19.07
32.12 18.89
32.12 19.0
30.98 19.18
32.12 19.1
32.12 19.07
30.98 19.21
32.12 19.15
32.12 19.28
32.12 19.21
32.12 19.25
32.12 19.13
32.12 19.33
32.12 18.99
32.12 19.07
30.98 19.18
32.12 19.1
32.12 19.16
32.12 19.1
32.12 19.16
32.12 19.35
32.12 19.1
32.12 19.1
32.12 19.06
32.12 19.12
32.12 18.86
30.98 19.23
32.12 19.05
32.12 19.28
32.12 19.28
32.12 19.09
32.12 19.26
32.12 19.35
32.12 19.13
32.12 18.97
32.12 18.99
32.12 18.89
30.98 18.93
33.26 19.12
30.98 19.09
32.12 18.98
32.12 19.04
32.12 19.25
32.12 19.26
32.12 18.87
32.12 19.12
32.12 19.24
32.12 19.35
32.12 19.42
32.12 19.28
32.12 19.16
32.12 19.15
32.12 19.25
32.12 19.01
32.12 19.07
32.12 19.06
32.12 19.0
32.12 19.29
32.12 19.49
32.12 18.96
32.12 19.14
32.12 19.14
32.12 19.22
32.12 18.98
32.12 19.26
32.12 19.11
32.12 19.32
32.12 19.07
32.12 19.11
32.12 19.28
32.12 19.19
32.12 19.07
32.12 19.15
32.12 19.04
32.12 18.88
32.12 19.23
30.98 19.17
32.12 19.35
32.12 19.55
32.12 19.16
32.12 19.02
32.12 18.97
32.12 19.07
32.12 19.06
32.12 19.29
32.12 19.15
30.98 19.18
32.12 19.14
32.12 19.05
30.98 19.23
32.12 19.02
32.12 19.16
32.12 18.97
32.12 19.33
32.12 19.02
32.12 19.22
32.12 19.31
32.12 19.16
32.12 19.06
32.12 19.07
32.12 19.17
32.12 19.37
32.12 19.42
32.12 19.09
32.12 19.04
32.12 19.37
32.12 19.22
32.12 19.01
32.12 19.31
32.12 19.02
32.12 19.07
33.26 19.12
32.12 19.21
32.12 19.16
32.12 19.0
32.12 19.41
32.12 19.2
32.12 19.07
32.12 19.18
32.12 19.37
32.12 19.15
32.12 19.01
32.12 19.09
32.12 19.18
32.12 18.93
32.12 18.93
32.12 18.98
32.12 18.88
32.12 18.98
32.12 19.05
32.12 19.24
32.12 19.18
32.12 19.09
32.12 19.46
32.12 19.35
32.12 18.93
32.12 19.12
32.12 19.28
32.12 19.04
32.12 19.25
32.12 19.2
32.12 19.05
33.26 19.04
32.12 19.26
32.12 19.31
32.12 18.96
32.12 18.98
32.12 19.21
32.12 19.06
32.12 18.88
32.12 19.09
32.12 19.48
32.12 18.94
32.12 18.87
32.12 18.82
32.12 19.21
32.12 19.02
32.12 18.93
32.12 19.27
32.12 19.04
32.12 19.13
32.12 19.01
32.12 19.2
32.12 19.23
32.12 18.92
32.12 19.25
32.12 18.98
32.12 19.02
32.12 19.35
32.12 19.38
32.12 19.17
30.98 19.06
32.12 19.04
32.12 19.21
32.12 19.33
32.12 19.18
32.12 18.94
32.12 19.26
32.12 19.23
33.26 19.17
32.12 19.37
32.12 19.25
32.12 18.98
32.12 19.03
32.12 19.36
32.12 18.93
32.12 19.27
32.12 19.13
32.12 19.04
32.12 19.14
32.12 19.25
32.12 18.91
32.12 19.37
32.12 19.23
32.12 18.97
32.12 19.04
32.12 19.22
32.12 19.04
32.12 18.98
32.12 19.41
32.12 19.02
32.12 19.12
33.26 19.15
32.12 19.37
32.12 19.36
32.12 19.14
32.12 19.28
30.98 19.24
32.12 19.12
32.12 19.21
32.12 18.93
32.12 19.06
32.12 19.14
32.12 19.0
32.12 18.94
32.12 19.28
32.12 19.07
32.12 18.98
32.12 18.9
32.12 19.34
32.12 19.07
32.12 19.0
32.12 18.94
32.12 19.03
32.12 19.34
32.12 19.14
32.12 18.96
32.12 19.25
32.12 19.02
32.12 18.96
33.26 19.16
32.12 19.09
32.12 19.17
32.12 18.9
30.98 19.18
32.12 19.13
32.12 19.09
32.12 19.11
32.12 19.0
32.12 19.19
32.12 19.19
32.12 18.93
32.12 19.03
33.26 19.3
32.12 19.09
32.12 18.78
32.12 19.1
32.12 19.37
32.12 19.0
32.12 19.17
32.12 19.09
32.12 19.1
32.12 19.14
32.12 19.14
32.12 19.0
32.12 19.31
32.12 19.1
32.12 19.12
33.26 19.0
32.12 19.12
32.12 19.07
32.12 18.95
32.12 19.14
32.12 19.39
32.12 18.98
32.12 18.8
32.12 19.12
32.12 19.31
32.12 19.2
32.12 19.13
33.26 19.14
32.12 19.19
32.12 18.98
32.12 19.17
32.12 18.99
32.12 18.94
32.12 19.18
32.12 19.1
33.26 19.37
32.12 19.29
32.12 19.34
32.12 18.76
32.12 19.08
32.12 19.31
32.12 18.92
32.12 19.04
32.12 18.96
32.12 19.27
33.26 18.98
32.12 19.15
32.12 18.93
32.12 19.32
32.12 18.91
32.12 19.21
32.12 19.14
33.26 19.22
32.12 19.24
32.12 19.09
32.12 18.86
32.12 19.34
32.12 19.38
32.12 18.93
32.12 19.01
32.12 19.26
32.12 19.3
