37.82 698640.0
37.82 698660.0
37.82 698680.0
37.82 698700.0
37.82 698720.0
37.82 698740.0
37.82 698760.0
37.82 698780.0
37.82 698800.0
37.82 698820.0
37.82 698840.0
37.82 698860.0
37.82 698880.0
37.82 698900.0
37.82 698920.0
37.82 698940.0
37.82 698960.0
38.96 698980.0
37.82 699000.0
38.96 699020.0
37.82 699040.0
37.82 699060.0
37.82 699080.0
37.82 699100.0
37.82 699120.0
37.82 699140.0
37.82 699160.0
37.82 699180.0
38.96 699200.0
37.82 699220.0
38.96 699240.0
37.82 699260.0
38.96 699280.0
37.82 699300.0
37.82 699320.0
37.82 699340.0
37.82 699360.0
37.82 699380.0
37.82 699400.0
37.82 699420.0
37.82 699440.0
37.82 699460.0
37.82 699480.0
37.82 699500.0
37.82 699520.0
37.82 699540.0
37.82 699560.0
37.82 699580.0
38.96 699600.0
37.82 699620.0
37.82 699640.0
38.96 699660.0
37.82 699680.0
37.82 699700.0
37.82 699720.0
37.82 699740.0
37.82 699760.0
37.82 699780.0
37.82 699800.0
37.82 699820.0
37.82 699840.0
37.82 699860.0
38.96 699880.0
37.82 699900.0
37.82 699920.0
37.82 699940.0
37.82 699960.0
37.82 699980.0
37.82 700000.0
37.82 700020.0
38.96 700040.0
38.96 700060.0
37.82 700080.0
37.82 700100.0
37.82 700120.0
37.82 700140.0
37.82 700160.0
37.82 700180.0
37.82 700200.0
37.82 700220.0
37.82 700240.0
37.82 700260.0
37.82 700280.0
37.82 700300.0
37.82 700320.0
37.82 700340.0
37.82 700360.0
37.82 700380.0
37.82 700400.0
37.82 700420.0
37.82 700440.0
37.82 700460.0
37.82 700480.0
37.82 700500.0
37.82 700520.0
37.82 700540.0
37.82 700560.0
37.82 700580.0
37.82 700600.0
37.82 700620.0
37.82 700640.0
37.82 700660.0
37.82 700680.0
37.82 700700.0
38.96 700720.0
37.82 700740.0
37.82 700760.0
37.82 700780.0
37.82 700800.0
37.82 700820.0
37.82 700840.0
37.82 700860.0
37.82 700880.0
37.82 700900.0
37.82 700920.0
37.82 700940.0
37.82 700960.0
37.82 700980.0
37.82 701000.0
37.82 701020.0
37.82 701040.0
37.82 701060.0
37.82 701080.0
37.82 701100.0
37.82 701120.0
37.82 701140.0
37.82 701160.0
37.82 701180.0
37.82 701200.0
37.82 701220.0
37.82 701240.0
37.82 701260.0
37.82 701280.0
37.82 701300.0
37.82 701320.0
37.82 701340.0
37.82 701360.0
37.82 701380.0
37.82 701400.0
37.82 701420.0
37.82 701440.0
37.82 701460.0
37.82 701480.0
37.82 701500.0
37.82 701520.0
37.82 701540.0
37.82 701560.0
38.96 701580.0
37.82 701600.0
37.82 701620.0
37.82 701640.0
37.82 701660.0
37.82 701680.0
37.82 701700.0
37.82 701720.0
37.82 701740.0
37.82 701760.0
37.82 701780.0
37.82 701800.0
37.82 701820.0
37.82 701840.0
38.96 701860.0
37.82 701880.0
37.82 701900.0
37.82 701920.0
37.82 701940.0
37.82 701960.0
37.82 701980.0
37.82 702000.0
37.82 702020.0
37.82 702040.0
37.82 702060.0
37.82 702080.0
37.82 702100.0
37.82 702120.0
37.82 702140.0
37.82 702160.0
37.82 702180.0
37.82 702200.0
37.82 702220.0
37.82 702240.0
37.82 702260.0
37.82 702280.0
37.82 702300.0
37.82 702320.0
37.82 702340.0
37.82 702360.0
37.82 702380.0
37.82 702400.0
37.82 702420.0
37.82 702440.0
38.96 702460.0
37.82 702480.0
37.82 702500.0
38.96 702520.0
37.82 702540.0
37.82 702560.0
38.96 702580.0
37.82 702600.0
37.82 702620.0
37.82 702640.0
37.82 702660.0
37.82 702680.0
37.82 702700.0
37.82 702720.0
37.82 702740.0
38.96 702760.0
37.82 702780.0
36.68 702800.0
37.82 702820.0
37.82 702840.0
37.82 702860.0
37.82 702880.0
37.82 702900.0
37.82 702920.0
37.82 702940.0
37.82 702960.0
37.82 702980.0
38.96 703000.0
37.82 703020.0
37.82 703040.0
37.82 703060.0
37.82 703080.0
38.96 703100.0
37.82 703120.0
37.82 703140.0
37.82 703160.0
37.82 703180.0
37.82 703200.0
37.82 703220.0
37.82 703240.0
37.82 703260.0
37.82 703280.0
38.96 703300.0
37.82 703320.0
37.82 703340.0
37.82 703360.0
37.82 703380.0
37.82 703400.0
37.82 703420.0
37.82 703440.0
37.82 703460.0
37.82 703480.0
37.82 703500.0
37.82 703520.0
37.82 703540.0
37.82 703560.0
37.82 703580.0
37.82 703600.0
37.82 703620.0
37.82 703640.0
37.82 703660.0
37.82 703680.0
37.82 703700.0
37.82 703720.0
37.82 703740.0
37.82 703760.0
37.82 703780.0
37.82 703800.0
37.82 703820.0
37.82 703840.0
37.82 703860.0
37.82 703880.0
37.82 703900.0
37.82 703920.0
37.82 703940.0
37.82 703960.0
37.82 703980.0
37.82 704000.0
37.82 704020.0
37.82 704040.0
37.82 704060.0
37.82 704080.0
37.82 704100.0
37.82 704120.0
37.82 704140.0
37.82 704160.0
37.82 704180.0
37.82 704200.0
37.82 704220.0
37.82 704240.0
37.82 704260.0
37.82 704280.0
38.96 704300.0
37.82 704320.0
37.82 704340.0
37.82 704360.0
37.82 704380.0
37.82 704400.0
37.82 704420.0
37.82 704440.0
37.82 704460.0
38.96 704480.0
36.68 704500.0
37.82 704520.0
37.82 704540.0
37.82 704560.0
37.82 704580.0
37.82 704600.0
37.82 704620.0
37.82 704640.0
37.82 704660.0
37.82 704680.0
37.82 704700.0
37.82 704720.0
37.82 704740.0
37.82 704760.0
37.82 704780.0
37.82 704800.0
37.82 704820.0
37.82 704840.0
37.82 704860.0
37.82 704880.0
37.82 704900.0
37.82 704920.0
37.82 704940.0
37.82 704960.0
37.82 704980.0
37.82 705000.0
38.96 705020.0
37.82 705040.0
37.82 705060.0
37.82 705080.0
37.82 705100.0
38.96 705120.0
37.82 705140.0
37.82 705160.0
37.82 705180.0
37.82 705200.0
37.82 705220.0
37.82 705240.0
37.82 705260.0
37.82 705280.0
37.82 705300.0
37.82 705320.0
37.82 705340.0
37.82 705360.0
37.82 705380.0
37.82 705400.0
37.82 705420.0
37.82 705440.0
37.82 705460.0
37.82 705480.0
38.96 705500.0
37.82 705520.0
37.82 705540.0
37.82 705560.0
37.82 705580.0
37.82 705600.0
37.82 705620.0
37.82 705640.0
37.82 705660.0
37.82 705680.0
37.82 705700.0
37.82 705720.0
37.82 705740.0
37.82 705760.0
37.82 705780.0
38.96 705800.0
37.82 705820.0
37.82 705840.0
37.82 705860.0
37.82 705880.0
37.82 705900.0
37.82 705920.0
37.82 705940.0
37.82 705960.0
37.82 705980.0
37.82 706000.0
37.82 706020.0
37.82 706040.0
37.82 706060.0
37.82 706080.0
37.82 706100.0
37.82 706120.0
37.82 706140.0
37.82 706160.0
37.82 706180.0
37.82 706200.0
38.96 706220.0
37.82 706240.0
37.82 706260.0
38.96 706280.0
37.82 706300.0
37.82 706320.0
37.82 706340.0
37.82 706360.0
38.96 706380.0
37.82 706400.0
37.82 706420.0
37.82 706440.0
38.96 706460.0
38.96 706480.0
37.82 706500.0
37.82 706520.0
37.82 706540.0
37.82 706560.0
37.82 706580.0
37.82 706600.0
37.82 706620.0
37.82 706640.0
37.82 706660.0
37.82 706680.0
38.96 706700.0
37.82 706720.0
37.82 706740.0
37.82 706760.0
37.82 706780.0
37.82 706800.0
37.82 706820.0
37.82 706840.0
37.82 706860.0
37.82 706880.0
37.82 706900.0
37.82 706920.0
37.82 706940.0
37.82 706960.0
37.82 706980.0
37.82 707000.0
37.82 707020.0
37.82 707040.0
37.82 707060.0
37.82 707080.0
37.82 707100.0
37.82 707120.0
37.82 707140.0
37.82 707160.0
37.82 707180.0
37.82 707200.0
37.82 707220.0
37.82 707240.0
37.82 707260.0
37.82 707280.0
37.82 707300.0
38.96 707320.0
37.82 707340.0
38.96 707360.0
37.82 707380.0
37.82 707400.0
37.82 707420.0
37.82 707440.0
37.82 707460.0
37.82 707480.0
37.82 707500.0
38.96 707520.0
36.68 707540.0
37.82 707560.0
38.96 707580.0
37.82 707600.0
37.82 707620.0
37.82 707640.0
37.82 707660.0
37.82 707680.0
37.82 707700.0
37.82 707720.0
37.82 707740.0
37.82 707760.0
37.82 707780.0
37.82 707800.0
37.82 707820.0
37.82 707840.0
37.82 707860.0
37.82 707880.0
38.96 707900.0
37.82 707920.0
37.82 707940.0
37.82 707960.0
37.82 707980.0
37.82 708000.0
37.82 708020.0
38.96 708040.0
37.82 708060.0
37.82 708080.0
37.82 708100.0
37.82 708120.0
37.82 708140.0
37.82 708160.0
37.82 708180.0
38.96 708200.0
37.82 708220.0
37.82 708240.0
37.82 708260.0
37.82 708280.0
37.82 708300.0
37.82 708320.0
37.82 708340.0
37.82 708360.0
37.82 708380.0
37.82 708400.0
37.82 708420.0
37.82 708440.0
37.82 708460.0
37.82 708480.0
38.96 708500.0
37.82 708520.0
37.82 708540.0
37.82 708560.0
37.82 708580.0
37.82 708600.0
37.82 708620.0
37.82 708640.0
37.82 708660.0
37.82 708680.0
37.82 708700.0
37.82 708720.0
37.82 708740.0
37.82 708760.0
37.82 708780.0
37.82 708800.0
37.82 708820.0
37.82 708840.0
37.82 708860.0
37.82 708880.0
37.82 708900.0
37.82 708920.0
37.82 708940.0
37.82 708960.0
37.82 708980.0
37.82 709000.0
37.82 709020.0
37.82 709040.0
36.68 709060.0
37.82 709080.0
37.82 709100.0
37.82 709120.0
37.82 709140.0
37.82 709160.0
37.82 709180.0
37.82 709200.0
37.82 709220.0
37.82 709240.0
36.68 709260.0
37.82 709280.0
37.82 709300.0
37.82 709320.0
37.82 709340.0
37.82 709360.0
37.82 709380.0
37.82 709400.0
37.82 709420.0
37.82 709440.0
37.82 709460.0
37.82 709480.0
37.82 709500.0
37.82 709520.0
37.82 709540.0
37.82 709560.0
37.82 709580.0
37.82 709600.0
37.82 709620.0
37.82 709640.0
37.82 709660.0
37.82 709680.0
37.82 709700.0
37.82 709720.0
37.82 709740.0
37.82 709760.0
38.96 709780.0
37.82 709800.0
38.96 709820.0
37.82 709840.0
38.96 709860.0
37.82 709880.0
37.82 709900.0
37.82 709920.0
38.96 709940.0
37.82 709960.0
38.96 709980.0
37.82 710000.0
38.96 710020.0
38.96 710040.0
37.82 710060.0
37.82 710080.0
37.82 710100.0
37.82 710120.0
37.82 710140.0
37.82 710160.0
37.82 710180.0
37.82 710200.0
38.96 710220.0
37.82 710240.0
37.82 710260.0
37.82 710280.0
37.82 710300.0
37.82 710320.0
38.96 710340.0
37.82 710360.0
37.82 710380.0
37.82 710400.0
37.82 710420.0
37.82 710440.0
37.82 710460.0
38.96 710480.0
38.96 710500.0
37.82 710520.0
38.96 710540.0
37.82 710560.0
37.82 710580.0
37.82 710600.0
37.82 710620.0
37.82 710640.0
37.82 710660.0
37.82 710680.0
37.82 710700.0
37.82 710720.0
37.82 710740.0
37.82 710760.0
37.82 710780.0
37.82 710800.0
37.82 710820.0
37.82 710840.0
37.82 710860.0
37.82 710880.0
38.96 710900.0
38.96 710920.0
37.82 710940.0
37.82 710960.0
37.82 710980.0
38.96 711000.0
37.82 711020.0
37.82 711040.0
37.82 711060.0
37.82 711080.0
37.82 711100.0
38.96 711120.0
37.82 711140.0
37.82 711160.0
37.82 711180.0
38.96 711200.0
38.96 711220.0
38.96 711240.0
37.82 711260.0
37.82 711280.0
37.82 711300.0
37.82 711320.0
37.82 711340.0
37.82 711360.0
37.82 711380.0
37.82 711400.0
37.82 711420.0
37.82 711440.0
37.82 711460.0
37.82 711480.0
37.82 711500.0
37.82 711520.0
37.82 711540.0
37.82 711560.0
37.82 711580.0
37.82 711600.0
37.82 711620.0
37.82 711640.0
37.82 711660.0
37.82 711680.0
37.82 711700.0
37.82 711720.0
37.82 711740.0
37.82 711760.0
38.96 711780.0
37.82 711800.0
37.82 711820.0
37.82 711840.0
38.96 711860.0
37.82 711880.0
37.82 711900.0
37.82 711920.0
37.82 711940.0
37.82 711960.0
37.82 711980.0
37.82 712000.0
37.82 712020.0
37.82 712040.0
38.96 712060.0
37.82 712080.0
37.82 712100.0
37.82 712120.0
37.82 712140.0
37.82 712160.0
37.82 712180.0
37.82 712200.0
37.82 712220.0
37.82 712240.0
37.82 712260.0
37.82 712280.0
37.82 712300.0
37.82 712320.0
37.82 712340.0
37.82 712360.0
37.82 712380.0
37.82 712400.0
37.82 712420.0
37.82 712440.0
37.82 712460.0
37.82 712480.0
37.82 712500.0
37.82 712520.0
37.82 712540.0
37.82 712560.0
38.96 712580.0
37.82 712600.0
37.82 712620.0
37.82 712640.0
37.82 712660.0
38.96 712680.0
37.82 712700.0
38.96 712720.0
37.82 712740.0
37.82 712760.0
37.82 712780.0
37.82 712800.0
37.82 712820.0
37.82 712840.0
37.82 712860.0
37.82 712880.0
38.96 712900.0
38.96 712920.0
37.82 712940.0
37.82 712960.0
37.82 712980.0
37.82 713000.0
37.82 713020.0
38.96 713040.0
37.82 713060.0
37.82 713080.0
37.82 713100.0
37.82 713120.0
37.82 713140.0
37.82 713160.0
37.82 713180.0
37.82 713200.0
37.82 713220.0
37.82 713240.0
37.82 713260.0
37.82 713280.0
37.82 713300.0
37.82 713320.0
38.96 713340.0
37.82 713360.0
37.82 713380.0
37.82 713400.0
37.82 713420.0
37.82 713440.0
37.82 713460.0
37.82 713480.0
38.96 713500.0
37.82 713520.0
37.82 713540.0
37.82 713560.0
37.82 713580.0
38.96 713600.0
37.82 713620.0
37.82 713640.0
37.82 713660.0
37.82 713680.0
38.96 713700.0
37.82 713720.0
38.96 713740.0
38.96 713760.0
37.82 713780.0
38.96 713800.0
37.82 713820.0
38.96 713840.0
37.82 713860.0
37.82 713880.0
37.82 713900.0
37.82 713920.0
38.96 713940.0
37.82 713960.0
38.96 713980.0
37.82 714000.0
37.82 714020.0
37.82 714040.0
37.82 714060.0
37.82 714080.0
37.82 714100.0
37.82 714120.0
37.82 714140.0
38.96 714160.0
37.82 714180.0
37.82 714200.0
37.82 714220.0
37.82 714240.0
37.82 714260.0
38.96 714280.0
37.82 714300.0
38.96 714320.0
37.82 714340.0
38.96 714360.0
38.96 714380.0
38.96 714400.0
37.82 714420.0
37.82 714440.0
38.96 714460.0
37.82 714480.0
37.82 714500.0
37.82 714520.0
37.82 714540.0
37.82 714560.0
37.82 714580.0
37.82 714600.0
37.82 714620.0
37.82 714640.0
37.82 714660.0
38.96 714680.0
38.96 714700.0
37.82 714720.0
37.82 714740.0
38.96 714760.0
37.82 714780.0
37.82 714800.0
37.82 714820.0
37.82 714840.0
37.82 714860.0
37.82 714880.0
37.82 714900.0
37.82 714920.0
37.82 714940.0
37.82 714960.0
37.82 714980.0
37.82 715000.0
37.82 715020.0
37.82 715040.0
37.82 715060.0
37.82 715080.0
37.82 715100.0
38.96 715120.0
37.82 715140.0
37.82 715160.0
37.82 715180.0
37.82 715200.0
37.82 715220.0
37.82 715240.0
37.82 715260.0
37.82 715280.0
37.82 715300.0
37.82 715320.0
37.82 715340.0
37.82 715360.0
38.96 715380.0
37.82 715400.0
37.82 715420.0
37.82 715440.0
37.82 715460.0
37.82 715480.0
37.82 715500.0
37.82 715520.0
37.82 715540.0
37.82 715560.0
37.82 715580.0
37.82 715600.0
37.82 715620.0
37.82 715640.0
37.82 715660.0
37.82 715680.0
37.82 715700.0
37.82 715720.0
38.96 715740.0
37.82 715760.0
37.82 715780.0
37.82 715800.0
37.82 715820.0
38.96 715840.0
37.82 715860.0
37.82 715880.0
37.82 715900.0
37.82 715920.0
37.82 715940.0
37.82 715960.0
37.82 715980.0
37.82 716000.0
37.82 716020.0
37.82 716040.0
37.82 716060.0
37.82 716080.0
37.82 716100.0
37.82 716120.0
37.82 716140.0
38.96 716160.0
37.82 716180.0
38.96 716200.0
37.82 716220.0
37.82 716240.0
37.82 716260.0
37.82 716280.0
37.82 716300.0
37.82 716320.0
37.82 716340.0
37.82 716360.0
37.82 716380.0
38.96 716400.0
37.82 716420.0
37.82 716440.0
37.82 716460.0
37.82 716480.0
37.82 716500.0
37.82 716520.0
37.82 716540.0
37.82 716560.0
37.82 716580.0
37.82 716600.0
37.82 716620.0
37.82 716640.0
37.82 716660.0
37.82 716680.0
37.82 716700.0
37.82 716720.0
37.82 716740.0
37.82 716760.0
37.82 716780.0
37.82 716800.0
37.82 716820.0
37.82 716840.0
37.82 716860.0
37.82 716880.0
37.82 716900.0
37.82 716920.0
37.82 716940.0
37.82 716960.0
37.82 716980.0
37.82 717000.0
38.96 717020.0
38.96 717040.0
37.82 717060.0
38.96 717080.0
37.82 717100.0
37.82 717120.0
38.96 717140.0
37.82 717160.0
37.82 717180.0
38.96 717200.0
37.82 717220.0
37.82 717240.0
38.96 717260.0
37.82 717280.0
37.82 717300.0
37.82 717320.0
37.82 717340.0
37.82 717360.0
37.82 717380.0
38.96 717400.0
37.82 717420.0
37.82 717440.0
37.82 717460.0
37.82 717480.0
37.82 717500.0
37.82 717520.0
37.82 717540.0
37.82 717560.0
37.82 717580.0
37.82 717600.0
38.96 717620.0
38.96 717640.0
37.82 717660.0
38.96 717680.0
37.82 717700.0
38.96 717720.0
37.82 717740.0
37.82 717760.0
38.96 717780.0
37.82 717800.0
37.82 717820.0
37.82 717840.0
37.82 717860.0
37.82 717880.0
37.82 717900.0
38.96 717920.0
38.96 717940.0
38.96 717960.0
38.96 717980.0
37.82 718000.0
37.82 718020.0
37.82 718040.0
37.82 718060.0
37.82 718080.0
38.96 718100.0
37.82 718120.0
37.82 718140.0
37.82 718160.0
37.82 718180.0
37.82 718200.0
37.82 718220.0
37.82 718240.0
37.82 718260.0
37.82 718280.0
37.82 718300.0
37.82 718320.0
37.82 718340.0
37.82 718360.0
37.82 718380.0
37.82 718400.0
37.82 718420.0
37.82 718440.0
37.82 718460.0
37.82 718480.0
37.82 718500.0
37.82 718520.0
37.82 718540.0
37.82 718560.0
37.82 718580.0
37.82 718600.0
37.82 718620.0
37.82 718640.0
37.82 718660.0
37.82 718680.0
38.96 718700.0
37.82 718720.0
38.96 718740.0
37.82 718760.0
37.82 718780.0
38.96 718800.0
37.82 718820.0
37.82 718840.0
37.82 718860.0
37.82 718880.0
37.82 718900.0
37.82 718920.0
37.82 718940.0
38.96 718960.0
37.82 718980.0
38.96 719000.0
37.82 719020.0
37.82 719040.0
37.82 719060.0
37.82 719080.0
37.82 719100.0
38.96 719120.0
37.82 719140.0
37.82 719160.0
37.82 719180.0
37.82 719200.0
38.96 719220.0
38.96 719240.0
37.82 719260.0
37.82 719280.0
38.96 719300.0
38.96 719320.0
37.82 719340.0
38.96 719360.0
37.82 719380.0
37.82 719400.0
37.82 719420.0
37.82 719440.0
37.82 719460.0
37.82 719480.0
37.82 719500.0
38.96 719520.0
37.82 719540.0
37.82 719560.0
38.96 719580.0
37.82 719600.0
37.82 719620.0
38.96 719640.0
37.82 719660.0
37.82 719680.0
37.82 719700.0
38.96 719720.0
37.82 719740.0
37.82 719760.0
37.82 719780.0
37.82 719800.0
37.82 719820.0
37.82 719840.0
38.96 719860.0
37.82 719880.0
37.82 719900.0
37.82 719920.0
37.82 719940.0
37.82 719960.0
38.96 719980.0
37.82 720000.0
37.82 720020.0
37.82 720040.0
37.82 720060.0
37.82 720080.0
37.82 720100.0
38.96 720120.0
37.82 720140.0
38.96 720160.0
37.82 720180.0
37.82 720200.0
37.82 720220.0
38.96 720240.0
37.82 720260.0
37.82 720280.0
38.96 720300.0
37.82 720320.0
38.96 720340.0
37.82 720360.0
37.82 720380.0
38.96 720400.0
37.82 720420.0
37.82 720440.0
37.82 720460.0
37.82 720480.0
37.82 720500.0
38.96 720520.0
37.82 720540.0
38.96 720560.0
38.96 720580.0
37.82 720600.0
37.82 720620.0
37.82 720640.0
37.82 720660.0
37.82 720680.0
38.96 720700.0
37.82 720720.0
37.82 720740.0
37.82 720760.0
38.96 720780.0
37.82 720800.0
37.82 720820.0
37.82 720840.0
38.96 720860.0
37.82 720880.0
37.82 720900.0
37.82 720920.0
37.82 720940.0
38.96 720960.0
37.82 720980.0
38.96 721000.0
37.82 721020.0
37.82 721040.0
37.82 721060.0
37.82 721080.0
37.82 721100.0
37.82 721120.0
38.96 721140.0
37.82 721160.0
38.96 721180.0
37.82 721200.0
38.96 721220.0
38.96 721240.0
37.82 721260.0
37.82 721280.0
38.96 721300.0
38.96 721320.0
37.82 721340.0
37.82 721360.0
37.82 721380.0
37.82 721400.0
37.82 721420.0
37.82 721440.0
37.82 721460.0
37.82 721480.0
37.82 721500.0
37.82 721520.0
37.82 721540.0
38.96 721560.0
37.82 721580.0
38.96 721600.0
38.96 721620.0
37.82 721640.0
37.82 721660.0
37.82 721680.0
38.96 721700.0
37.82 721720.0
37.82 721740.0
37.82 721760.0
37.82 721780.0
37.82 721800.0
37.82 721820.0
37.82 721840.0
38.96 721860.0
37.82 721880.0
38.96 721900.0
37.82 721920.0
37.82 721940.0
37.82 721960.0
37.82 721980.0
37.82 722000.0
37.82 722020.0
37.82 722040.0
37.82 722060.0
37.82 722080.0
37.82 722100.0
38.96 722120.0
37.82 722140.0
37.82 722160.0
37.82 722180.0
37.82 722200.0
37.82 722220.0
37.82 722240.0
37.82 722260.0
37.82 722280.0
37.82 722300.0
38.96 722320.0
37.82 722340.0
37.82 722360.0
37.82 722380.0
37.82 722400.0
37.82 722420.0
37.82 722440.0
37.82 722460.0
37.82 722480.0
37.82 722500.0
37.82 722520.0
38.96 722540.0
37.82 722560.0
38.96 722580.0
37.82 722600.0
37.82 722620.0
38.96 722640.0
37.82 722660.0
37.82 722680.0
38.96 722700.0
37.82 722720.0
38.96 722740.0
37.82 722760.0
38.96 722780.0
37.82 722800.0
37.82 722820.0
37.82 722840.0
37.82 722860.0
37.82 722880.0
37.82 722900.0
38.96 722920.0
37.82 722940.0
37.82 722960.0
37.82 722980.0
38.96 723000.0
38.96 723020.0
38.96 723040.0
38.96 723060.0
37.82 723080.0
37.82 723100.0
38.96 723120.0
37.82 723140.0
38.96 723160.0
38.96 723180.0
37.82 723200.0
37.82 723220.0
37.82 723240.0
37.82 723260.0
38.96 723280.0
37.82 723300.0
37.82 723320.0
37.82 723340.0
38.96 723360.0
37.82 723380.0
37.82 723400.0
37.82 723420.0
37.82 723440.0
37.82 723460.0
38.96 723480.0
37.82 723500.0
37.82 723520.0
37.82 723540.0
37.82 723560.0
37.82 723580.0
37.82 723600.0
37.82 723620.0
37.82 723640.0
37.82 723660.0
37.82 723680.0
37.82 723700.0
37.82 723720.0
37.82 723740.0
37.82 723760.0
37.82 723780.0
37.82 723800.0
38.96 723820.0
37.82 723840.0
37.82 723860.0
37.82 723880.0
37.82 723900.0
38.96 723920.0
37.82 723940.0
37.82 723960.0
37.82 723980.0
37.82 724000.0
37.82 724020.0
37.82 724040.0
37.82 724060.0
37.82 724080.0
37.82 724100.0
37.82 724120.0
37.82 724140.0
37.82 724160.0
37.82 724180.0
37.82 724200.0
38.96 724220.0
38.96 724240.0
37.82 724260.0
38.96 724280.0
37.82 724300.0
37.82 724320.0
38.96 724340.0
37.82 724360.0
37.82 724380.0
37.82 724400.0
37.82 724420.0
37.82 724440.0
38.96 724460.0
37.82 724480.0
37.82 724500.0
38.96 724520.0
37.82 724540.0
37.82 724560.0
37.82 724580.0
37.82 724600.0
37.82 724620.0
37.82 724640.0
38.96 724660.0
37.82 724680.0
37.82 724700.0
37.82 724720.0
37.82 724740.0
37.82 724760.0
37.82 724780.0
37.82 724800.0
37.82 724820.0
37.82 724840.0
37.82 724860.0
38.96 724880.0
37.82 724900.0
38.96 724920.0
37.82 724940.0
37.82 724960.0
37.82 724980.0
37.82 725000.0
37.82 725020.0
37.82 725040.0
37.82 725060.0
38.96 725080.0
37.82 725100.0
37.82 725120.0
37.82 725140.0
38.96 725160.0
37.82 725180.0
37.82 725200.0
37.82 725220.0
37.82 725240.0
38.96 725260.0
37.82 725280.0
37.82 725300.0
37.82 725320.0
37.82 725340.0
37.82 725360.0
37.82 725380.0
37.82 725400.0
37.82 725420.0
37.82 725440.0
37.82 725460.0
37.82 725480.0
38.96 725500.0
37.82 725520.0
37.82 725540.0
37.82 725560.0
37.82 725580.0
37.82 725600.0
37.82 725620.0
38.96 725640.0
37.82 725660.0
37.82 725680.0
37.82 725700.0
37.82 725720.0
37.82 725740.0
38.96 725760.0
38.96 725780.0
37.82 725800.0
37.82 725820.0
38.96 725840.0
37.82 725860.0
37.82 725880.0
37.82 725900.0
37.82 725920.0
37.82 725940.0
38.96 725960.0
38.96 725980.0
38.96 726000.0
38.96 726020.0
38.96 726040.0
37.82 726060.0
37.82 726080.0
37.82 726100.0
38.96 726120.0
37.82 726140.0
37.82 726160.0
37.82 726180.0
37.82 726200.0
38.96 726220.0
37.82 726240.0
37.82 726260.0
37.82 726280.0
37.82 726300.0
37.82 726320.0
37.82 726340.0
38.96 726360.0
37.82 726380.0
37.82 726400.0
37.82 726420.0
37.82 726440.0
38.96 726460.0
37.82 726480.0
38.96 726500.0
37.82 726520.0
37.82 726540.0
37.82 726560.0
37.82 726580.0
37.82 726600.0
37.82 726620.0
37.82 726640.0
37.82 726660.0
37.82 726680.0
37.82 726700.0
38.96 726720.0
37.82 726740.0
37.82 726760.0
37.82 726780.0
37.82 726800.0
37.82 726820.0
37.82 726840.0
38.96 726860.0
38.96 726880.0
37.82 726900.0
38.96 726920.0
37.82 726940.0
38.96 726960.0
37.82 726980.0
37.82 727000.0
37.82 727020.0
37.82 727040.0
37.82 727060.0
37.82 727080.0
37.82 727100.0
38.96 727120.0
38.96 727140.0
37.82 727160.0
38.96 727180.0
38.96 727200.0
37.82 727220.0
38.96 727240.0
38.96 727260.0
37.82 727280.0
38.96 727300.0
38.96 727320.0
38.96 727340.0
37.82 727360.0
37.82 727380.0
38.96 727400.0
37.82 727420.0
38.96 727440.0
37.82 727460.0
38.96 727480.0
38.96 727500.0
37.82 727520.0
37.82 727540.0
38.96 727560.0
38.96 727580.0
37.82 727600.0
38.96 727620.0
37.82 727640.0
38.96 727660.0
37.82 727680.0
37.82 727700.0
38.96 727720.0
37.82 727740.0
37.82 727760.0
37.82 727780.0
37.82 727800.0
37.82 727820.0
37.82 727840.0
