34.4 15.91
34.4 16.1
34.4 16.0
34.4 15.94
34.4 15.79
34.4 16.16
34.4 16.14
34.4 16.08
35.54 15.99
35.54 16.16
34.4 15.98
34.4 16.26
34.4 16.19
35.54 15.91
35.54 15.95
35.54 16.0
35.54 15.78
35.54 16.14
34.4 16.07
35.54 16.06
36.68 16.03
35.54 16.05
35.54 15.99
35.54 15.96
34.4 16.06
34.4 15.82
35.54 15.95
34.4 15.99
36.68 16.01
36.68 15.87
36.68 16.0
36.68 15.91
36.68 16.0
36.68 16.08
34.4 15.82
36.68 15.8
36.68 15.75
36.68 15.97
36.68 16.02
36.68 15.87
36.68 16.07
36.68 16.01
36.68 16.0
36.68 15.86
36.68 15.64
36.68 15.88
36.68 15.78
36.68 15.9
36.68 16.02
36.68 16.03
36.68 15.85
36.68 15.92
37.82 15.81
36.68 15.89
36.68 15.74
36.68 15.86
36.68 15.64
36.68 15.82
37.82 15.9
37.82 15.64
37.82 15.74
37.82 15.76
36.68 15.87
36.68 15.68
36.68 15.6
37.82 15.87
37.82 15.81
37.82 15.83
37.82 15.97
37.82 15.82
37.82 15.71
37.82 15.89
36.68 15.76
37.82 15.69
36.68 15.87
36.68 15.86
37.82 15.98
37.82 15.78
36.68 15.84
37.82 15.71
37.82 16.05
37.82 15.7
37.82 15.73
37.82 15.5
37.82 15.64
37.82 15.57
37.82 15.98
37.82 15.77
37.82 15.61
38.96 15.67
38.96 16.02
37.82 15.79
37.82 15.86
37.82 15.62
37.82 15.94
36.68 15.88
36.68 15.56
37.82 15.73
37.82 15.64
37.82 15.78
38.96 15.84
38.96 15.76
38.96 15.89
37.82 15.82
37.82 15.6
38.96 15.85
37.82 15.69
38.96 15.81
37.82 15.55
38.96 15.65
37.82 15.58
37.82 15.8
38.96 15.73
38.96 15.85
38.96 15.7
38.96 15.87
37.82 15.76
38.96 15.7
38.96 15.65
38.96 15.76
38.96 15.71
38.96 15.68
38.96 15.89
38.96 15.59
38.96 15.74
38.96 15.82
38.96 15.78
38.96 15.58
38.96 15.8
38.96 15.66
38.96 15.58
38.96 15.86
38.96 15.79
38.96 15.6
38.96 15.67
38.96 15.62
37.82 15.87
38.96 15.47
38.96 15.6
40.1 15.89
38.96 15.68
38.96 15.63
37.82 15.57
38.96 15.67
38.96 15.66
38.96 15.82
38.96 15.53
38.96 15.47
38.96 15.34
38.96 15.72
38.96 15.54
38.96 15.63
38.96 15.58
38.96 15.55
38.96 15.62
38.96 15.76
38.96 15.51
38.96 15.47
38.96 15.57
38.96 15.57
38.96 15.64
38.96 15.68
38.96 15.76
40.1 15.67
38.96 15.59
37.82 15.54
38.96 15.55
38.96 15.68
40.1 15.57
40.1 15.62
40.1 15.38
40.1 15.67
40.1 15.53
38.96 15.36
40.1 15.63
40.1 15.5
38.96 15.53
38.96 15.7
38.96 15.69
38.96 15.62
40.1 15.72
38.96 15.59
40.1 15.52
40.1 15.52
38.96 15.57
40.1 15.57
40.1 15.46
40.1 15.5
40.1 15.69
40.1 15.44
38.96 15.62
38.96 15.47
40.1 15.43
40.1 15.41
38.96 15.56
40.1 15.5
38.96 15.61
38.96 15.46
40.1 15.7
40.1 15.49
40.1 15.54
40.1 15.43
40.1 15.34
40.1 15.58
40.1 15.4
40.1 15.53
40.1 15.36
40.1 15.78
40.1 15.58
40.1 15.47
40.1 15.32
38.96 15.32
40.1 15.42
40.1 15.54
40.1 15.36
40.1 15.42
40.1 15.53
40.1 15.81
40.1 15.4
40.1 15.54
40.1 15.55
38.96 15.63
40.1 15.64
40.1 15.56
40.1 15.6
40.1 15.38
40.1 15.22
38.96 15.5
40.1 15.65
41.24 15.5
40.1 15.44
40.1 15.65
40.1 15.25
40.1 15.41
40.1 15.54
40.1 15.54
40.1 15.55
38.96 15.6
38.96 15.66
40.1 15.46
40.1 15.25
38.96 15.49
41.24 15.52
40.1 15.47
40.1 15.7
41.24 15.46
40.1 15.63
40.1 15.57
40.1 15.47
40.1 15.53
40.1 15.66
38.96 15.58
40.1 15.38
40.1 15.63
40.1 15.52
41.24 15.4
40.1 15.3
40.1 15.44
40.1 15.71
40.1 15.57
40.1 15.49
40.1 15.55
40.1 15.38
41.24 15.5
40.1 15.46
38.96 15.49
41.24 15.48
38.96 15.65
38.96 15.54
40.1 15.42
40.1 15.41
40.1 15.51
40.1 15.31
40.1 15.33
40.1 15.47
40.1 15.53
41.24 15.86
41.24 15.68
41.24 15.32
41.24 15.47
41.24 15.38
41.24 15.44
40.1 15.36
40.1 15.38
41.24 15.28
41.24 15.55
41.24 15.4
41.24 15.41
41.24 15.47
40.1 15.49
40.1 15.54
41.24 15.5
40.1 15.47
41.24 15.46
41.24 15.57
41.24 15.38
41.24 15.41
40.1 15.37
41.24 15.41
41.24 15.38
40.1 15.52
41.24 15.65
41.24 15.54
41.24 15.51
41.24 15.41
41.24 15.23
41.24 15.44
41.24 15.54
41.24 15.36
41.24 15.55
40.1 15.48
41.24 15.59
41.24 15.52
41.24 15.39
40.1 15.39
41.24 15.63
41.24 15.51
41.24 15.33
41.24 15.55
41.24 15.36
41.24 15.38
41.24 15.28
41.24 15.34
41.24 15.22
41.24 15.42
41.24 15.38
40.1 15.2
41.24 15.33
41.24 15.36
41.24 15.55
41.24 15.33
41.24 15.35
41.24 15.32
41.24 15.5
41.24 15.37
41.24 15.43
41.24 15.26
41.24 15.43
41.24 15.27
40.1 15.54
41.24 15.54
41.24 15.34
41.24 15.53
41.24 15.28
41.24 15.33
41.24 15.44
41.24 15.45
41.24 15.38
41.24 15.27
41.24 15.26
41.24 15.44
41.24 15.26
41.24 15.06
41.24 15.39
40.1 15.34
41.24 15.38
41.24 15.46
41.24 15.39
41.24 15.39
41.24 15.43
41.24 15.43
41.24 15.12
42.38 15.14
41.24 15.46
42.38 15.25
42.38 15.05
41.24 14.99
41.24 15.07
41.24 15.23
42.38 15.18
41.24 15.08
41.24 15.04
41.24 15.25
42.38 15.07
41.24 15.15
41.24 15.39
41.24 15.18
41.24 15.36
41.24 15.34
42.38 15.05
41.24 15.26
41.24 15.33
42.38 15.1
41.24 15.1
41.24 15.13
41.24 15.33
41.24 15.39
42.38 15.2
41.24 15.23
42.38 15.47
41.24 15.32
41.24 15.42
41.24 15.16
41.24 15.33
41.24 15.23
42.38 15.31
41.24 15.11
41.24 15.25
41.24 15.32
42.38 15.18
41.24 14.99
42.38 15.25
41.24 15.48
41.24 15.47
41.24 15.29
42.38 15.22
42.38 15.27
41.24 15.1
42.38 15.09
41.24 15.2
41.24 15.36
42.38 15.38
41.24 15.46
42.38 15.14
42.38 15.05
42.38 15.21
42.38 15.31
41.24 15.35
42.38 15.56
42.38 15.12
42.38 15.43
41.24 15.47
41.24 15.1
41.24 15.25
41.24 15.43
42.38 15.27
41.24 15.19
41.24 15.13
41.24 15.46
41.24 15.3
42.38 15.17
41.24 15.17
41.24 15.14
42.38 15.01
42.38 15.1
41.24 15.26
41.24 15.47
41.24 15.21
41.24 15.46
42.38 15.3
41.24 15.41
41.24 15.44
42.38 15.24
42.38 15.1
42.38 15.35
41.24 15.2
41.24 15.28
42.38 15.2
41.24 15.18
42.38 15.09
42.38 15.37
42.38 15.12
41.24 15.3
41.24 15.47
42.38 15.2
42.38 15.25
42.38 15.34
41.24 15.27
42.38 15.14
41.24 14.93
41.24 15.12
42.38 15.33
42.38 15.2
42.38 15.23
41.24 15.01
42.38 15.12
41.24 15.12
42.38 15.14
42.38 15.23
42.38 15.07
42.38 14.93
42.38 15.23
42.38 15.2
42.38 15.02
41.24 15.22
42.38 15.25
42.38 15.14
42.38 15.04
42.38 15.04
42.38 15.34
42.38 15.31
42.38 15.07
42.38 15.06
42.38 15.1
41.24 15.14
41.24 15.33
42.38 15.38
42.38 15.18
42.38 15.22
41.24 15.36
42.38 15.33
42.38 15.12
42.38 15.28
41.24 15.33
41.24 15.51
41.24 15.31
42.38 15.26
42.38 15.06
42.38 15.04
42.38 15.13
42.38 15.3
42.38 15.14
42.38 15.28
42.38 15.12
41.24 15.33
42.38 15.33
42.38 15.14
42.38 15.38
42.38 15.38
42.38 15.16
42.38 15.17
42.38 15.04
42.38 15.09
41.24 14.95
41.24 15.35
42.38 15.3
42.38 15.61
42.38 15.2
42.38 15.3
42.38 15.17
42.38 15.11
42.38 15.17
42.38 15.22
42.38 15.34
42.38 15.28
42.38 15.36
42.38 15.2
42.38 15.4
41.24 15.11
42.38 15.22
42.38 15.18
43.52 15.35
42.38 15.33
42.38 15.1
42.38 15.19
42.38 15.34
42.38 15.02
42.38 15.15
42.38 15.27
42.38 15.54
42.38 15.28
42.38 15.22
42.38 15.19
42.38 15.04
41.24 15.25
43.52 15.41
42.38 15.37
42.38 15.33
42.38 15.25
42.38 15.15
42.38 15.44
42.38 15.12
42.38 15.3
42.38 15.07
43.52 15.06
42.38 15.2
42.38 15.35
42.38 15.31
42.38 15.07
41.24 15.01
42.38 15.18
42.38 15.22
42.38 15.01
42.38 15.11
42.38 15.04
42.38 15.17
41.24 15.16
43.52 15.18
42.38 15.1
43.52 15.22
42.38 15.27
42.38 15.27
42.38 15.3
43.52 15.26
42.38 15.21
42.38 15.3
41.24 14.87
43.52 15.05
42.38 15.15
42.38 15.12
43.52 15.05
42.38 15.08
42.38 15.2
42.38 15.12
42.38 15.14
42.38 15.07
42.38 15.04
43.52 15.07
42.38 15.25
42.38 15.03
42.38 15.33
43.52 15.22
42.38 15.12
43.52 15.17
42.38 15.1
42.38 14.92
43.52 15.14
42.38 15.17
42.38 14.96
42.38 15.18
42.38 15.3
42.38 14.99
43.52 14.99
43.52 15.3
43.52 15.02
42.38 15.13
42.38 15.12
42.38 15.39
43.52 14.95
42.38 15.1
42.38 15.11
42.38 15.04
42.38 15.35
42.38 15.06
43.52 14.94
43.52 15.07
43.52 15.06
43.52 14.95
42.38 15.04
42.38 15.02
42.38 15.06
42.38 14.96
42.38 15.35
42.38 14.94
42.38 15.11
43.52 15.18
42.38 14.93
43.52 14.99
42.38 15.28
43.52 14.96
43.52 15.14
42.38 15.22
42.38 14.97
43.52 15.07
42.38 15.24
42.38 15.04
43.52 15.07
43.52 15.08
42.38 15.13
43.52 15.18
42.38 15.31
42.38 14.94
43.52 15.14
43.52 15.13
42.38 15.05
43.52 15.19
43.52 15.06
43.52 15.11
42.38 15.12
43.52 15.13
42.38 14.91
42.38 14.82
42.38 15.21
42.38 14.88
42.38 15.07
43.52 14.99
42.38 15.08
42.38 15.08
43.52 15.24
42.38 15.24
43.52 15.19
42.38 14.8
43.52 15.09
43.52 14.77
43.52 15.14
43.52 15.1
42.38 15.15
43.52 15.02
43.52 14.88
43.52 15.11
43.52 14.95
43.52 15.04
43.52 14.93
43.52 14.93
43.52 15.17
42.38 14.93
43.52 15.06
43.52 14.74
43.52 15.01
43.52 14.98
43.52 15.12
42.38 14.98
42.38 14.94
43.52 14.74
42.38 15.06
43.52 14.98
41.24 15.04
42.38 14.94
43.52 14.94
43.52 15.17
42.38 14.88
43.52 14.98
42.38 15.08
41.24 15.0
43.52 14.82
43.52 15.01
43.52 14.95
42.38 15.07
43.52 15.06
43.52 15.07
43.52 14.98
43.52 14.84
42.38 15.26
43.52 15.01
43.52 15.02
43.52 15.07
42.38 14.92
43.52 14.99
43.52 14.98
43.52 15.25
42.38 15.0
43.52 15.06
43.52 14.9
43.52 15.07
43.52 14.98
42.38 15.05
43.52 14.95
43.52 14.99
43.52 14.96
43.52 14.95
43.52 15.05
43.52 15.01
42.38 15.04
43.52 15.06
43.52 15.03
42.38 14.81
42.38 15.17
42.38 14.95
43.52 15.06
43.52 14.93
43.52 15.01
43.52 14.96
43.52 14.87
43.52 14.99
43.52 15.01
43.52 14.93
43.52 14.83
43.52 14.93
43.52 15.18
42.38 14.96
42.38 15.22
43.52 14.82
43.52 15.02
43.52 14.85
42.38 14.94
43.52 15.06
43.52 15.08
43.52 14.79
43.52 15.12
43.52 15.05
43.52 15.06
42.38 14.93
43.52 15.06
43.52 14.98
43.52 15.04
43.52 14.89
43.52 15.1
43.52 14.88
42.38 15.04
43.52 14.65
43.52 14.93
44.66 14.99
43.52 14.94
43.52 15.23
43.52 15.02
43.52 15.0
43.52 15.06
43.52 14.96
43.52 15.13
43.52 14.93
43.52 14.96
43.52 15.12
44.66 14.98
43.52 14.83
43.52 15.13
43.52 15.17
43.52 14.97
43.52 14.99
43.52 15.04
43.52 15.25
43.52 15.04
43.52 15.02
43.52 14.91
43.52 15.06
44.66 14.91
43.52 15.1
43.52 15.03
43.52 14.97
43.52 15.02
43.52 14.94
44.66 14.95
43.52 14.99
44.66 15.15
43.52 14.94
44.66 14.96
43.52 15.01
43.52 15.05
43.52 15.14
43.52 14.9
44.66 14.84
43.52 15.05
43.52 14.84
43.52 15.01
44.66 15.06
43.52 15.18
43.52 14.97
43.52 15.18
43.52 15.23
43.52 15.06
43.52 15.0
44.66 14.87
43.52 14.99
43.52 15.07
43.52 14.99
43.52 14.86
43.52 15.17
43.52 14.98
43.52 14.74
44.66 14.84
43.52 14.85
43.52 15.02
43.52 14.8
43.52 15.06
43.52 15.03
43.52 15.02
43.52 14.74
44.66 14.89
43.52 14.9
43.52 14.79
44.66 14.92
43.52 15.02
43.52 14.96
43.52 14.81
43.52 14.81
44.66 14.95
43.52 14.96
44.66 14.94
43.52 14.82
44.66 14.78
43.52 14.9
44.66 15.01
44.66 14.91
43.52 14.92
43.52 15.21
43.52 14.82
43.52 15.01
43.52 14.98
44.66 14.95
44.66 14.91
43.52 15.2
43.52 14.98
43.52 15.02
43.52 15.13
44.66 14.95
44.66 15.02
44.66 15.23
44.66 15.25
44.66 15.03
43.52 14.9
44.66 14.89
43.52 15.1
43.52 15.09
43.52 15.07
43.52 15.03
43.52 15.01
43.52 15.1
43.52 15.04
43.52 14.94
43.52 14.87
44.66 14.93
43.52 14.86
44.66 15.01
43.52 15.01
43.52 14.76
44.66 14.98
43.52 14.9
44.66 15.16
44.66 14.88
43.52 14.95
43.52 14.88
43.52 14.91
44.66 15.13
43.52 15.12
44.66 15.17
44.66 15.09
43.52 14.91
43.52 15.06
44.66 14.83
44.66 14.9
44.66 14.82
43.52 15.02
44.66 14.69
44.66 15.26
43.52 14.94
44.66 14.93
43.52 14.85
43.52 14.94
44.66 15.06
44.66 14.94
44.66 15.03
43.52 15.02
44.66 15.01
44.66 15.15
43.52 14.85
43.52 14.85
44.66 15.03
44.66 15.0
43.52 14.88
43.52 15.01
44.66 14.77
43.52 14.93
44.66 14.75
44.66 14.99
43.52 14.97
44.66 14.93
43.52 14.92
44.66 15.08
43.52 14.74
44.66 15.1
44.66 15.14
44.66 14.82
44.66 14.94
44.66 14.86
44.66 14.79
44.66 14.9
44.66 14.99
44.66 14.89
44.66 14.94
43.52 14.88
44.66 14.71
44.66 14.77
44.66 15.04
44.66 14.66
43.52 14.89
44.66 14.88
44.66 14.89
44.66 14.79
43.52 15.04
44.66 14.94
44.66 15.1
44.66 14.96
44.66 14.8
43.52 14.9
44.66 14.79
43.52 14.74
44.66 14.79
44.66 15.01
43.52 14.99
43.52 14.77
44.66 14.61
43.52 14.92
44.66 14.77
44.66 14.8
44.66 14.87
44.66 14.74
44.66 14.83
44.66 14.74
44.66 14.67
44.66 14.92
44.66 14.88
44.66 14.85
44.66 14.88
44.66 14.98
44.66 14.88
44.66 14.77
44.66 14.74
44.66 14.71
44.66 14.9
44.66 14.89
43.52 14.74
44.66 14.73
44.66 14.74
44.66 14.92
43.52 14.81
44.66 14.77
44.66 14.9
44.66 14.96
44.66 14.94
44.66 14.96
43.52 14.92
44.66 14.91
44.66 14.89
44.66 14.64
44.66 14.85
44.66 14.71
44.66 14.8
44.66 14.93
44.66 14.83
44.66 14.74
43.52 15.1
43.52 14.8
44.66 14.96
44.66 14.85
44.66 14.74
44.66 14.82
44.66 14.8
44.66 14.87
44.66 14.98
44.66 14.85
44.66 14.71
45.8 14.72
44.66 14.73
44.66 14.82
44.66 14.83
44.66 14.85
44.66 14.77
43.52 14.71
44.66 14.75
44.66 14.73
44.66 14.66
43.52 14.83
44.66 14.79
44.66 14.69
44.66 14.68
45.8 14.85
44.66 14.85
43.52 14.97
44.66 14.74
44.66 14.9
44.66 14.94
44.66 14.9
44.66 14.84
44.66 14.71
44.66 14.73
44.66 14.67
44.66 14.87
44.66 14.67
45.8 14.67
44.66 14.87
44.66 14.77
43.52 14.8
44.66 14.79
44.66 14.67
44.66 14.83
44.66 14.71
44.66 14.85
45.8 14.62
44.66 14.87
44.66 14.9
44.66 14.72
44.66 14.58
44.66 14.93
45.8 14.74
44.66 14.77
44.66 14.82
44.66 14.84
44.66 14.76
45.8 14.93
44.66 14.83
44.66 14.99
44.66 14.84
44.66 14.85
44.66 14.86
44.66 15.01
44.66 14.77
44.66 14.71
45.8 14.85
44.66 14.85
44.66 14.75
44.66 14.54
44.66 14.9
44.66 14.83
44.66 14.91
45.8 14.91
43.52 14.69
44.66 14.69
44.66 14.67
44.66 14.79
44.66 14.75
44.66 14.99
44.66 14.58
44.66 14.87
44.66 14.87
45.8 14.69
44.66 14.9
44.66 14.7
44.66 14.85
44.66 14.71
44.66 14.73
45.8 14.85
44.66 14.78
45.8 14.71
45.8 14.68
44.66 14.65
45.8 14.98
45.8 14.62
45.8 14.67
44.66 14.77
44.66 14.78
44.66 14.68
44.66 14.75
44.66 14.88
44.66 14.52
45.8 14.77
45.8 14.68
44.66 15.07
44.66 14.9
44.66 14.85
44.66 14.68
45.8 14.74
44.66 14.78
43.52 14.85
44.66 14.96
45.8 14.87
44.66 14.69
45.8 14.61
44.66 14.66
44.66 14.75
44.66 14.86
45.8 14.62
44.66 14.82
44.66 14.67
44.66 14.58
44.66 14.92
45.8 14.77
44.66 14.88
45.8 14.67
45.8 14.85
44.66 14.75
45.8 14.72
44.66 14.78
44.66 14.79
44.66 14.68
45.8 14.66
44.66 14.71
45.8 14.89
44.66 14.61
45.8 14.74
45.8 14.84
45.8 14.73
45.8 14.75
44.66 14.79
45.8 14.81
45.8 14.73
44.66 14.78
45.8 14.59
45.8 14.77
44.66 14.8
45.8 14.7
45.8 14.51
44.66 14.74
45.8 14.93
44.66 14.79
45.8 14.7
45.8 14.85
45.8 14.77
44.66 14.83
45.8 14.59
45.8 14.88
44.66 14.82
45.8 14.75
45.8 14.71
44.66 14.9
45.8 14.74
45.8 14.89
45.8 14.68
45.8 14.8
45.8 14.56
45.8 14.71
44.66 14.63
44.66 14.61
45.8 14.86
45.8 14.66
45.8 14.77
45.8 14.75
45.8 14.67
45.8 14.6
44.66 15.0
44.66 14.79
45.8 14.84
45.8 14.59
45.8 14.85
45.8 14.74
45.8 14.47
45.8 14.62
45.8 14.81
44.66 14.81
45.8 14.72
45.8 14.78
45.8 14.64
45.8 14.82
45.8 14.75
44.66 14.64
45.8 14.79
45.8 14.87
45.8 14.99
44.66 14.67
45.8 14.75
44.66 14.82
45.8 14.72
45.8 14.8
45.8 14.66
45.8 14.85
45.8 14.84
44.66 14.86
45.8 14.53
45.8 14.83
45.8 14.87
45.8 14.69
45.8 14.75
44.66 14.73
45.8 14.79
45.8 14.74
44.66 14.77
45.8 14.58
45.8 14.96
45.8 14.66
45.8 14.67
45.8 14.83
45.8 14.71
45.8 14.9
44.66 14.77
45.8 14.59
45.8 14.77
45.8 14.72
44.66 14.63
45.8 14.81
45.8 14.88
45.8 14.75
45.8 14.74
45.8 14.71
45.8 14.74
44.66 14.75
45.8 14.99
44.66 14.8
44.66 14.79
44.66 14.83
45.8 14.62
45.8 14.76
45.8 14.82
45.8 14.63
45.8 14.75
45.8 14.71
45.8 14.9
45.8 14.82
45.8 14.85
45.8 14.77
44.66 15.01
44.66 14.77
45.8 14.56
45.8 14.52
45.8 14.78
45.8 14.66
45.8 14.77
45.8 14.58
45.8 14.91
45.8 14.77
45.8 14.72
45.8 14.63
45.8 14.86
44.66 14.7
45.8 14.69
45.8 14.62
45.8 14.85
45.8 14.96
45.8 14.48
45.8 14.83
45.8 14.74
45.8 14.64
45.8 14.69
44.66 14.51
45.8 14.96
45.8 14.56
45.8 14.67
44.66 14.57
45.8 14.69
45.8 14.51
44.66 14.71
45.8 14.71
45.8 14.69
45.8 14.71
45.8 14.9
45.8 14.69
45.8 14.9
45.8 14.61
45.8 14.86
45.8 14.74
44.66 14.62
45.8 14.64
45.8 14.59
45.8 14.72
44.66 14.77
45.8 14.61
45.8 14.63
45.8 14.83
45.8 14.67
45.8 14.62
45.8 14.82
46.94 14.61
45.8 14.67
45.8 14.62
45.8 14.83
45.8 14.8
45.8 14.77
46.94 14.89
45.8 14.83
44.66 14.86
45.8 14.66
45.8 14.85
45.8 14.77
45.8 14.72
44.66 14.73
45.8 14.72
45.8 14.57
45.8 14.78
45.8 14.75
45.8 14.63
45.8 14.71
45.8 14.67
45.8 14.79
45.8 14.74
45.8 14.85
45.8 14.61
45.8 14.63
45.8 14.74
45.8 14.52
45.8 14.78
45.8 14.66
45.8 14.58
45.8 14.59
45.8 14.67
45.8 14.83
45.8 14.81
45.8 14.79
45.8 14.83
46.94 14.72
45.8 14.79
45.8 14.63
46.94 14.77
45.8 14.63
45.8 14.71
45.8 14.75
45.8 14.75
45.8 14.72
45.8 14.74
45.8 14.74
45.8 14.68
45.8 14.79
46.94 14.76
46.94 14.67
45.8 14.87
45.8 14.74
46.94 14.84
45.8 14.55
45.8 14.59
45.8 14.61
45.8 14.77
45.8 14.67
45.8 14.78
46.94 14.54
46.94 14.76
45.8 14.7
45.8 14.68
45.8 14.8
45.8 14.77
45.8 14.72
45.8 14.71
44.66 14.79
44.66 14.57
45.8 14.79
45.8 14.57
45.8 14.64
46.94 14.75
45.8 14.71
45.8 14.83
45.8 14.58
46.94 14.63
45.8 14.67
46.94 14.56
45.8 14.86
45.8 14.61
45.8 14.7
45.8 14.71
45.8 14.66
45.8 14.71
45.8 14.67
45.8 14.78
46.94 14.74
45.8 14.64
46.94 14.61
45.8 14.76
45.8 14.48
45.8 14.75
46.94 14.9
45.8 14.59
45.8 14.62
45.8 14.79
44.66 14.62
45.8 14.84
45.8 14.56
45.8 14.56
45.8 14.79
45.8 14.76
45.8 14.72
45.8 14.75
45.8 14.69
45.8 14.72
45.8 14.78
45.8 14.58
45.8 14.79
45.8 14.54
46.94 14.55
45.8 14.87
46.94 14.69
45.8 14.62
45.8 14.73
45.8 14.89
45.8 14.51
46.94 14.38
45.8 14.63
46.94 14.73
45.8 14.66
46.94 14.66
45.8 14.71
46.94 14.78
46.94 14.62
45.8 14.47
45.8 14.78
45.8 14.79
45.8 14.75
45.8 14.71
45.8 14.51
45.8 14.51
46.94 14.56
45.8 14.57
45.8 14.63
45.8 14.55
45.8 14.74
45.8 14.63
45.8 14.77
45.8 14.74
46.94 14.71
46.94 14.62
45.8 14.76
45.8 14.53
45.8 14.51
46.94 14.43
45.8 14.53
45.8 14.54
45.8 14.5
45.8 14.83
46.94 14.6
46.94 14.66
45.8 14.34
45.8 14.62
45.8 14.61
45.8 14.49
46.94 14.6
45.8 14.89
45.8 14.58
45.8 14.63
46.94 14.72
45.8 14.61
45.8 14.82
46.94 14.63
45.8 14.6
45.8 14.45
45.8 14.63
46.94 14.72
46.94 14.72
46.94 14.69
45.8 14.66
45.8 14.51
45.8 14.67
45.8 14.32
46.94 14.63
46.94 14.6
45.8 14.47
45.8 14.7
45.8 14.48
45.8 14.55
46.94 14.67
46.94 14.56
46.94 14.71
45.8 14.77
46.94 14.59
45.8 14.52
45.8 14.66
45.8 14.53
46.94 14.42
45.8 14.51
45.8 14.77
45.8 14.47
46.94 14.55
45.8 14.74
45.8 14.71
46.94 14.49
45.8 14.66
46.94 14.41
45.8 14.71
46.94 14.64
46.94 14.58
45.8 14.48
45.8 14.53
45.8 14.47
45.8 14.43
46.94 14.6
45.8 14.6
46.94 14.6
45.8 14.44
46.94 14.57
45.8 14.53
46.94 14.55
46.94 14.51
46.94 14.51
46.94 14.64
46.94 14.52
45.8 14.72
45.8 14.47
46.94 14.52
46.94 14.66
46.94 14.59
46.94 14.75
45.8 14.32
46.94 14.51
46.94 14.42
45.8 14.4
46.94 14.58
46.94 14.57
46.94 14.55
46.94 14.54
45.8 14.45
46.94 14.51
46.94 14.69
46.94 14.47
46.94 14.66
46.94 14.63
46.94 14.39
46.94 14.69
46.94 14.52
46.94 14.59
45.8 14.52
46.94 14.55
46.94 14.58
46.94 14.45
46.94 14.78
46.94 14.67
46.94 14.36
45.8 14.43
46.94 14.67
46.94 14.49
45.8 14.43
46.94 14.69
46.94 14.57
46.94 14.58
45.8 14.5
46.94 14.54
46.94 14.46
46.94 14.34
46.94 14.51
46.94 14.68
45.8 14.5
46.94 14.47
46.94 14.56
46.94 14.58
45.8 14.56
46.94 14.43
46.94 14.48
46.94 14.47
46.94 14.41
45.8 14.58
45.8 14.53
46.94 14.64
46.94 14.55
46.94 14.4
46.94 14.43
46.94 14.43
45.8 14.45
45.8 14.66
46.94 14.58
46.94 14.47
46.94 14.55
46.94 14.59
45.8 14.33
46.94 14.51
46.94 14.54
46.94 14.51
46.94 14.42
46.94 14.53
46.94 14.39
48.08 14.54
46.94 14.29
46.94 14.55
46.94 14.56
46.94 14.43
46.94 14.51
46.94 14.47
46.94 14.43
45.8 14.59
45.8 14.63
46.94 14.5
45.8 14.54
46.94 14.47
46.94 14.27
46.94 14.58
46.94 14.66
45.8 14.57
46.94 14.55
46.94 14.57
48.08 14.67
46.94 14.55
46.94 14.26
46.94 14.63
46.94 14.2
46.94 14.47
46.94 14.37
46.94 14.64
45.8 14.56
46.94 14.31
46.94 14.39
46.94 14.65
46.94 14.53
46.94 14.53
45.8 14.5
46.94 14.56
46.94 14.63
46.94 14.5
46.94 14.51
46.94 14.45
46.94 14.61
46.94 14.28
46.94 14.51
46.94 14.63
46.94 14.59
46.94 14.55
46.94 14.35
46.94 14.62
46.94 14.48
46.94 14.51
46.94 14.53
46.94 14.46
46.94 14.46
46.94 14.58
46.94 14.54
46.94 14.67
46.94 14.67
46.94 14.53
46.94 14.51
46.94 14.4
46.94 14.5
46.94 14.55
46.94 14.39
46.94 14.51
46.94 14.59
46.94 14.47
48.08 14.49
46.94 14.37
46.94 14.39
48.08 14.58
46.94 14.37
46.94 14.66
46.94 14.51
46.94 14.35
46.94 14.71
46.94 14.54
46.94 14.54
46.94 14.59
46.94 14.48
46.94 14.32
45.8 14.5
46.94 14.38
46.94 14.32
46.94 14.42
46.94 14.62
46.94 14.45
46.94 14.47
46.94 14.42
46.94 14.63
46.94 14.43
46.94 14.61
46.94 14.52
46.94 14.32
46.94 14.65
46.94 14.51
46.94 14.51
46.94 14.48
45.8 14.45
46.94 14.47
46.94 14.59
46.94 14.62
46.94 14.56
46.94 14.42
46.94 14.54
46.94 14.47
48.08 14.56
46.94 14.41
48.08 14.4
46.94 14.42
46.94 14.54
46.94 14.56
46.94 14.48
46.94 14.42
46.94 14.32
46.94 14.64
45.8 14.62
46.94 14.38
46.94 14.4
46.94 14.45
46.94 14.39
46.94 14.53
46.94 14.34
48.08 14.29
46.94 14.58
46.94 14.31
46.94 14.54
46.94 14.4
46.94 14.43
46.94 14.45
46.94 14.27
46.94 14.53
46.94 14.38
46.94 14.51
46.94 14.39
48.08 14.61
46.94 14.63
48.08 14.56
46.94 14.32
46.94 14.8
46.94 14.39
46.94 14.37
46.94 14.51
46.94 14.53
46.94 14.34
46.94 14.4
46.94 14.42
46.94 14.44
46.94 14.4
46.94 14.42
46.94 14.48
46.94 14.56
46.94 14.4
46.94 14.34
46.94 14.69
46.94 14.45
46.94 14.59
46.94 14.5
45.8 14.52
48.08 14.39
48.08 14.72
46.94 14.37
46.94 14.49
46.94 14.59
48.08 14.43
46.94 14.62
46.94 14.59
46.94 14.35
46.94 14.63
48.08 14.53
46.94 14.5
46.94 14.69
46.94 14.42
46.94 14.39
46.94 14.36
46.94 14.47
48.08 14.48
48.08 14.47
48.08 14.43
48.08 14.39
46.94 14.54
46.94 14.32
48.08 14.4
46.94 14.66
46.94 14.49
46.94 14.46
46.94 14.4
48.08 14.62
46.94 14.43
46.94 14.67
46.94 14.6
46.94 14.5
46.94 14.43
46.94 14.45
46.94 14.62
46.94 14.58
46.94 14.56
46.94 14.58
46.94 14.58
46.94 14.43
48.08 14.58
46.94 14.56
46.94 14.58
46.94 14.42
46.94 14.61
46.94 14.56
46.94 14.38
46.94 14.33
46.94 14.54
46.94 14.7
48.08 14.56
46.94 14.33
46.94 14.51
46.94 14.58
46.94 14.51
46.94 14.48
46.94 14.59
46.94 14.61
46.94 14.48
48.08 14.62
48.08 14.32
46.94 14.42
48.08 14.42
46.94 14.58
48.08 14.54
48.08 14.48
46.94 14.34
46.94 14.49
48.08 14.52
46.94 14.44
48.08 14.5
48.08 14.62
46.94 14.48
48.08 14.34
46.94 14.44
46.94 14.59
46.94 14.46
48.08 14.43
46.94 14.48
46.94 14.55
48.08 14.46
46.94 14.57
46.94 14.39
46.94 14.55
48.08 14.34
46.94 14.37
46.94 14.47
46.94 14.53
46.94 14.23
46.94 14.35
46.94 14.63
48.08 14.48
48.08 14.52
48.08 14.3
48.08 14.58
48.08 14.43
46.94 14.4
46.94 14.51
46.94 14.39
48.08 14.53
48.08 14.48
46.94 14.4
46.94 14.4
48.08 14.53
48.08 14.51
46.94 14.53
46.94 14.58
48.08 14.44
46.94 14.43
48.08 14.5
48.08 14.41
48.08 14.56
46.94 14.53
46.94 14.42
48.08 14.43
48.08 14.61
48.08 14.56
46.94 14.55
46.94 14.21
48.08 14.32
48.08 14.31
46.94 14.39
46.94 14.36
46.94 14.45
48.08 14.4
46.94 14.35
48.08 14.52
48.08 14.69
48.08 14.52
48.08 14.5
46.94 14.44
46.94 14.64
46.94 14.54
48.08 14.45
48.08 14.39
48.08 14.48
48.08 14.35
46.94 14.47
46.94 14.49
48.08 14.45
46.94 14.42
48.08 14.45
46.94 14.32
48.08 14.44
46.94 14.51
46.94 14.33
48.08 14.33
48.08 14.45
46.94 14.5
48.08 14.29
48.08 14.51
46.94 14.32
48.08 14.5
48.08 14.69
48.08 14.56
48.08 14.64
46.94 14.44
48.08 14.56
46.94 14.53
48.08 14.47
46.94 14.68
46.94 14.24
46.94 14.39
48.08 14.42
46.94 14.32
48.08 14.71
46.94 14.39
48.08 14.32
48.08 14.65
46.94 14.6
46.94 14.44
46.94 14.61
48.08 14.51
46.94 14.29
48.08 14.41
46.94 14.42
48.08 14.51
46.94 14.31
48.08 14.68
46.94 14.39
46.94 14.51
48.08 14.55
48.08 14.26
48.08 14.55
48.08 14.47
48.08 14.39
46.94 14.32
46.94 14.45
48.08 14.29
46.94 14.5
48.08 14.42
48.08 14.56
48.08 14.46
48.08 14.36
48.08 14.51
48.08 14.55
48.08 14.31
46.94 14.57
48.08 14.56
48.08 14.67
48.08 14.45
48.08 14.44
48.08 14.45
46.94 14.58
48.08 14.13
48.08 14.53
46.94 14.42
48.08 14.41
48.08 14.62
48.08 14.39
48.08 14.27
48.08 14.35
46.94 14.5
48.08 14.46
48.08 14.39
48.08 14.44
48.08 14.27
46.94 14.42
46.94 14.39
46.94 14.44
48.08 14.39
46.94 14.53
48.08 14.45
48.08 14.39
48.08 14.51
48.08 14.42
46.94 14.51
46.94 14.27
48.08 14.33
46.94 14.36
48.08 14.38
48.08 14.37
46.94 14.46
48.08 14.45
48.08 14.37
48.08 14.59
46.94 14.29
46.94 14.53
48.08 14.45
48.08 14.26
48.08 14.43
48.08 14.42
48.08 14.39
48.08 14.37
46.94 14.43
48.08 14.19
48.08 14.58
46.94 14.58
46.94 14.58
48.08 14.31
48.08 14.53
46.94 14.35
48.08 14.45
48.08 14.53
48.08 14.39
48.08 14.35
48.08 14.54
48.08 14.46
48.08 14.52
48.08 14.44
48.08 14.26
46.94 14.13
48.08 14.51
48.08 14.35
48.08 14.35
48.08 14.37
46.94 14.47
48.08 14.39
48.08 14.34
46.94 14.45
48.08 14.29
48.08 14.45
48.08 14.23
48.08 14.58
48.08 14.31
48.08 14.48
46.94 14.19
48.08 14.42
48.08 14.4
46.94 14.38
48.08 14.42
48.08 14.2
48.08 14.43
46.94 14.47
48.08 14.38
48.08 14.57
48.08 14.38
48.08 14.42
48.08 14.42
48.08 14.45
48.08 14.39
48.08 14.39
48.08 14.39
48.08 14.36
46.94 14.44
48.08 14.28
48.08 14.34
48.08 14.41
48.08 14.4
48.08 14.39
48.08 14.3
48.08 14.22
48.08 14.56
48.08 14.44
48.08 14.45
48.08 14.27
48.08 14.51
48.08 14.39
48.08 14.33
48.08 14.45
48.08 14.19
48.08 14.39
48.08 14.35
48.08 14.42
48.08 14.34
48.08 14.46
48.08 14.47
48.08 14.41
48.08 14.45
48.08 14.16
48.08 14.27
48.08 14.4
46.94 14.17
48.08 14.39
48.08 14.37
48.08 14.39
48.08 14.36
48.08 14.24
48.08 14.31
46.94 14.08
48.08 14.34
48.08 14.26
48.08 14.27
48.08 14.49
48.08 14.39
48.08 14.36
48.08 14.41
48.08 14.4
48.08 14.4
48.08 14.39
48.08 14.3
48.08 14.41
49.22 14.37
46.94 14.21
48.08 14.42
48.08 14.41
48.08 14.52
48.08 14.36
48.08 14.08
46.94 14.33
46.94 14.24
48.08 14.39
48.08 14.43
48.08 14.43
48.08 14.39
48.08 14.16
48.08 14.18
48.08 14.36
48.08 14.29
46.94 14.29
48.08 14.18
49.22 14.34
48.08 14.42
48.08 14.36
48.08 14.45
48.08 14.54
48.08 14.37
48.08 14.54
48.08 14.28
49.22 14.44
48.08 14.59
48.08 14.35
48.08 14.34
48.08 14.32
48.08 14.3
48.08 14.4
48.08 14.37
48.08 14.11
46.94 14.16
46.94 14.49
48.08 14.37
48.08 14.07
48.08 14.6
48.08 14.35
48.08 14.28
48.08 14.26
48.08 13.98
48.08 14.44
48.08 14.29
49.22 14.55
48.08 14.27
48.08 14.55
48.08 14.23
46.94 14.23
48.08 14.25
48.08 14.3
48.08 14.39
48.08 14.5
48.08 14.34
46.94 14.16
48.08 14.18
48.08 14.44
48.08 14.18
48.08 14.46
48.08 14.46
48.08 14.39
48.08 14.35
48.08 14.35
48.08 14.15
48.08 14.39
48.08 14.3
48.08 14.34
48.08 14.3
48.08 14.08
48.08 14.43
48.08 14.42
48.08 14.23
48.08 14.43
48.08 14.18
48.08 14.32
46.94 14.44
49.22 14.42
48.08 14.21
48.08 14.41
48.08 14.29
49.22 14.32
48.08 14.32
48.08 14.35
48.08 14.36
48.08 14.31
48.08 14.11
48.08 14.21
48.08 14.37
48.08 14.15
48.08 14.42
48.08 14.25
48.08 14.56
48.08 14.21
48.08 14.34
48.08 13.99
48.08 14.42
48.08 14.19
48.08 14.35
49.22 14.34
48.08 14.31
48.08 14.34
48.08 14.39
48.08 14.32
49.22 14.4
48.08 14.08
48.08 14.47
48.08 14.35
48.08 14.14
49.22 14.15
48.08 14.24
48.08 14.38
48.08 14.46
48.08 14.49
49.22 14.34
48.08 14.1
49.22 14.16
48.08 14.24
48.08 14.12
48.08 14.31
49.22 14.17
48.08 14.18
48.08 14.1
48.08 14.41
49.22 14.17
48.08 14.18
49.22 14.46
48.08 14.34
48.08 14.24
49.22 14.27
48.08 14.27
48.08 14.08
48.08 14.23
48.08 14.34
48.08 14.45
48.08 14.32
49.22 14.28
48.08 14.31
48.08 14.25
49.22 14.37
48.08 14.29
49.22 14.35
48.08 14.41
48.08 14.1
48.08 14.28
48.08 14.23
48.08 14.28
49.22 14.17
49.22 14.31
48.08 14.47
48.08 14.22
48.08 14.29
48.08 14.36
48.08 14.19
48.08 14.17
48.08 14.34
49.22 14.13
49.22 14.34
48.08 14.24
48.08 14.4
48.08 14.1
48.08 14.1
49.22 14.39
48.08 14.02
49.22 14.32
48.08 14.12
48.08 14.22
49.22 14.4
48.08 14.07
49.22 14.44
48.08 14.29
48.08 14.24
48.08 14.25
49.22 14.29
48.08 14.39
48.08 14.07
48.08 14.3
48.08 14.21
49.22 14.02
48.08 14.19
49.22 14.24
48.08 14.16
49.22 14.27
48.08 13.99
49.22 14.16
48.08 14.18
48.08 14.42
49.22 14.3
48.08 14.36
48.08 14.5
49.22 14.51
48.08 14.41
49.22 14.34
48.08 14.18
49.22 14.08
48.08 14.22
49.22 14.26
49.22 14.27
48.08 14.29
49.22 14.37
49.22 14.31
49.22 14.11
48.08 14.4
48.08 14.34
48.08 14.06
48.08 14.21
48.08 14.33
49.22 14.29
48.08 14.07
48.08 14.39
49.22 14.29
49.22 14.37
49.22 14.16
48.08 14.39
49.22 14.13
48.08 14.15
48.08 14.19
48.08 14.13
48.08 14.12
49.22 14.11
48.08 14.26
49.22 14.31
48.08 14.32
49.22 14.4
49.22 14.26
48.08 14.35
49.22 14.22
49.22 14.33
48.08 14.12
48.08 14.19
49.22 14.38
48.08 14.24
49.22 14.14
48.08 14.32
49.22 14.33
49.22 14.27
49.22 14.11
49.22 14.25
49.22 14.07
48.08 14.31
49.22 14.2
48.08 14.26
48.08 14.19
49.22 14.26
48.08 14.23
48.08 14.21
49.22 14.17
49.22 14.28
48.08 14.27
48.08 14.29
49.22 14.31
48.08 14.24
48.08 14.41
48.08 14.27
48.08 14.27
49.22 14.32
48.08 14.51
49.22 14.29
48.08 14.4
48.08 14.34
49.22 14.09
48.08 14.24
49.22 14.29
48.08 14.34
49.22 14.04
49.22 14.29
48.08 14.24
49.22 14.31
49.22 14.32
49.22 14.22
48.08 14.09
48.08 14.4
49.22 14.06
49.22 14.27
48.08 14.23
49.22 14.19
49.22 14.35
48.08 14.23
48.08 14.13
48.08 14.43
49.22 14.4
48.08 14.29
48.08 14.13
48.08 14.22
49.22 14.17
48.08 14.34
48.08 14.28
48.08 14.26
48.08 14.55
48.08 14.24
49.22 14.16
48.08 14.26
48.08 14.23
48.08 14.02
48.08 14.36
48.08 14.34
48.08 14.21
48.08 14.26
49.22 14.32
48.08 14.29
48.08 14.31
48.08 14.17
49.22 14.32
48.08 14.36
49.22 14.11
48.08 14.17
49.22 14.24
49.22 14.39
48.08 14.28
49.22 14.45
48.08 14.56
48.08 14.38
48.08 14.4
49.22 14.18
48.08 14.07
48.08 14.32
49.22 14.32
49.22 14.09
49.22 14.33
48.08 14.34
49.22 14.23
49.22 14.27
48.08 14.08
48.08 14.31
48.08 14.14
49.22 14.06
48.08 14.43
49.22 14.26
49.22 14.39
49.22 14.12
49.22 14.18
48.08 14.24
49.22 14.07
49.22 14.31
49.22 14.24
49.22 14.18
49.22 14.25
49.22 14.39
49.22 14.39
48.08 14.29
48.08 14.34
49.22 14.21
48.08 14.26
49.22 14.11
48.08 14.42
48.08 14.27
48.08 14.26
49.22 14.26
48.08 14.15
49.22 14.2
49.22 14.16
48.08 14.1
49.22 14.35
49.22 14.27
49.22 14.22
48.08 14.32
49.22 14.18
49.22 14.31
48.08 14.2
49.22 14.36
49.22 14.26
49.22 14.32
49.22 14.23
48.08 14.37
49.22 14.31
48.08 14.39
49.22 13.95
49.22 13.99
48.08 14.39
49.22 14.14
48.08 14.21
49.22 14.43
48.08 14.22
49.22 14.04
49.22 14.11
49.22 14.13
49.22 14.16
48.08 14.23
49.22 14.2
48.08 14.04
48.08 14.36
48.08 14.22
49.22 14.07
49.22 14.08
49.22 14.16
49.22 14.17
48.08 14.18
49.22 14.12
49.22 14.24
48.08 14.13
48.08 14.15
49.22 14.17
49.22 14.16
49.22 14.17
48.08 14.31
49.22 14.26
49.22 14.42
48.08 14.36
49.22 14.36
49.22 14.16
49.22 14.25
49.22 14.23
48.08 14.18
49.22 14.12
49.22 14.2
48.08 14.21
49.22 14.18
48.08 14.32
48.08 14.1
48.08 14.09
49.22 14.32
49.22 14.17
48.08 14.21
49.22 14.53
49.22 14.45
49.22 14.26
49.22 14.3
49.22 14.24
48.08 14.24
49.22 14.24
48.08 14.32
49.22 14.34
49.22 14.16
48.08 14.53
49.22 14.32
49.22 14.29
49.22 14.21
49.22 14.08
48.08 13.99
49.22 14.62
49.22 14.27
49.22 14.16
48.08 14.0
48.08 14.1
49.22 14.21
48.08 14.21
48.08 14.2
49.22 14.23
49.22 14.21
49.22 14.18
48.08 14.24
48.08 14.04
49.22 14.23
49.22 14.14
49.22 14.39
48.08 14.18
49.22 14.16
48.08 14.42
49.22 14.1
49.22 14.31
49.22 14.27
49.22 14.11
49.22 14.25
49.22 14.27
48.08 14.15
49.22 14.2
49.22 14.21
49.22 14.34
48.08 14.15
49.22 14.34
49.22 14.31
49.22 14.23
49.22 14.08
49.22 14.15
49.22 14.32
49.22 14.12
49.22 14.32
49.22 14.21
49.22 14.21
49.22 14.31
49.22 14.24
49.22 14.19
49.22 14.13
49.22 14.26
48.08 14.26
49.22 14.0
49.22 14.29
49.22 14.26
49.22 14.19
49.22 14.17
49.22 14.42
49.22 14.33
49.22 14.26
49.22 14.24
49.22 14.25
49.22 14.11
49.22 14.38
49.22 14.15
48.08 14.0
49.22 14.38
48.08 14.15
49.22 14.08
48.08 14.15
49.22 14.24
49.22 14.23
49.22 14.16
49.22 14.18
49.22 14.28
49.22 14.2
48.08 14.26
49.22 14.4
49.22 14.15
49.22 14.29
48.08 14.26
49.22 14.27
49.22 14.18
49.22 14.34
49.22 14.36
48.08 14.27
49.22 14.4
49.22 14.19
49.22 14.36
48.08 14.02
49.22 14.1
49.22 14.32
49.22 14.25
49.22 14.2
48.08 14.02
49.22 14.27
49.22 14.31
49.22 14.24
49.22 14.07
49.22 14.27
49.22 14.27
49.22 14.1
49.22 14.3
49.22 14.42
49.22 13.96
49.22 14.35
49.22 14.19
49.22 14.2
49.22 14.29
49.22 14.31
49.22 14.24
49.22 14.19
49.22 14.29
49.22 14.13
49.22 14.25
49.22 14.17
48.08 14.22
49.22 14.17
49.22 14.15
49.22 14.3
49.22 14.15
49.22 14.32
49.22 14.29
49.22 14.11
49.22 14.31
49.22 14.13
49.22 14.18
49.22 14.21
49.22 14.3
49.22 14.18
49.22 14.18
49.22 14.12
49.22 14.13
50.36 14.1
49.22 14.29
48.08 14.38
48.08 14.39
49.22 14.42
49.22 14.3
49.22 14.23
49.22 14.29
50.36 14.27
50.36 14.34
49.22 14.35
49.22 14.34
49.22 14.1
49.22 14.16
49.22 14.26
49.22 14.16
50.36 14.33
49.22 14.31
49.22 14.32
49.22 14.34
49.22 14.36
49.22 14.29
49.22 14.34
49.22 14.22
49.22 14.1
49.22 14.18
49.22 14.16
49.22 14.16
49.22 14.1
49.22 14.1
48.08 14.27
48.08 14.26
49.22 14.24
48.08 14.43
49.22 14.29
49.22 14.22
49.22 14.35
49.22 14.34
49.22 14.27
49.22 14.26
49.22 14.16
49.22 14.25
49.22 14.19
49.22 13.83
49.22 14.34
49.22 14.14
49.22 14.26
49.22 14.13
49.22 14.2
49.22 14.11
49.22 14.08
49.22 14.16
49.22 14.38
50.36 14.15
49.22 14.39
49.22 14.48
49.22 14.23
49.22 14.06
49.22 14.34
49.22 14.14
49.22 14.1
49.22 14.21
49.22 14.26
49.22 14.15
49.22 14.16
49.22 14.32
49.22 14.2
49.22 14.25
49.22 13.97
49.22 14.13
49.22 14.13
50.36 14.28
49.22 14.24
49.22 14.15
49.22 14.27
49.22 13.97
49.22 14.32
49.22 14.35
49.22 13.93
49.22 14.08
50.36 14.09
49.22 14.1
49.22 14.19
49.22 14.27
49.22 14.26
49.22 14.21
49.22 14.06
49.22 14.18
49.22 14.18
49.22 14.19
49.22 14.07
49.22 14.31
49.22 14.12
49.22 14.29
49.22 14.11
49.22 14.29
50.36 14.13
49.22 14.12
49.22 14.43
49.22 14.31
48.08 14.39
49.22 14.24
49.22 14.27
49.22 14.16
49.22 14.14
50.36 14.07
49.22 14.3
50.36 14.24
50.36 14.13
49.22 14.16
49.22 14.04
49.22 14.26
49.22 14.29
50.36 14.25
49.22 14.1
49.22 14.39
49.22 14.15
49.22 14.36
49.22 14.32
49.22 14.06
49.22 14.24
49.22 14.23
49.22 14.19
49.22 14.34
49.22 14.15
49.22 14.31
49.22 14.25
49.22 14.05
49.22 14.39
49.22 14.18
49.22 14.02
49.22 14.21
49.22 14.28
50.36 14.08
49.22 14.1
49.22 14.15
49.22 14.23
49.22 14.17
49.22 14.12
49.22 14.06
49.22 13.92
49.22 14.28
49.22 14.21
49.22 14.27
49.22 14.05
49.22 14.39
49.22 14.12
49.22 14.29
50.36 14.24
50.36 14.19
49.22 14.16
49.22 13.99
49.22 14.19
49.22 14.28
49.22 14.11
49.22 14.23
49.22 13.99
49.22 14.26
49.22 13.99
50.36 14.16
49.22 14.11
49.22 14.32
49.22 14.16
49.22 14.18
48.08 13.97
49.22 13.99
49.22 14.03
49.22 14.28
49.22 14.26
49.22 14.19
50.36 14.27
49.22 14.26
50.36 14.26
49.22 14.21
50.36 14.23
49.22 14.1
49.22 14.04
49.22 14.27
49.22 14.05
49.22 14.06
50.36 14.19
49.22 14.13
50.36 14.16
49.22 14.16
49.22 14.21
50.36 14.31
49.22 14.29
49.22 13.95
48.08 14.12
49.22 14.08
50.36 14.16
49.22 14.3
49.22 14.26
49.22 13.92
49.22 14.1
49.22 13.85
50.36 14.22
50.36 14.16
49.22 14.16
49.22 14.21
49.22 14.29
50.36 14.18
49.22 14.37
49.22 14.34
49.22 14.21
50.36 14.26
49.22 14.06
50.36 14.19
50.36 14.16
49.22 14.41
49.22 14.16
50.36 14.29
49.22 14.22
49.22 14.23
49.22 14.05
50.36 14.29
49.22 14.11
50.36 13.99
49.22 13.96
49.22 14.11
49.22 14.08
49.22 14.2
49.22 14.1
49.22 14.13
49.22 14.26
49.22 14.21
49.22 13.96
49.22 14.24
50.36 14.08
49.22 13.95
49.22 14.27
49.22 14.08
49.22 14.31
49.22 13.84
49.22 14.11
49.22 14.15
49.22 14.13
49.22 14.02
49.22 14.03
49.22 14.21
50.36 14.26
50.36 14.31
49.22 14.06
49.22 14.03
49.22 13.98
49.22 14.35
49.22 14.14
49.22 14.23
50.36 14.22
49.22 14.09
49.22 14.26
49.22 14.2
50.36 14.18
49.22 14.13
49.22 14.06
50.36 14.11
50.36 13.98
49.22 13.95
49.22 14.13
49.22 13.97
49.22 14.13
49.22 14.16
49.22 14.19
49.22 14.1
49.22 14.19
50.36 13.98
49.22 14.21
50.36 14.11
49.22 13.96
49.22 14.15
49.22 14.07
49.22 14.05
49.22 14.11
49.22 14.08
49.22 14.02
49.22 14.13
49.22 14.17
49.22 14.27
50.36 14.21
49.22 14.03
50.36 14.13
49.22 14.25
50.36 14.08
50.36 14.26
49.22 14.09
50.36 14.34
49.22 14.0
49.22 13.9
49.22 14.13
50.36 14.03
49.22 13.98
50.36 14.01
49.22 13.95
49.22 14.08
50.36 14.03
50.36 14.34
50.36 14.08
50.36 14.23
49.22 14.18
50.36 14.13
49.22 14.03
49.22 14.03
49.22 14.01
49.22 14.18
49.22 14.0
49.22 14.07
50.36 14.2
50.36 14.24
50.36 13.81
50.36 14.24
49.22 14.16
50.36 14.08
49.22 13.99
49.22 14.18
50.36 13.97
49.22 14.05
50.36 14.32
49.22 14.24
49.22 14.23
49.22 14.23
49.22 14.24
50.36 14.0
49.22 14.08
49.22 14.03
49.22 14.0
49.22 14.08
49.22 14.08
49.22 14.11
49.22 13.95
49.22 14.19
49.22 13.94
49.22 14.36
50.36 13.99
50.36 14.07
50.36 14.24
49.22 13.94
49.22 13.84
49.22 14.15
49.22 14.03
50.36 14.03
49.22 14.04
50.36 14.12
50.36 14.14
49.22 14.07
49.22 14.09
50.36 14.15
50.36 14.15
49.22 14.2
49.22 13.95
49.22 14.13
49.22 14.16
49.22 14.13
49.22 14.08
50.36 13.92
50.36 14.16
50.36 13.91
49.22 14.04
49.22 14.09
50.36 13.97
50.36 14.22
50.36 14.14
49.22 14.08
50.36 14.0
50.36 14.12
49.22 14.18
50.36 13.92
50.36 13.9
50.36 14.18
50.36 13.89
50.36 14.17
50.36 14.11
50.36 14.15
49.22 14.0
50.36 13.97
50.36 13.99
50.36 13.94
50.36 13.92
49.22 14.03
49.22 14.04
49.22 13.95
50.36 14.18
50.36 14.12
49.22 14.14
49.22 14.03
49.22 14.13
50.36 14.06
50.36 14.31
49.22 14.18
50.36 14.16
49.22 14.06
50.36 14.2
50.36 14.2
50.36 14.21
50.36 13.97
49.22 14.1
50.36 14.1
50.36 14.08
50.36 14.09
49.22 14.2
50.36 14.07
50.36 13.95
50.36 13.97
50.36 14.2
50.36 14.1
50.36 14.11
50.36 13.99
50.36 13.98
49.22 14.19
50.36 13.99
50.36 14.03
50.36 14.1
49.22 14.1
50.36 14.16
49.22 14.17
50.36 13.99
49.22 14.21
50.36 14.03
49.22 14.16
50.36 13.94
50.36 14.02
49.22 13.94
49.22 14.14
51.5 14.08
50.36 14.09
49.22 14.19
49.22 14.07
50.36 14.19
50.36 14.11
50.36 13.96
49.22 14.33
49.22 14.16
50.36 13.86
50.36 14.08
50.36 14.1
50.36 14.04
49.22 13.94
50.36 14.17
50.36 14.36
50.36 13.9
49.22 13.8
50.36 14.01
49.22 14.23
50.36 14.01
49.22 13.96
50.36 13.94
50.36 14.03
50.36 13.93
50.36 14.21
50.36 14.11
50.36 14.17
50.36 14.22
50.36 14.09
50.36 14.03
50.36 13.91
50.36 14.18
50.36 14.13
50.36 14.26
50.36 13.94
49.22 14.13
50.36 13.94
50.36 14.07
50.36 14.23
50.36 14.04
50.36 14.05
50.36 14.11
50.36 14.07
50.36 13.91
50.36 13.88
50.36 14.08
50.36 13.71
50.36 13.96
50.36 14.14
50.36 14.15
50.36 14.23
49.22 14.02
50.36 14.08
50.36 14.07
50.36 13.91
50.36 14.16
50.36 14.13
50.36 13.97
50.36 14.09
50.36 13.92
50.36 14.11
49.22 13.97
50.36 14.2
50.36 14.04
50.36 14.09
49.22 14.08
50.36 14.21
49.22 14.07
50.36 14.06
50.36 14.08
50.36 14.17
50.36 13.99
49.22 13.78
49.22 14.13
50.36 13.92
49.22 13.93
50.36 14.07
50.36 14.08
50.36 14.14
50.36 14.11
50.36 13.97
50.36 13.71
50.36 14.24
50.36 14.03
50.36 14.13
50.36 14.03
50.36 14.21
50.36 13.91
50.36 14.13
50.36 14.16
50.36 14.13
50.36 13.93
50.36 14.13
50.36 13.86
50.36 14.06
49.22 14.05
49.22 14.05
50.36 13.83
50.36 13.8
50.36 14.09
50.36 13.97
49.22 14.05
50.36 13.94
50.36 14.13
50.36 13.99
50.36 13.98
49.22 13.92
50.36 14.18
50.36 13.91
50.36 14.0
50.36 13.91
50.36 13.95
49.22 14.02
50.36 14.1
50.36 13.91
50.36 14.16
50.36 14.01
50.36 14.15
50.36 14.04
50.36 14.2
50.36 14.06
50.36 13.94
50.36 14.1
50.36 13.84
50.36 13.98
50.36 13.95
50.36 13.95
49.22 14.03
50.36 14.15
49.22 13.91
50.36 13.9
50.36 14.07
50.36 14.15
50.36 13.81
50.36 14.02
50.36 14.11
50.36 14.12
50.36 14.18
50.36 14.09
50.36 13.81
50.36 13.79
50.36 13.87
50.36 14.02
50.36 14.17
50.36 14.03
50.36 14.26
51.5 14.01
50.36 14.21
50.36 13.94
50.36 13.87
50.36 14.0
50.36 13.76
50.36 13.97
50.36 13.95
50.36 14.07
50.36 14.0
50.36 13.88
50.36 14.08
50.36 14.05
50.36 14.11
50.36 14.1
50.36 13.95
51.5 13.76
50.36 14.02
49.22 13.97
50.36 13.81
50.36 13.91
50.36 13.95
50.36 13.87
50.36 14.01
50.36 14.13
50.36 13.83
50.36 13.96
50.36 13.88
50.36 13.94
50.36 13.94
50.36 14.03
50.36 14.22
50.36 14.26
50.36 14.11
50.36 13.92
50.36 14.15
50.36 13.95
50.36 14.07
50.36 14.11
50.36 13.92
51.5 14.0
50.36 14.07
51.5 13.81
50.36 14.23
50.36 13.88
50.36 13.84
50.36 13.98
50.36 13.9
50.36 13.96
50.36 13.65
50.36 14.05
50.36 13.74
50.36 14.1
50.36 13.98
50.36 14.0
50.36 14.16
50.36 14.07
49.22 14.14
50.36 14.15
50.36 14.08
50.36 13.97
50.36 14.07
50.36 14.04
50.36 14.19
50.36 13.97
50.36 14.04
50.36 14.03
50.36 13.99
50.36 14.16
49.22 13.91
50.36 14.12
50.36 13.99
50.36 13.99
50.36 13.96
50.36 14.17
50.36 14.02
50.36 13.97
50.36 14.05
50.36 14.13
51.5 13.92
50.36 13.95
50.36 14.03
50.36 14.04
50.36 14.07
49.22 14.08
50.36 14.29
50.36 14.05
49.22 13.87
51.5 13.83
50.36 13.78
50.36 14.17
50.36 13.79
50.36 14.04
50.36 13.93
50.36 13.99
51.5 14.1
50.36 13.98
50.36 14.15
50.36 14.21
50.36 13.78
50.36 14.1
50.36 14.02
50.36 13.92
50.36 14.05
50.36 14.26
50.36 14.1
50.36 13.87
50.36 14.19
50.36 13.75
50.36 14.13
49.22 14.09
50.36 14.01
50.36 14.03
50.36 14.1
50.36 14.02
50.36 13.76
50.36 14.07
50.36 13.94
50.36 13.75
50.36 13.96
50.36 13.97
50.36 14.0
50.36 14.03
50.36 13.85
50.36 14.11
50.36 14.01
50.36 13.99
50.36 14.05
50.36 14.21
50.36 13.99
50.36 13.85
50.36 13.95
50.36 14.11
50.36 14.1
50.36 14.1
50.36 13.95
50.36 14.15
50.36 14.01
50.36 13.86
50.36 13.82
50.36 14.02
50.36 14.06
50.36 14.34
50.36 14.15
50.36 14.0
49.22 13.97
50.36 13.93
50.36 13.97
50.36 14.07
50.36 14.08
50.36 13.85
50.36 13.91
50.36 13.68
50.36 14.03
50.36 14.19
50.36 14.05
50.36 14.06
50.36 14.15
50.36 14.02
50.36 14.24
50.36 13.99
50.36 13.84
50.36 14.25
51.5 13.88
50.36 14.08
50.36 13.96
49.22 14.0
50.36 14.05
50.36 14.05
51.5 14.08
50.36 14.12
50.36 13.94
50.36 13.99
50.36 14.22
50.36 13.91
50.36 13.86
51.5 13.95
50.36 13.76
50.36 13.95
50.36 14.03
50.36 14.03
50.36 14.06
50.36 13.96
50.36 14.21
50.36 14.15
50.36 14.0
50.36 14.11
50.36 14.16
50.36 13.88
50.36 14.02
50.36 13.89
50.36 13.98
50.36 13.99
50.36 14.12
50.36 14.08
50.36 14.13
50.36 13.91
50.36 14.07
50.36 13.94
50.36 13.91
50.36 14.03
50.36 13.81
50.36 14.1
50.36 14.03
50.36 14.12
50.36 13.92
50.36 13.89
50.36 14.12
51.5 14.24
50.36 14.17
50.36 14.19
50.36 14.11
50.36 13.94
50.36 13.97
50.36 13.92
50.36 13.99
50.36 13.84
50.36 14.0
51.5 14.04
50.36 14.11
50.36 14.13
50.36 14.08
51.5 13.91
50.36 13.9
50.36 14.12
50.36 14.0
50.36 14.07
50.36 13.98
50.36 14.04
50.36 13.87
51.5 14.06
50.36 14.0
51.5 14.09
50.36 13.83
50.36 13.93
50.36 14.02
50.36 14.12
50.36 13.97
50.36 14.13
50.36 13.73
50.36 13.98
51.5 13.8
50.36 13.99
50.36 14.04
51.5 14.1
50.36 14.08
50.36 13.94
50.36 14.14
51.5 14.05
51.5 13.86
50.36 13.95
50.36 14.0
50.36 14.07
50.36 14.16
51.5 14.18
51.5 13.65
50.36 13.98
50.36 14.19
50.36 14.18
50.36 14.08
50.36 14.16
50.36 13.92
50.36 14.0
50.36 13.91
51.5 13.95
50.36 14.04
50.36 13.67
50.36 13.94
50.36 13.94
50.36 13.97
50.36 13.94
51.5 13.87
50.36 13.95
50.36 13.93
50.36 13.87
50.36 14.16
50.36 14.02
50.36 13.9
50.36 13.92
50.36 14.18
50.36 14.0
50.36 13.94
50.36 14.18
51.5 13.83
50.36 14.21
50.36 14.06
50.36 14.05
50.36 14.18
51.5 14.03
50.36 14.08
50.36 13.79
51.5 14.06
50.36 14.0
50.36 13.82
50.36 13.87
51.5 13.96
51.5 14.01
50.36 13.67
50.36 13.95
50.36 14.14
51.5 13.87
50.36 14.21
50.36 13.8
50.36 14.0
50.36 14.12
51.5 13.96
50.36 13.94
50.36 13.87
51.5 14.0
50.36 14.17
50.36 14.05
51.5 14.06
50.36 13.82
50.36 13.95
50.36 13.81
50.36 14.07
51.5 13.86
50.36 13.87
51.5 14.07
50.36 13.75
50.36 13.85
50.36 14.03
50.36 13.85
50.36 14.19
50.36 13.95
50.36 13.78
50.36 14.19
50.36 13.95
50.36 13.91
49.22 14.19
50.36 14.08
50.36 14.01
51.5 13.99
50.36 13.93
50.36 14.0
51.5 13.92
51.5 14.01
51.5 14.34
50.36 14.04
51.5 14.0
51.5 13.89
51.5 13.91
51.5 13.97
51.5 14.0
50.36 13.94
51.5 14.05
51.5 14.02
50.36 14.03
50.36 14.1
50.36 14.1
51.5 13.86
50.36 14.16
50.36 13.94
51.5 13.92
51.5 14.12
50.36 13.93
50.36 14.05
51.5 14.07
51.5 13.89
50.36 14.05
50.36 14.02
50.36 14.0
50.36 13.99
50.36 13.94
50.36 14.05
51.5 14.0
50.36 14.15
50.36 13.74
50.36 14.05
50.36 13.97
50.36 13.84
50.36 14.01
50.36 14.06
51.5 14.03
50.36 13.97
49.22 13.95
51.5 14.17
50.36 14.02
51.5 14.05
50.36 14.13
51.5 13.87
51.5 13.98
51.5 14.02
50.36 14.08
50.36 13.85
50.36 14.12
51.5 13.94
51.5 13.99
51.5 13.81
51.5 13.8
51.5 14.03
50.36 14.03
50.36 14.13
50.36 14.07
51.5 13.94
51.5 13.84
51.5 14.07
50.36 14.1
51.5 14.0
50.36 14.03
50.36 13.97
51.5 13.87
51.5 13.83
51.5 13.97
51.5 14.04
51.5 13.94
50.36 13.91
50.36 13.89
51.5 14.01
51.5 13.86
50.36 14.05
51.5 13.92
51.5 14.06
51.5 14.04
51.5 14.02
50.36 13.92
51.5 14.0
50.36 13.95
50.36 14.0
50.36 13.97
50.36 14.05
50.36 13.8
51.5 14.03
50.36 13.87
50.36 14.12
51.5 14.01
50.36 13.91
51.5 13.95
50.36 13.82
50.36 14.08
51.5 13.95
51.5 14.17
50.36 13.98
50.36 14.11
51.5 13.76
51.5 13.97
50.36 14.05
50.36 14.12
50.36 14.03
51.5 13.87
51.5 13.96
51.5 13.89
50.36 13.82
50.36 13.92
51.5 13.9
51.5 14.29
50.36 13.84
51.5 13.95
51.5 14.07
50.36 13.98
51.5 14.01
51.5 13.99
50.36 14.03
50.36 14.02
51.5 14.0
51.5 13.98
50.36 13.91
51.5 14.04
51.5 13.83
51.5 14.02
51.5 13.95
51.5 13.97
51.5 13.99
50.36 14.19
51.5 13.91
50.36 13.94
51.5 14.02
50.36 14.03
51.5 13.93
50.36 13.95
50.36 14.07
51.5 14.17
51.5 13.86
50.36 14.08
51.5 14.0
50.36 14.09
50.36 13.95
51.5 13.91
51.5 13.99
51.5 13.86
51.5 13.97
51.5 14.1
51.5 13.97
51.5 13.87
51.5 13.97
51.5 13.95
51.5 13.79
51.5 13.96
51.5 14.1
51.5 13.83
51.5 14.03
51.5 14.04
51.5 13.91
50.36 13.97
50.36 14.08
50.36 13.87
51.5 13.87
51.5 13.99
50.36 14.12
51.5 14.0
51.5 13.91
51.5 14.04
50.36 14.02
50.36 13.94
50.36 13.98
50.36 13.98
51.5 13.91
50.36 14.09
51.5 13.95
51.5 13.94
51.5 13.89
51.5 14.15
50.36 14.0
50.36 14.24
51.5 13.84
51.5 14.1
51.5 13.87
51.5 14.15
50.36 13.75
50.36 14.1
51.5 13.95
50.36 13.91
50.36 13.97
50.36 14.07
50.36 14.17
51.5 13.85
50.36 14.05
50.36 14.04
50.36 13.87
51.5 13.92
50.36 14.11
51.5 14.05
50.36 14.14
51.5 13.89
50.36 14.08
50.36 14.02
50.36 13.89
51.5 14.0
50.36 14.07
50.36 14.02
51.5 13.95
51.5 13.97
51.5 13.78
50.36 13.91
51.5 13.94
51.5 13.97
51.5 14.16
51.5 14.11
51.5 14.03
51.5 13.92
50.36 13.8
51.5 13.78
50.36 13.99
50.36 14.04
51.5 13.97
50.36 14.15
51.5 13.93
51.5 13.99
51.5 13.99
50.36 13.95
50.36 14.02
51.5 13.87
51.5 14.01
51.5 13.83
51.5 13.94
50.36 14.04
51.5 13.97
51.5 14.13
51.5 14.06
51.5 14.16
50.36 14.18
51.5 13.76
50.36 13.87
51.5 14.02
51.5 14.12
51.5 14.0
51.5 14.21
51.5 14.08
51.5 14.05
51.5 14.03
51.5 13.78
51.5 13.93
51.5 13.89
51.5 13.97
51.5 13.85
51.5 13.93
50.36 13.97
51.5 14.03
51.5 14.05
51.5 14.09
51.5 14.16
51.5 13.92
51.5 14.0
51.5 13.86
50.36 13.97
51.5 14.05
51.5 13.84
51.5 14.16
51.5 13.91
51.5 13.99
51.5 13.97
51.5 13.89
50.36 13.9
51.5 14.04
51.5 13.89
50.36 13.95
51.5 14.04
50.36 13.98
50.36 14.19
51.5 13.86
51.5 14.09
51.5 14.19
50.36 14.14
52.64 14.02
51.5 13.97
51.5 13.93
51.5 13.95
50.36 13.99
51.5 13.95
51.5 14.19
51.5 14.17
51.5 14.07
51.5 13.95
50.36 13.86
51.5 14.31
50.36 13.87
51.5 14.01
51.5 13.82
51.5 13.94
51.5 13.93
51.5 13.96
51.5 14.13
51.5 14.2
51.5 13.89
51.5 13.84
51.5 13.96
51.5 14.14
51.5 14.0
51.5 13.95
51.5 13.75
51.5 14.13
51.5 13.99
51.5 13.75
51.5 13.98
51.5 14.08
50.36 13.84
51.5 13.95
51.5 13.94
51.5 13.92
51.5 14.04
51.5 13.88
51.5 13.9
51.5 13.93
51.5 13.95
50.36 13.77
51.5 13.66
51.5 14.07
51.5 13.71
51.5 13.89
51.5 14.04
51.5 14.03
51.5 14.14
51.5 13.86
50.36 13.85
51.5 13.94
51.5 14.05
51.5 13.86
51.5 14.15
51.5 13.78
50.36 13.85
51.5 13.83
50.36 14.0
50.36 14.0
51.5 13.79
51.5 14.11
50.36 13.85
51.5 13.94
51.5 13.95
51.5 14.11
51.5 13.86
51.5 13.92
51.5 13.92
51.5 13.86
51.5 14.07
51.5 14.02
51.5 14.05
50.36 13.91
51.5 14.02
51.5 13.97
50.36 14.04
51.5 13.97
51.5 13.94
51.5 14.07
50.36 13.91
51.5 14.11
51.5 13.85
51.5 13.97
51.5 14.09
51.5 13.92
51.5 14.05
51.5 14.04
51.5 13.97
51.5 14.03
51.5 13.94
51.5 13.73
51.5 13.9
51.5 13.85
50.36 14.02
51.5 13.91
52.64 13.92
51.5 14.03
51.5 14.09
51.5 13.92
51.5 13.97
51.5 14.13
51.5 13.97
51.5 14.16
51.5 13.95
51.5 13.91
51.5 13.95
51.5 14.08
51.5 13.91
51.5 14.08
51.5 13.98
52.64 13.96
51.5 14.12
51.5 13.92
51.5 13.94
51.5 14.03
51.5 14.0
51.5 13.98
51.5 14.07
51.5 13.73
51.5 13.93
51.5 14.02
51.5 13.99
51.5 13.83
51.5 13.92
51.5 14.02
51.5 13.86
51.5 13.99
51.5 13.89
51.5 13.96
51.5 14.01
50.36 14.07
51.5 13.95
51.5 14.07
51.5 13.92
51.5 14.17
51.5 14.01
51.5 13.92
51.5 13.96
51.5 13.85
51.5 13.88
51.5 13.98
51.5 13.93
51.5 13.97
51.5 13.95
51.5 13.96
51.5 13.95
51.5 14.05
51.5 13.92
51.5 13.85
51.5 13.89
50.36 13.97
51.5 13.84
51.5 13.88
51.5 14.16
51.5 13.96
51.5 13.71
51.5 14.0
51.5 14.03
51.5 14.08
50.36 13.84
52.64 14.03
51.5 13.94
51.5 13.88
51.5 14.08
51.5 14.04
51.5 14.16
51.5 13.93
51.5 14.14
51.5 14.08
51.5 13.86
51.5 13.81
51.5 13.94
51.5 13.73
51.5 13.93
51.5 13.84
51.5 13.85
51.5 14.1
52.64 13.92
51.5 14.09
51.5 13.95
51.5 14.05
51.5 13.95
50.36 13.95
51.5 14.21
51.5 14.02
51.5 13.88
51.5 13.75
51.5 13.66
52.64 13.97
51.5 13.73
51.5 13.91
51.5 13.84
51.5 14.19
50.36 13.92
51.5 13.95
51.5 14.01
51.5 14.11
51.5 13.87
51.5 13.94
51.5 14.03
51.5 14.11
50.36 14.08
51.5 14.03
51.5 14.01
51.5 13.9
51.5 13.79
51.5 13.95
51.5 13.96
51.5 13.87
51.5 13.99
51.5 13.92
51.5 13.97
51.5 14.14
51.5 13.96
50.36 14.11
51.5 14.02
51.5 13.87
51.5 13.84
51.5 14.12
51.5 14.07
51.5 13.87
51.5 13.88
51.5 14.18
51.5 14.0
51.5 13.96
51.5 14.0
51.5 13.84
51.5 13.89
51.5 13.91
51.5 13.8
51.5 14.05
51.5 13.96
51.5 13.93
51.5 13.99
51.5 14.08
51.5 13.76
51.5 13.85
51.5 13.87
51.5 13.91
51.5 13.92
51.5 13.97
51.5 14.11
51.5 13.78
51.5 13.92
51.5 13.95
51.5 13.89
51.5 13.97
51.5 13.9
51.5 14.05
51.5 13.95
51.5 13.84
52.64 13.95
51.5 13.91
51.5 13.55
51.5 13.96
51.5 13.86
51.5 13.95
51.5 13.99
51.5 14.02
51.5 13.83
51.5 14.04
51.5 14.1
51.5 13.86
51.5 14.04
51.5 13.84
51.5 13.85
51.5 13.87
51.5 13.83
51.5 13.99
51.5 13.98
52.64 13.78
51.5 14.08
51.5 13.79
51.5 13.95
51.5 14.05
51.5 14.0
51.5 14.19
51.5 13.76
51.5 14.18
51.5 13.89
51.5 13.96
51.5 14.0
51.5 14.16
52.64 13.94
51.5 14.15
51.5 13.85
51.5 13.86
51.5 13.99
51.5 14.05
51.5 13.88
51.5 13.62
51.5 14.07
51.5 13.83
51.5 13.87
51.5 14.08
51.5 14.06
51.5 13.95
51.5 13.9
51.5 14.05
51.5 13.87
51.5 13.99
51.5 13.78
51.5 13.76
51.5 14.0
51.5 13.9
51.5 13.89
51.5 13.84
51.5 13.92
51.5 13.92
51.5 14.03
51.5 13.75
52.64 13.92
51.5 13.91
51.5 13.87
52.64 13.97
51.5 13.94
51.5 13.69
51.5 14.18
51.5 13.77
51.5 13.91
51.5 13.8
51.5 14.03
51.5 14.23
51.5 13.99
50.36 13.87
51.5 13.7
51.5 13.82
51.5 13.99
51.5 13.83
51.5 13.82
51.5 14.03
51.5 13.95
51.5 13.98
51.5 13.92
51.5 13.94
51.5 13.76
51.5 13.94
51.5 13.82
51.5 13.93
51.5 13.87
51.5 13.86
51.5 13.7
52.64 14.04
51.5 14.03
51.5 14.16
51.5 14.02
50.36 14.1
51.5 13.84
51.5 13.82
51.5 13.85
51.5 13.92
51.5 13.94
51.5 14.01
51.5 13.79
51.5 13.94
52.64 13.79
51.5 13.97
51.5 13.99
51.5 13.92
51.5 13.87
51.5 13.65
51.5 13.82
51.5 13.91
51.5 13.89
51.5 13.94
51.5 13.98
51.5 14.05
51.5 14.19
51.5 13.94
51.5 13.95
51.5 14.0
51.5 13.95
51.5 13.92
51.5 13.77
52.64 13.85
51.5 13.94
51.5 13.92
51.5 13.84
51.5 13.85
51.5 13.86
52.64 14.0
51.5 13.84
51.5 13.86
51.5 13.95
51.5 14.01
51.5 13.93
51.5 13.81
52.64 13.93
51.5 14.07
51.5 13.9
52.64 14.04
52.64 13.91
51.5 14.17
51.5 13.89
51.5 13.83
51.5 14.1
51.5 13.87
51.5 13.98
51.5 13.97
51.5 13.76
51.5 13.97
51.5 14.04
52.64 13.89
51.5 13.79
52.64 13.86
51.5 13.54
51.5 14.01
51.5 13.75
52.64 13.7
51.5 14.19
51.5 14.13
51.5 13.84
51.5 13.95
51.5 14.03
52.64 13.97
51.5 13.97
51.5 13.83
51.5 13.74
51.5 13.83
52.64 13.81
52.64 14.14
51.5 13.84
51.5 13.81
52.64 13.92
51.5 14.03
52.64 13.8
51.5 13.89
52.64 13.96
51.5 13.92
51.5 13.83
51.5 13.76
51.5 13.92
52.64 13.99
52.64 13.87
51.5 14.03
51.5 13.79
51.5 13.99
52.64 13.93
52.64 13.95
51.5 13.98
51.5 14.04
51.5 13.92
52.64 14.06
51.5 14.15
51.5 13.89
52.64 14.01
51.5 14.03
51.5 13.79
51.5 13.73
51.5 14.05
51.5 13.92
51.5 13.96
51.5 13.89
52.64 13.94
51.5 13.93
51.5 14.02
51.5 14.01
51.5 13.95
51.5 14.09
51.5 13.94
51.5 13.84
52.64 13.75
51.5 13.92
52.64 13.94
51.5 13.89
52.64 14.22
51.5 13.89
52.64 13.89
51.5 13.94
51.5 14.03
51.5 13.92
51.5 13.9
52.64 13.83
51.5 14.1
51.5 14.07
51.5 14.04
52.64 13.83
51.5 13.84
51.5 14.07
51.5 13.74
51.5 13.87
51.5 13.92
52.64 13.93
52.64 14.05
52.64 13.86
51.5 13.44
51.5 13.89
51.5 13.97
51.5 13.88
52.64 13.69
51.5 13.77
51.5 14.03
51.5 14.05
52.64 13.83
51.5 13.91
51.5 13.82
51.5 14.02
52.64 13.75
52.64 13.7
52.64 13.87
51.5 13.87
51.5 13.92
51.5 14.08
52.64 13.86
51.5 13.94
51.5 13.89
51.5 13.83
52.64 13.81
51.5 13.98
51.5 13.97
51.5 13.82
52.64 13.96
51.5 14.11
52.64 14.0
51.5 13.83
51.5 13.95
51.5 13.94
51.5 13.93
51.5 13.85
52.64 13.65
51.5 13.86
52.64 13.72
52.64 13.92
51.5 13.69
52.64 13.96
51.5 13.88
51.5 13.88
51.5 13.81
52.64 13.71
51.5 13.66
52.64 13.92
52.64 13.99
51.5 13.82
51.5 13.86
51.5 13.78
52.64 14.03
52.64 14.05
51.5 13.92
51.5 13.8
51.5 13.87
52.64 13.98
51.5 14.0
52.64 13.79
51.5 13.71
52.64 14.08
51.5 13.75
51.5 14.02
52.64 13.79
51.5 13.95
52.64 13.86
52.64 13.76
51.5 13.81
51.5 13.65
51.5 13.74
51.5 13.75
51.5 13.81
52.64 14.08
51.5 13.83
51.5 13.87
51.5 13.98
51.5 13.67
52.64 13.85
51.5 14.0
51.5 13.86
51.5 14.01
52.64 13.97
52.64 13.86
51.5 13.92
52.64 13.83
52.64 14.0
51.5 13.97
51.5 13.79
51.5 13.97
52.64 13.84
52.64 13.85
51.5 13.81
52.64 13.95
52.64 13.7
51.5 13.99
52.64 13.64
52.64 13.81
52.64 13.78
51.5 13.91
52.64 13.81
51.5 13.87
51.5 13.84
51.5 13.72
52.64 13.76
52.64 13.57
52.64 13.86
51.5 13.92
51.5 13.82
51.5 13.97
52.64 13.85
51.5 13.67
51.5 13.98
52.64 13.95
52.64 13.82
51.5 13.72
52.64 13.79
51.5 13.78
52.64 13.95
52.64 13.7
52.64 13.7
51.5 13.94
52.64 13.73
51.5 13.78
52.64 14.0
52.64 13.87
52.64 13.87
51.5 13.8
51.5 13.73
52.64 13.88
52.64 13.58
52.64 13.59
51.5 13.99
52.64 13.89
52.64 13.65
52.64 13.87
52.64 13.84
52.64 13.87
51.5 13.85
51.5 13.87
51.5 13.91
52.64 13.84
51.5 13.83
52.64 14.0
51.5 13.87
52.64 13.87
52.64 13.93
52.64 13.94
51.5 14.03
52.64 13.96
52.64 13.63
51.5 13.9
51.5 13.87
52.64 13.76
52.64 14.08
52.64 13.7
52.64 13.97
51.5 13.78
52.64 13.88
52.64 13.92
51.5 13.79
51.5 13.65
51.5 13.94
51.5 13.75
51.5 14.11
51.5 13.73
51.5 13.69
52.64 13.98
51.5 13.88
51.5 13.95
51.5 13.86
52.64 13.92
51.5 13.84
52.64 13.85
52.64 13.82
52.64 13.71
52.64 13.85
51.5 13.9
51.5 13.82
52.64 13.7
52.64 13.81
52.64 13.7
51.5 13.84
51.5 13.67
52.64 13.87
51.5 13.68
52.64 13.84
52.64 13.87
51.5 13.96
51.5 14.03
51.5 14.04
52.64 13.9
51.5 13.82
52.64 13.79
52.64 13.79
51.5 13.73
52.64 13.82
51.5 13.9
51.5 13.71
51.5 13.67
51.5 13.77
52.64 13.84
51.5 13.89
51.5 13.91
51.5 13.75
52.64 13.6
51.5 13.7
52.64 13.71
52.64 13.71
52.64 14.02
51.5 13.88
51.5 13.96
52.64 13.8
52.64 13.61
52.64 13.73
52.64 13.89
51.5 13.77
51.5 14.07
51.5 13.89
51.5 13.63
52.64 13.8
52.64 14.0
52.64 13.91
51.5 13.73
51.5 14.05
51.5 13.9
52.64 13.97
51.5 14.0
52.64 13.87
52.64 13.89
52.64 13.86
51.5 13.92
51.5 13.88
52.64 13.86
51.5 13.99
52.64 13.92
52.64 13.71
52.64 13.7
51.5 13.75
52.64 13.78
52.64 13.61
52.64 13.76
52.64 13.66
51.5 13.77
52.64 13.63
52.64 13.97
51.5 13.93
51.5 13.97
51.5 13.94
52.64 13.75
52.64 13.94
52.64 13.83
52.64 13.88
51.5 13.86
52.64 13.94
52.64 13.83
52.64 14.06
51.5 13.85
51.5 13.86
52.64 13.86
52.64 13.94
52.64 13.84
51.5 13.84
52.64 13.84
52.64 13.7
52.64 13.7
52.64 13.88
51.5 13.86
51.5 13.85
52.64 13.91
52.64 13.77
52.64 13.78
51.5 13.69
52.64 13.75
52.64 13.93
51.5 13.59
52.64 13.69
52.64 13.88
52.64 13.76
51.5 13.94
52.64 13.88
52.64 13.76
52.64 14.03
51.5 13.86
52.64 13.99
51.5 13.85
51.5 13.79
51.5 13.83
52.64 13.91
51.5 13.73
51.5 13.92
52.64 13.82
52.64 13.7
52.64 13.97
51.5 13.86
52.64 13.83
52.64 13.76
52.64 14.06
51.5 13.74
51.5 13.89
51.5 14.03
52.64 13.91
52.64 13.87
52.64 13.93
52.64 14.0
52.64 13.71
52.64 13.84
51.5 13.85
52.64 13.85
51.5 13.75
52.64 13.7
51.5 13.83
52.64 13.66
52.64 13.86
51.5 13.91
52.64 13.8
52.64 13.86
52.64 13.91
52.64 13.97
52.64 13.88
52.64 13.83
51.5 13.8
51.5 13.73
51.5 13.51
51.5 14.0
52.64 13.72
52.64 13.93
52.64 13.85
52.64 13.9
52.64 13.98
52.64 13.87
52.64 13.63
52.64 13.82
52.64 13.88
52.64 13.78
52.64 13.65
51.5 13.97
52.64 13.79
52.64 13.76
52.64 13.76
51.5 13.9
52.64 13.8
51.5 13.71
52.64 13.74
51.5 13.86
52.64 13.93
51.5 13.7
52.64 13.83
51.5 13.84
51.5 13.92
52.64 13.67
52.64 13.82
52.64 13.94
52.64 13.69
51.5 13.85
52.64 13.71
52.64 13.77
51.5 13.76
52.64 13.69
52.64 13.66
52.64 13.89
52.64 13.84
51.5 13.97
52.64 13.8
52.64 13.75
52.64 13.92
51.5 13.76
52.64 13.57
52.64 13.97
52.64 13.69
51.5 13.86
52.64 13.61
51.5 13.95
52.64 13.83
51.5 13.71
52.64 13.73
52.64 13.83
52.64 14.03
51.5 13.74
52.64 13.98
51.5 13.83
52.64 13.86
52.64 13.9
52.64 13.89
52.64 13.89
52.64 13.73
52.64 13.91
52.64 13.91
52.64 13.76
52.64 13.83
52.64 13.74
52.64 13.84
52.64 13.92
52.64 13.98
51.5 14.14
51.5 13.87
52.64 13.79
52.64 13.87
52.64 13.73
52.64 13.82
52.64 13.84
52.64 13.73
52.64 13.86
52.64 13.91
52.64 13.78
52.64 13.9
51.5 13.71
52.64 13.83
52.64 13.68
52.64 13.89
52.64 13.65
51.5 13.85
52.64 13.82
52.64 13.79
52.64 13.8
51.5 13.91
52.64 13.62
51.5 13.76
52.64 13.79
52.64 13.99
52.64 14.01
52.64 13.67
52.64 13.6
52.64 13.75
52.64 13.7
52.64 13.83
51.5 13.77
52.64 13.76
52.64 13.62
52.64 13.71
52.64 13.85
52.64 13.82
52.64 13.78
51.5 13.78
52.64 13.67
52.64 13.8
52.64 13.7
52.64 13.77
51.5 13.73
52.64 13.89
52.64 13.8
52.64 13.77
51.5 13.95
52.64 13.77
52.64 13.45
52.64 13.7
52.64 13.92
51.5 13.93
52.64 13.92
51.5 13.76
52.64 13.83
52.64 13.87
51.5 13.61
51.5 13.76
52.64 13.78
51.5 13.62
51.5 13.87
51.5 13.89
52.64 13.81
52.64 13.71
51.5 13.67
52.64 13.92
52.64 13.63
52.64 13.85
52.64 13.7
52.64 13.71
51.5 13.73
52.64 13.8
52.64 13.92
52.64 13.78
52.64 13.85
52.64 13.78
52.64 13.83
52.64 13.69
52.64 13.87
51.5 13.87
52.64 13.68
52.64 13.93
52.64 13.74
52.64 13.89
52.64 13.62
52.64 13.89
52.64 13.83
51.5 13.63
52.64 13.71
52.64 13.81
52.64 13.99
52.64 13.81
52.64 13.72
52.64 13.66
52.64 13.79
52.64 13.85
52.64 13.84
52.64 13.63
52.64 13.62
52.64 13.76
52.64 13.63
52.64 13.69
52.64 13.79
52.64 13.67
51.5 13.76
51.5 13.59
52.64 13.75
52.64 13.87
52.64 13.89
52.64 13.73
52.64 13.75
52.64 13.9
52.64 13.95
52.64 13.7
52.64 13.71
51.5 13.67
52.64 13.76
51.5 13.72
52.64 13.87
52.64 13.69
52.64 13.86
51.5 13.83
52.64 13.81
52.64 13.75
52.64 13.9
52.64 13.89
52.64 13.85
52.64 13.65
52.64 13.7
52.64 13.87
52.64 13.73
52.64 13.81
52.64 13.74
52.64 13.79
51.5 13.79
52.64 13.71
51.5 13.71
52.64 13.91
52.64 13.82
52.64 13.57
52.64 13.73
52.64 13.94
52.64 13.77
52.64 13.75
52.64 13.7
51.5 13.78
52.64 13.68
52.64 13.91
52.64 13.78
52.64 13.76
52.64 13.83
52.64 14.0
51.5 13.83
52.64 13.68
52.64 13.79
52.64 13.65
52.64 13.81
53.78 13.85
52.64 13.58
52.64 13.86
52.64 13.77
52.64 13.79
52.64 13.62
52.64 13.76
52.64 13.61
52.64 13.66
52.64 13.8
52.64 13.82
52.64 13.68
52.64 13.89
52.64 13.8
52.64 13.76
52.64 13.77
52.64 13.76
52.64 13.67
52.64 13.67
52.64 13.97
52.64 13.79
52.64 13.55
52.64 13.86
52.64 13.57
52.64 13.88
52.64 13.85
52.64 13.76
51.5 14.06
52.64 13.8
52.64 13.94
52.64 13.91
51.5 13.84
52.64 13.75
52.64 13.75
51.5 13.76
52.64 13.89
52.64 13.86
52.64 13.84
52.64 13.67
52.64 13.76
52.64 13.83
52.64 13.67
52.64 13.88
52.64 13.68
52.64 13.87
52.64 13.85
52.64 13.96
51.5 13.95
52.64 13.73
52.64 13.8
52.64 13.83
52.64 13.78
52.64 13.98
53.78 13.76
52.64 13.73
52.64 13.74
52.64 13.72
51.5 13.79
52.64 13.94
52.64 13.89
52.64 13.83
52.64 13.83
52.64 13.84
52.64 13.86
52.64 13.84
52.64 13.59
52.64 14.01
52.64 13.84
52.64 13.79
52.64 13.8
52.64 13.59
52.64 13.59
52.64 13.72
52.64 13.71
52.64 13.76
52.64 13.72
53.78 13.86
53.78 13.67
52.64 13.71
52.64 13.65
52.64 13.58
52.64 13.74
52.64 13.62
52.64 13.64
52.64 13.76
52.64 13.99
53.78 13.68
52.64 13.84
52.64 13.57
52.64 13.65
52.64 13.85
52.64 13.73
52.64 13.73
52.64 13.84
52.64 13.69
52.64 13.78
52.64 13.8
53.78 13.6
53.78 13.73
52.64 13.93
52.64 13.72
53.78 13.77
52.64 13.87
52.64 13.89
52.64 13.87
52.64 13.68
52.64 13.92
53.78 13.76
52.64 13.7
52.64 13.92
52.64 13.68
52.64 13.65
52.64 13.68
52.64 13.74
52.64 13.7
52.64 13.71
52.64 13.91
52.64 13.93
52.64 13.9
52.64 13.6
53.78 13.75
52.64 13.83
52.64 13.85
52.64 13.8
53.78 13.89
53.78 13.76
52.64 13.99
52.64 13.72
52.64 13.75
52.64 13.78
52.64 13.84
52.64 13.79
52.64 13.83
52.64 13.83
52.64 13.78
52.64 13.81
52.64 13.84
52.64 13.69
52.64 13.73
52.64 13.8
51.5 13.71
52.64 13.83
52.64 13.79
52.64 13.71
52.64 13.68
52.64 13.86
52.64 13.97
52.64 13.65
52.64 13.81
52.64 13.91
53.78 13.75
52.64 13.71
52.64 13.8
52.64 13.89
52.64 13.83
52.64 13.85
52.64 13.74
53.78 13.56
52.64 13.86
52.64 13.78
52.64 13.79
52.64 13.66
52.64 13.85
52.64 13.38
52.64 13.93
52.64 13.67
52.64 13.64
52.64 13.79
52.64 13.8
52.64 13.82
52.64 13.67
52.64 13.88
52.64 13.73
52.64 13.75
53.78 13.92
52.64 13.65
52.64 13.63
52.64 13.71
52.64 13.81
51.5 13.57
53.78 13.83
52.64 14.05
52.64 13.74
52.64 13.87
52.64 13.85
52.64 13.71
52.64 13.92
52.64 14.08
52.64 13.73
52.64 13.86
52.64 13.97
52.64 13.57
52.64 13.65
52.64 13.57
52.64 13.58
52.64 13.81
52.64 13.68
52.64 13.58
52.64 13.59
52.64 13.78
53.78 13.79
52.64 13.76
52.64 13.59
52.64 13.76
52.64 13.69
52.64 13.68
52.64 13.76
52.64 13.66
53.78 13.84
52.64 13.79
52.64 13.64
52.64 13.71
52.64 13.99
52.64 13.67
52.64 14.08
52.64 13.87
52.64 13.82
52.64 13.78
52.64 13.62
52.64 13.71
52.64 13.65
52.64 13.69
52.64 13.77
52.64 13.86
52.64 13.78
52.64 13.83
53.78 13.87
52.64 13.94
52.64 13.84
53.78 13.93
52.64 13.76
52.64 13.61
52.64 13.7
52.64 13.8
52.64 13.79
52.64 13.67
52.64 13.54
52.64 13.75
52.64 13.86
53.78 13.83
52.64 13.7
52.64 13.8
53.78 13.99
52.64 13.79
52.64 13.88
53.78 13.67
52.64 13.83
52.64 13.49
52.64 13.72
52.64 13.83
53.78 13.73
52.64 13.89
52.64 13.94
53.78 13.92
52.64 13.63
52.64 13.78
52.64 14.16
52.64 13.64
52.64 13.8
53.78 13.73
52.64 13.88
52.64 13.95
52.64 13.54
52.64 13.68
52.64 13.62
53.78 13.93
52.64 13.7
52.64 13.88
52.64 13.78
52.64 13.78
52.64 13.86
52.64 13.64
52.64 13.98
52.64 13.76
52.64 13.89
52.64 13.79
52.64 13.84
53.78 13.7
52.64 13.65
52.64 13.65
52.64 13.75
52.64 13.75
52.64 13.89
52.64 13.54
52.64 13.83
52.64 13.73
52.64 13.79
52.64 13.76
52.64 13.7
53.78 13.76
52.64 13.92
52.64 13.79
53.78 13.86
52.64 13.7
52.64 13.81
52.64 13.57
52.64 13.71
52.64 13.35
52.64 13.83
53.78 13.7
52.64 13.83
52.64 13.71
53.78 13.9
52.64 13.54
52.64 13.78
52.64 13.81
52.64 13.92
52.64 13.73
52.64 13.86
52.64 13.71
52.64 13.74
52.64 13.76
52.64 13.71
52.64 13.54
52.64 13.62
53.78 13.7
52.64 13.8
52.64 13.84
52.64 13.68
52.64 13.67
52.64 13.62
52.64 13.56
52.64 13.76
52.64 13.73
53.78 13.75
52.64 13.8
53.78 14.03
52.64 13.57
52.64 13.86
52.64 13.68
52.64 13.7
52.64 13.6
53.78 13.68
52.64 13.82
52.64 13.65
53.78 13.64
52.64 13.81
53.78 13.69
52.64 13.81
52.64 13.65
52.64 13.87
52.64 13.77
52.64 13.67
52.64 13.74
52.64 13.83
52.64 13.6
52.64 13.93
53.78 13.78
52.64 13.75
52.64 13.69
52.64 13.41
52.64 13.84
52.64 13.86
52.64 13.79
52.64 13.86
52.64 13.75
52.64 13.88
52.64 13.86
53.78 13.78
52.64 13.78
52.64 13.75
53.78 13.81
52.64 13.75
52.64 13.76
52.64 13.75
52.64 13.92
53.78 13.68
52.64 13.88
52.64 13.46
52.64 13.77
53.78 13.75
52.64 13.81
53.78 13.76
52.64 13.67
52.64 13.88
52.64 13.91
52.64 13.76
52.64 13.56
52.64 13.78
53.78 13.54
52.64 13.65
52.64 13.71
53.78 13.74
53.78 13.94
52.64 13.7
52.64 13.54
52.64 13.73
53.78 13.75
53.78 14.07
52.64 13.76
52.64 13.94
53.78 13.8
53.78 13.47
52.64 13.65
53.78 13.6
52.64 13.97
52.64 13.83
52.64 13.71
52.64 13.57
53.78 13.75
52.64 13.83
53.78 13.62
52.64 13.83
52.64 13.91
52.64 13.76
52.64 13.64
52.64 13.82
52.64 13.79
53.78 13.84
52.64 13.75
52.64 13.91
52.64 13.57
53.78 13.62
53.78 13.6
53.78 13.79
52.64 13.76
53.78 13.73
51.5 13.71
52.64 13.73
53.78 13.9
52.64 13.66
52.64 13.75
52.64 13.87
53.78 13.78
53.78 13.82
52.64 13.57
52.64 13.75
52.64 13.89
52.64 13.74
52.64 13.65
52.64 13.67
53.78 13.74
52.64 13.85
53.78 13.95
53.78 13.75
53.78 13.88
52.64 13.75
52.64 13.59
52.64 13.78
52.64 13.73
52.64 14.03
53.78 13.82
52.64 13.67
52.64 13.81
52.64 13.82
52.64 13.75
52.64 13.79
52.64 13.65
52.64 13.71
53.78 13.73
52.64 13.82
52.64 13.51
52.64 13.96
52.64 13.76
53.78 13.73
52.64 13.76
52.64 13.76
52.64 13.86
53.78 13.79
52.64 13.73
53.78 13.78
52.64 13.78
53.78 13.8
53.78 13.6
52.64 13.83
53.78 13.71
52.64 13.79
52.64 13.95
52.64 13.81
52.64 13.92
52.64 13.84
52.64 13.79
52.64 13.73
52.64 13.83
53.78 13.91
52.64 13.99
52.64 13.81
52.64 13.7
52.64 13.75
52.64 13.71
52.64 13.85
52.64 13.51
52.64 13.83
53.78 13.74
53.78 13.6
52.64 13.7
52.64 13.63
52.64 13.89
52.64 13.74
53.78 13.86
52.64 13.71
52.64 13.76
52.64 13.81
52.64 13.76
53.78 13.75
53.78 13.78
52.64 13.76
53.78 13.71
52.64 13.78
52.64 13.6
52.64 13.7
52.64 13.57
52.64 13.53
52.64 13.91
52.64 13.54
52.64 13.76
52.64 13.6
52.64 13.76
52.64 13.81
52.64 13.73
52.64 13.84
53.78 13.9
52.64 13.84
52.64 13.99
53.78 13.78
52.64 13.58
52.64 13.66
52.64 13.77
53.78 13.88
52.64 13.91
52.64 13.81
53.78 13.87
52.64 13.97
52.64 13.88
53.78 13.79
52.64 13.67
52.64 13.7
53.78 13.8
52.64 13.73
52.64 13.72
52.64 13.75
52.64 13.88
53.78 13.57
53.78 13.94
53.78 13.43
52.64 13.9
52.64 13.71
53.78 14.02
53.78 13.77
52.64 13.95
52.64 13.87
53.78 13.79
53.78 13.72
52.64 13.74
53.78 13.91
52.64 13.78
52.64 13.67
52.64 13.87
53.78 13.67
52.64 13.97
52.64 13.83
53.78 13.91
53.78 13.5
52.64 13.99
52.64 13.7
52.64 13.83
52.64 13.92
52.64 13.68
52.64 13.89
52.64 13.79
52.64 13.77
53.78 13.74
52.64 13.85
53.78 13.64
53.78 13.65
53.78 13.61
53.78 13.87
52.64 13.68
53.78 13.59
52.64 13.6
53.78 13.71
53.78 13.71
53.78 13.62
52.64 13.88
52.64 13.81
52.64 13.79
53.78 13.86
53.78 13.87
52.64 13.6
53.78 13.72
53.78 13.56
52.64 13.59
52.64 13.55
53.78 13.67
52.64 13.95
53.78 13.44
53.78 13.94
53.78 13.78
52.64 13.68
52.64 13.7
53.78 13.81
52.64 13.92
52.64 13.88
52.64 13.92
52.64 13.75
53.78 13.7
52.64 13.63
53.78 13.83
52.64 13.56
52.64 13.85
52.64 13.71
53.78 14.0
52.64 13.86
52.64 13.99
52.64 13.76
52.64 13.93
52.64 13.64
53.78 13.86
53.78 13.84
53.78 13.77
52.64 13.94
53.78 13.68
53.78 13.67
53.78 13.71
52.64 13.94
53.78 14.01
53.78 13.78
53.78 13.78
52.64 13.64
53.78 13.72
53.78 13.79
52.64 13.76
52.64 13.65
53.78 13.78
52.64 13.71
53.78 13.97
53.78 13.73
52.64 13.81
52.64 13.86
52.64 13.91
52.64 13.76
53.78 13.71
52.64 13.77
52.64 13.73
53.78 13.79
53.78 13.66
53.78 13.68
53.78 13.83
52.64 13.83
52.64 13.89
53.78 13.83
52.64 13.88
52.64 13.96
53.78 14.03
52.64 13.72
53.78 13.93
53.78 13.6
53.78 13.63
52.64 13.79
53.78 13.75
53.78 13.76
53.78 13.54
52.64 13.7
53.78 13.49
53.78 13.86
52.64 13.76
52.64 13.69
52.64 13.59
52.64 13.67
53.78 13.64
53.78 13.89
52.64 13.83
53.78 13.93
53.78 13.71
52.64 13.71
53.78 13.86
53.78 13.53
52.64 13.63
52.64 13.89
53.78 13.76
53.78 13.82
53.78 13.79
53.78 13.62
53.78 13.56
52.64 13.98
53.78 13.97
53.78 13.76
52.64 13.83
54.92 13.73
52.64 13.83
52.64 14.03
52.64 13.85
53.78 13.73
52.64 13.73
53.78 13.71
53.78 13.76
52.64 13.65
52.64 13.71
53.78 13.65
53.78 13.73
53.78 13.78
53.78 13.62
53.78 13.73
53.78 13.61
53.78 13.78
53.78 13.77
53.78 13.68
53.78 13.61
52.64 13.89
52.64 13.78
53.78 13.89
52.64 13.59
53.78 13.75
53.78 13.74
53.78 13.7
53.78 13.92
53.78 13.83
52.64 13.57
53.78 13.7
52.64 13.68
53.78 13.81
53.78 13.84
52.64 13.93
53.78 13.67
52.64 13.59
52.64 13.81
53.78 13.52
53.78 13.62
53.78 13.65
52.64 13.91
52.64 13.42
53.78 13.81
52.64 13.85
53.78 13.67
52.64 13.74
52.64 13.84
52.64 13.76
53.78 13.73
53.78 13.81
53.78 13.82
52.64 13.83
52.64 13.82
53.78 13.56
53.78 13.46
52.64 13.81
53.78 13.7
53.78 13.76
53.78 13.68
53.78 13.65
53.78 13.86
53.78 13.94
53.78 13.84
53.78 13.73
52.64 13.69
53.78 13.58
53.78 13.69
53.78 13.83
53.78 13.83
53.78 13.59
53.78 13.59
53.78 13.73
52.64 13.94
52.64 13.63
53.78 13.64
53.78 13.8
53.78 13.79
52.64 13.52
52.64 13.75
52.64 13.74
52.64 13.65
53.78 13.78
53.78 13.75
53.78 13.68
52.64 13.56
52.64 13.84
52.64 13.52
53.78 13.71
52.64 13.71
53.78 13.63
52.64 13.89
52.64 13.56
53.78 13.77
53.78 13.75
53.78 13.63
53.78 13.66
52.64 13.84
53.78 13.69
53.78 13.69
52.64 13.7
52.64 13.57
53.78 13.59
53.78 13.87
52.64 13.76
52.64 13.89
53.78 13.71
53.78 13.6
53.78 13.81
52.64 13.59
53.78 13.87
52.64 13.92
53.78 13.87
53.78 13.8
53.78 13.7
52.64 13.7
53.78 13.92
53.78 13.61
53.78 13.65
53.78 13.94
52.64 13.68
52.64 13.7
53.78 13.95
53.78 13.6
52.64 13.92
53.78 13.73
53.78 13.81
52.64 14.07
52.64 13.8
52.64 13.74
52.64 13.83
