45.8 284380.0
45.8 284400.0
45.8 284420.0
45.8 284440.0
45.8 284460.0
45.8 284480.0
45.8 284500.0
46.94 284520.0
45.8 284540.0
45.8 284560.0
45.8 284580.0
45.8 284600.0
45.8 284620.0
45.8 284640.0
45.8 284660.0
45.8 284680.0
45.8 284700.0
45.8 284720.0
45.8 284740.0
45.8 284760.0
45.8 284780.0
45.8 284800.0
45.8 284820.0
45.8 284840.0
45.8 284860.0
45.8 284880.0
45.8 284900.0
45.8 284920.0
45.8 284940.0
45.8 284960.0
45.8 284980.0
45.8 285000.0
46.94 285020.0
45.8 285040.0
46.94 285060.0
45.8 285080.0
45.8 285100.0
45.8 285120.0
45.8 285140.0
45.8 285160.0
45.8 285180.0
46.94 285200.0
45.8 285220.0
45.8 285240.0
45.8 285260.0
45.8 285280.0
45.8 285300.0
45.8 285320.0
45.8 285340.0
45.8 285360.0
46.94 285380.0
45.8 285400.0
45.8 285420.0
46.94 285440.0
45.8 285460.0
44.66 285480.0
45.8 285500.0
45.8 285520.0
45.8 285540.0
45.8 285560.0
45.8 285580.0
45.8 285600.0
45.8 285620.0
45.8 285640.0
45.8 285660.0
45.8 285680.0
45.8 285700.0
45.8 285720.0
45.8 285740.0
46.94 285760.0
46.94 285780.0
45.8 285800.0
45.8 285820.0
45.8 285840.0
45.8 285860.0
46.94 285880.0
45.8 285900.0
45.8 285920.0
45.8 285940.0
45.8 285960.0
45.8 285980.0
45.8 286000.0
45.8 286020.0
45.8 286040.0
45.8 286060.0
45.8 286080.0
45.8 286100.0
46.94 286120.0
45.8 286140.0
45.8 286160.0
45.8 286180.0
45.8 286200.0
45.8 286220.0
45.8 286240.0
45.8 286260.0
45.8 286280.0
46.94 286300.0
45.8 286320.0
45.8 286340.0
45.8 286360.0
45.8 286380.0
45.8 286400.0
45.8 286420.0
45.8 286440.0
45.8 286460.0
45.8 286480.0
46.94 286500.0
45.8 286520.0
45.8 286540.0
46.94 286560.0
45.8 286580.0
45.8 286600.0
45.8 286620.0
45.8 286640.0
46.94 286660.0
45.8 286680.0
45.8 286700.0
45.8 286720.0
45.8 286740.0
45.8 286760.0
45.8 286780.0
45.8 286800.0
45.8 286820.0
45.8 286840.0
45.8 286860.0
45.8 286880.0
45.8 286900.0
45.8 286920.0
45.8 286940.0
45.8 286960.0
45.8 286980.0
45.8 287000.0
45.8 287020.0
45.8 287040.0
46.94 287060.0
45.8 287080.0
45.8 287100.0
45.8 287120.0
45.8 287140.0
45.8 287160.0
45.8 287180.0
45.8 287200.0
45.8 287220.0
45.8 287240.0
45.8 287260.0
45.8 287280.0
45.8 287300.0
45.8 287320.0
45.8 287340.0
45.8 287360.0
45.8 287380.0
45.8 287400.0
45.8 287420.0
45.8 287440.0
45.8 287460.0
45.8 287480.0
45.8 287500.0
46.94 287520.0
45.8 287540.0
45.8 287560.0
45.8 287580.0
45.8 287600.0
45.8 287620.0
45.8 287640.0
45.8 287660.0
45.8 287680.0
45.8 287700.0
46.94 287720.0
46.94 287740.0
45.8 287760.0
45.8 287780.0
45.8 287800.0
45.8 287820.0
45.8 287840.0
45.8 287860.0
45.8 287880.0
45.8 287900.0
46.94 287920.0
45.8 287940.0
45.8 287960.0
45.8 287980.0
46.94 288000.0
45.8 288020.0
45.8 288040.0
45.8 288060.0
45.8 288080.0
45.8 288100.0
45.8 288120.0
45.8 288140.0
45.8 288160.0
45.8 288180.0
46.94 288200.0
45.8 288220.0
45.8 288240.0
45.8 288260.0
45.8 288280.0
45.8 288300.0
45.8 288320.0
45.8 288340.0
45.8 288360.0
45.8 288380.0
45.8 288400.0
46.94 288420.0
45.8 288440.0
45.8 288460.0
45.8 288480.0
45.8 288500.0
45.8 288520.0
45.8 288540.0
45.8 288560.0
46.94 288580.0
45.8 288600.0
45.8 288620.0
45.8 288640.0
45.8 288660.0
45.8 288680.0
45.8 288700.0
45.8 288720.0
45.8 288740.0
45.8 288760.0
45.8 288780.0
46.94 288800.0
45.8 288820.0
45.8 288840.0
45.8 288860.0
45.8 288880.0
45.8 288900.0
45.8 288920.0
45.8 288940.0
45.8 288960.0
45.8 288980.0
45.8 289000.0
45.8 289020.0
45.8 289040.0
45.8 289060.0
45.8 289080.0
45.8 289100.0
45.8 289120.0
45.8 289140.0
45.8 289160.0
45.8 289180.0
45.8 289200.0
45.8 289220.0
45.8 289240.0
45.8 289260.0
45.8 289280.0
45.8 289300.0
45.8 289320.0
45.8 289340.0
45.8 289360.0
45.8 289380.0
45.8 289400.0
45.8 289420.0
45.8 289440.0
45.8 289460.0
45.8 289480.0
45.8 289500.0
45.8 289520.0
45.8 289540.0
46.94 289560.0
45.8 289580.0
45.8 289600.0
45.8 289620.0
45.8 289640.0
45.8 289660.0
45.8 289680.0
45.8 289700.0
45.8 289720.0
45.8 289740.0
45.8 289760.0
45.8 289780.0
45.8 289800.0
45.8 289820.0
45.8 289840.0
45.8 289860.0
45.8 289880.0
45.8 289900.0
45.8 289920.0
45.8 289940.0
45.8 289960.0
45.8 289980.0
45.8 290000.0
45.8 290020.0
46.94 290040.0
45.8 290060.0
45.8 290080.0
44.66 290100.0
45.8 290120.0
45.8 290140.0
45.8 290160.0
45.8 290180.0
45.8 290200.0
45.8 290220.0
45.8 290240.0
45.8 290260.0
45.8 290280.0
45.8 290300.0
45.8 290320.0
45.8 290340.0
45.8 290360.0
45.8 290380.0
45.8 290400.0
45.8 290420.0
45.8 290440.0
45.8 290460.0
46.94 290480.0
45.8 290500.0
45.8 290520.0
45.8 290540.0
45.8 290560.0
45.8 290580.0
45.8 290600.0
45.8 290620.0
45.8 290640.0
45.8 290660.0
45.8 290680.0
45.8 290700.0
45.8 290720.0
45.8 290740.0
45.8 290760.0
45.8 290780.0
45.8 290800.0
45.8 290820.0
45.8 290840.0
45.8 290860.0
46.94 290880.0
45.8 290900.0
45.8 290920.0
45.8 290940.0
45.8 290960.0
45.8 290980.0
45.8 291000.0
45.8 291020.0
45.8 291040.0
45.8 291060.0
45.8 291080.0
45.8 291100.0
45.8 291120.0
45.8 291140.0
45.8 291160.0
45.8 291180.0
45.8 291200.0
45.8 291220.0
45.8 291240.0
45.8 291260.0
46.94 291280.0
45.8 291300.0
45.8 291320.0
45.8 291340.0
45.8 291360.0
45.8 291380.0
45.8 291400.0
45.8 291420.0
45.8 291440.0
45.8 291460.0
45.8 291480.0
45.8 291500.0
45.8 291520.0
45.8 291540.0
46.94 291560.0
45.8 291580.0
45.8 291600.0
45.8 291620.0
45.8 291640.0
46.94 291660.0
45.8 291680.0
45.8 291700.0
45.8 291720.0
45.8 291740.0
45.8 291760.0
45.8 291780.0
45.8 291800.0
45.8 291820.0
45.8 291840.0
45.8 291860.0
45.8 291880.0
45.8 291900.0
45.8 291920.0
45.8 291940.0
45.8 291960.0
45.8 291980.0
45.8 292000.0
45.8 292020.0
45.8 292040.0
45.8 292060.0
45.8 292080.0
45.8 292100.0
45.8 292120.0
46.94 292140.0
45.8 292160.0
45.8 292180.0
45.8 292200.0
45.8 292220.0
45.8 292240.0
45.8 292260.0
45.8 292280.0
45.8 292300.0
45.8 292320.0
45.8 292340.0
46.94 292360.0
45.8 292380.0
45.8 292400.0
45.8 292420.0
46.94 292440.0
45.8 292460.0
45.8 292480.0
45.8 292500.0
45.8 292520.0
45.8 292540.0
45.8 292560.0
45.8 292580.0
45.8 292600.0
45.8 292620.0
46.94 292640.0
45.8 292660.0
45.8 292680.0
45.8 292700.0
45.8 292720.0
45.8 292740.0
45.8 292760.0
46.94 292780.0
45.8 292800.0
45.8 292820.0
45.8 292840.0
45.8 292860.0
45.8 292880.0
45.8 292900.0
45.8 292920.0
45.8 292940.0
45.8 292960.0
45.8 292980.0
46.94 293000.0
46.94 293020.0
45.8 293040.0
45.8 293060.0
45.8 293080.0
45.8 293100.0
45.8 293120.0
45.8 293140.0
45.8 293160.0
46.94 293180.0
46.94 293200.0
45.8 293220.0
46.94 293240.0
45.8 293260.0
46.94 293280.0
45.8 293300.0
45.8 293320.0
45.8 293340.0
45.8 293360.0
46.94 293380.0
45.8 293400.0
45.8 293420.0
46.94 293440.0
45.8 293460.0
45.8 293480.0
45.8 293500.0
45.8 293520.0
45.8 293540.0
45.8 293560.0
46.94 293580.0
45.8 293600.0
45.8 293620.0
45.8 293640.0
45.8 293660.0
45.8 293680.0
45.8 293700.0
45.8 293720.0
45.8 293740.0
45.8 293760.0
45.8 293780.0
45.8 293800.0
46.94 293820.0
45.8 293840.0
46.94 293860.0
45.8 293880.0
45.8 293900.0
45.8 293920.0
45.8 293940.0
45.8 293960.0
46.94 293980.0
45.8 294000.0
45.8 294020.0
46.94 294040.0
45.8 294060.0
45.8 294080.0
45.8 294100.0
45.8 294120.0
45.8 294140.0
45.8 294160.0
45.8 294180.0
45.8 294200.0
45.8 294220.0
45.8 294240.0
45.8 294260.0
45.8 294280.0
45.8 294300.0
45.8 294320.0
45.8 294340.0
45.8 294360.0
45.8 294380.0
45.8 294400.0
46.94 294420.0
45.8 294440.0
45.8 294460.0
45.8 294480.0
45.8 294500.0
45.8 294520.0
45.8 294540.0
45.8 294560.0
45.8 294580.0
45.8 294600.0
45.8 294620.0
45.8 294640.0
45.8 294660.0
45.8 294680.0
45.8 294700.0
45.8 294720.0
45.8 294740.0
46.94 294760.0
45.8 294780.0
46.94 294800.0
45.8 294820.0
45.8 294840.0
45.8 294860.0
46.94 294880.0
46.94 294900.0
45.8 294920.0
45.8 294940.0
45.8 294960.0
46.94 294980.0
46.94 295000.0
45.8 295020.0
45.8 295040.0
45.8 295060.0
45.8 295080.0
46.94 295100.0
45.8 295120.0
46.94 295140.0
46.94 295160.0
45.8 295180.0
45.8 295200.0
45.8 295220.0
46.94 295240.0
45.8 295260.0
46.94 295280.0
46.94 295300.0
46.94 295320.0
46.94 295340.0
45.8 295360.0
45.8 295380.0
45.8 295400.0
45.8 295420.0
45.8 295440.0
45.8 295460.0
45.8 295480.0
45.8 295500.0
45.8 295520.0
45.8 295540.0
45.8 295560.0
46.94 295580.0
45.8 295600.0
45.8 295620.0
46.94 295640.0
45.8 295660.0
45.8 295680.0
45.8 295700.0
45.8 295720.0
46.94 295740.0
45.8 295760.0
45.8 295780.0
45.8 295800.0
45.8 295820.0
45.8 295840.0
45.8 295860.0
45.8 295880.0
45.8 295900.0
45.8 295920.0
45.8 295940.0
45.8 295960.0
45.8 295980.0
45.8 296000.0
45.8 296020.0
45.8 296040.0
45.8 296060.0
46.94 296080.0
45.8 296100.0
46.94 296120.0
45.8 296140.0
45.8 296160.0
45.8 296180.0
45.8 296200.0
45.8 296220.0
45.8 296240.0
45.8 296260.0
45.8 296280.0
45.8 296300.0
45.8 296320.0
45.8 296340.0
45.8 296360.0
45.8 296380.0
45.8 296400.0
45.8 296420.0
45.8 296440.0
46.94 296460.0
46.94 296480.0
46.94 296500.0
45.8 296520.0
45.8 296540.0
45.8 296560.0
45.8 296580.0
45.8 296600.0
45.8 296620.0
45.8 296640.0
45.8 296660.0
46.94 296680.0
45.8 296700.0
45.8 296720.0
45.8 296740.0
45.8 296760.0
45.8 296780.0
45.8 296800.0
45.8 296820.0
45.8 296840.0
45.8 296860.0
45.8 296880.0
46.94 296900.0
45.8 296920.0
45.8 296940.0
46.94 296960.0
45.8 296980.0
45.8 297000.0
46.94 297020.0
46.94 297040.0
46.94 297060.0
45.8 297080.0
45.8 297100.0
45.8 297120.0
46.94 297140.0
45.8 297160.0
45.8 297180.0
45.8 297200.0
45.8 297220.0
45.8 297240.0
45.8 297260.0
45.8 297280.0
46.94 297300.0
45.8 297320.0
45.8 297340.0
45.8 297360.0
45.8 297380.0
45.8 297400.0
45.8 297420.0
45.8 297440.0
45.8 297460.0
45.8 297480.0
45.8 297500.0
45.8 297520.0
46.94 297540.0
45.8 297560.0
45.8 297580.0
45.8 297600.0
45.8 297620.0
45.8 297640.0
45.8 297660.0
45.8 297680.0
45.8 297700.0
45.8 297720.0
45.8 297740.0
45.8 297760.0
45.8 297780.0
45.8 297800.0
45.8 297820.0
46.94 297840.0
45.8 297860.0
46.94 297880.0
45.8 297900.0
45.8 297920.0
45.8 297940.0
45.8 297960.0
45.8 297980.0
45.8 298000.0
45.8 298020.0
45.8 298040.0
45.8 298060.0
45.8 298080.0
45.8 298100.0
45.8 298120.0
45.8 298140.0
45.8 298160.0
45.8 298180.0
46.94 298200.0
45.8 298220.0
45.8 298240.0
45.8 298260.0
45.8 298280.0
46.94 298300.0
45.8 298320.0
45.8 298340.0
45.8 298360.0
45.8 298380.0
45.8 298400.0
45.8 298420.0
45.8 298440.0
45.8 298460.0
45.8 298480.0
45.8 298500.0
45.8 298520.0
45.8 298540.0
46.94 298560.0
46.94 298580.0
45.8 298600.0
45.8 298620.0
45.8 298640.0
46.94 298660.0
45.8 298680.0
45.8 298700.0
45.8 298720.0
44.66 298740.0
45.8 298760.0
45.8 298780.0
45.8 298800.0
45.8 298820.0
45.8 298840.0
45.8 298860.0
45.8 298880.0
45.8 298900.0
45.8 298920.0
45.8 298940.0
45.8 298960.0
45.8 298980.0
45.8 299000.0
46.94 299020.0
45.8 299040.0
45.8 299060.0
45.8 299080.0
45.8 299100.0
45.8 299120.0
46.94 299140.0
46.94 299160.0
45.8 299180.0
46.94 299200.0
45.8 299220.0
46.94 299240.0
45.8 299260.0
46.94 299280.0
46.94 299300.0
46.94 299320.0
45.8 299340.0
45.8 299360.0
45.8 299380.0
45.8 299400.0
45.8 299420.0
45.8 299440.0
45.8 299460.0
45.8 299480.0
45.8 299500.0
45.8 299520.0
45.8 299540.0
45.8 299560.0
45.8 299580.0
45.8 299600.0
45.8 299620.0
45.8 299640.0
45.8 299660.0
45.8 299680.0
45.8 299700.0
46.94 299720.0
45.8 299740.0
45.8 299760.0
46.94 299780.0
46.94 299800.0
45.8 299820.0
45.8 299840.0
45.8 299860.0
46.94 299880.0
45.8 299900.0
45.8 299920.0
45.8 299940.0
45.8 299960.0
45.8 299980.0
45.8 300000.0
45.8 300020.0
45.8 300040.0
45.8 300060.0
45.8 300080.0
46.94 300100.0
45.8 300120.0
46.94 300140.0
45.8 300160.0
45.8 300180.0
45.8 300200.0
45.8 300220.0
45.8 300240.0
45.8 300260.0
45.8 300280.0
46.94 300300.0
45.8 300320.0
45.8 300340.0
45.8 300360.0
46.94 300380.0
45.8 300400.0
45.8 300420.0
45.8 300440.0
45.8 300460.0
45.8 300480.0
46.94 300500.0
45.8 300520.0
45.8 300540.0
45.8 300560.0
46.94 300580.0
45.8 300600.0
45.8 300620.0
45.8 300640.0
45.8 300660.0
45.8 300680.0
45.8 300700.0
46.94 300720.0
45.8 300740.0
46.94 300760.0
45.8 300780.0
45.8 300800.0
45.8 300820.0
46.94 300840.0
46.94 300860.0
46.94 300880.0
45.8 300900.0
45.8 300920.0
45.8 300940.0
46.94 300960.0
45.8 300980.0
45.8 301000.0
46.94 301020.0
45.8 301040.0
45.8 301060.0
45.8 301080.0
45.8 301100.0
45.8 301120.0
45.8 301140.0
45.8 301160.0
45.8 301180.0
45.8 301200.0
45.8 301220.0
45.8 301240.0
45.8 301260.0
45.8 301280.0
45.8 301300.0
45.8 301320.0
45.8 301340.0
46.94 301360.0
45.8 301380.0
45.8 301400.0
45.8 301420.0
45.8 301440.0
45.8 301460.0
46.94 301480.0
45.8 301500.0
45.8 301520.0
46.94 301540.0
45.8 301560.0
45.8 301580.0
45.8 301600.0
46.94 301620.0
45.8 301640.0
45.8 301660.0
45.8 301680.0
45.8 301700.0
46.94 301720.0
45.8 301740.0
45.8 301760.0
45.8 301780.0
45.8 301800.0
45.8 301820.0
46.94 301840.0
45.8 301860.0
45.8 301880.0
45.8 301900.0
45.8 301920.0
45.8 301940.0
45.8 301960.0
45.8 301980.0
46.94 302000.0
45.8 302020.0
45.8 302040.0
45.8 302060.0
45.8 302080.0
45.8 302100.0
45.8 302120.0
46.94 302140.0
45.8 302160.0
45.8 302180.0
45.8 302200.0
45.8 302220.0
45.8 302240.0
46.94 302260.0
45.8 302280.0
46.94 302300.0
45.8 302320.0
45.8 302340.0
45.8 302360.0
46.94 302380.0
45.8 302400.0
46.94 302420.0
45.8 302440.0
45.8 302460.0
45.8 302480.0
45.8 302500.0
46.94 302520.0
45.8 302540.0
45.8 302560.0
45.8 302580.0
45.8 302600.0
45.8 302620.0
45.8 302640.0
45.8 302660.0
45.8 302680.0
46.94 302700.0
45.8 302720.0
45.8 302740.0
45.8 302760.0
46.94 302780.0
46.94 302800.0
45.8 302820.0
45.8 302840.0
45.8 302860.0
45.8 302880.0
45.8 302900.0
45.8 302920.0
45.8 302940.0
45.8 302960.0
45.8 302980.0
46.94 303000.0
46.94 303020.0
45.8 303040.0
46.94 303060.0
45.8 303080.0
45.8 303100.0
46.94 303120.0
45.8 303140.0
45.8 303160.0
45.8 303180.0
45.8 303200.0
45.8 303220.0
46.94 303240.0
45.8 303260.0
45.8 303280.0
45.8 303300.0
46.94 303320.0
45.8 303340.0
45.8 303360.0
45.8 303380.0
45.8 303400.0
45.8 303420.0
45.8 303440.0
45.8 303460.0
45.8 303480.0
45.8 303500.0
46.94 303520.0
45.8 303540.0
45.8 303560.0
46.94 303580.0
45.8 303600.0
45.8 303620.0
45.8 303640.0
45.8 303660.0
45.8 303680.0
45.8 303700.0
45.8 303720.0
45.8 303740.0
46.94 303760.0
45.8 303780.0
46.94 303800.0
45.8 303820.0
45.8 303840.0
45.8 303860.0
45.8 303880.0
45.8 303900.0
45.8 303920.0
45.8 303940.0
46.94 303960.0
45.8 303980.0
45.8 304000.0
45.8 304020.0
45.8 304040.0
45.8 304060.0
46.94 304080.0
45.8 304100.0
45.8 304120.0
45.8 304140.0
46.94 304160.0
45.8 304180.0
45.8 304200.0
45.8 304220.0
45.8 304240.0
45.8 304260.0
46.94 304280.0
45.8 304300.0
45.8 304320.0
45.8 304340.0
45.8 304360.0
45.8 304380.0
45.8 304400.0
45.8 304420.0
46.94 304440.0
45.8 304460.0
45.8 304480.0
45.8 304500.0
45.8 304520.0
45.8 304540.0
45.8 304560.0
45.8 304580.0
45.8 304600.0
45.8 304620.0
45.8 304640.0
45.8 304660.0
46.94 304680.0
46.94 304700.0
45.8 304720.0
45.8 304740.0
45.8 304760.0
45.8 304780.0
45.8 304800.0
45.8 304820.0
45.8 304840.0
45.8 304860.0
45.8 304880.0
45.8 304900.0
45.8 304920.0
46.94 304940.0
45.8 304960.0
45.8 304980.0
45.8 305000.0
46.94 305020.0
45.8 305040.0
45.8 305060.0
45.8 305080.0
46.94 305100.0
45.8 305120.0
45.8 305140.0
45.8 305160.0
45.8 305180.0
45.8 305200.0
46.94 305220.0
46.94 305240.0
45.8 305260.0
46.94 305280.0
45.8 305300.0
45.8 305320.0
45.8 305340.0
46.94 305360.0
45.8 305380.0
45.8 305400.0
45.8 305420.0
45.8 305440.0
46.94 305460.0
45.8 305480.0
45.8 305500.0
45.8 305520.0
45.8 305540.0
45.8 305560.0
45.8 305580.0
46.94 305600.0
46.94 305620.0
45.8 305640.0
45.8 305660.0
45.8 305680.0
45.8 305700.0
46.94 305720.0
45.8 305740.0
45.8 305760.0
45.8 305780.0
46.94 305800.0
45.8 305820.0
45.8 305840.0
45.8 305860.0
45.8 305880.0
46.94 305900.0
45.8 305920.0
45.8 305940.0
45.8 305960.0
45.8 305980.0
46.94 306000.0
46.94 306020.0
46.94 306040.0
45.8 306060.0
45.8 306080.0
45.8 306100.0
45.8 306120.0
45.8 306140.0
45.8 306160.0
45.8 306180.0
45.8 306200.0
46.94 306220.0
45.8 306240.0
45.8 306260.0
45.8 306280.0
45.8 306300.0
46.94 306320.0
45.8 306340.0
45.8 306360.0
45.8 306380.0
46.94 306400.0
45.8 306420.0
45.8 306440.0
46.94 306460.0
45.8 306480.0
45.8 306500.0
45.8 306520.0
45.8 306540.0
45.8 306560.0
45.8 306580.0
46.94 306600.0
45.8 306620.0
45.8 306640.0
46.94 306660.0
45.8 306680.0
45.8 306700.0
45.8 306720.0
45.8 306740.0
46.94 306760.0
45.8 306780.0
46.94 306800.0
45.8 306820.0
45.8 306840.0
45.8 306860.0
45.8 306880.0
46.94 306900.0
46.94 306920.0
45.8 306940.0
45.8 306960.0
46.94 306980.0
45.8 307000.0
45.8 307020.0
46.94 307040.0
45.8 307060.0
46.94 307080.0
45.8 307100.0
45.8 307120.0
45.8 307140.0
45.8 307160.0
45.8 307180.0
45.8 307200.0
46.94 307220.0
46.94 307240.0
45.8 307260.0
46.94 307280.0
45.8 307300.0
45.8 307320.0
45.8 307340.0
45.8 307360.0
46.94 307380.0
45.8 307400.0
45.8 307420.0
46.94 307440.0
45.8 307460.0
45.8 307480.0
46.94 307500.0
45.8 307520.0
45.8 307540.0
45.8 307560.0
45.8 307580.0
45.8 307600.0
45.8 307620.0
46.94 307640.0
46.94 307660.0
45.8 307680.0
46.94 307700.0
45.8 307720.0
46.94 307740.0
45.8 307760.0
46.94 307780.0
45.8 307800.0
46.94 307820.0
45.8 307840.0
45.8 307860.0
46.94 307880.0
45.8 307900.0
46.94 307920.0
45.8 307940.0
45.8 307960.0
45.8 307980.0
45.8 308000.0
45.8 308020.0
45.8 308040.0
46.94 308060.0
46.94 308080.0
45.8 308100.0
46.94 308120.0
46.94 308140.0
45.8 308160.0
45.8 308180.0
45.8 308200.0
46.94 308220.0
45.8 308240.0
45.8 308260.0
45.8 308280.0
46.94 308300.0
45.8 308320.0
46.94 308340.0
46.94 308360.0
45.8 308380.0
46.94 308400.0
45.8 308420.0
45.8 308440.0
45.8 308460.0
45.8 308480.0
45.8 308500.0
45.8 308520.0
45.8 308540.0
46.94 308560.0
45.8 308580.0
45.8 308600.0
46.94 308620.0
45.8 308640.0
45.8 308660.0
45.8 308680.0
45.8 308700.0
45.8 308720.0
45.8 308740.0
45.8 308760.0
45.8 308780.0
46.94 308800.0
45.8 308820.0
45.8 308840.0
45.8 308860.0
46.94 308880.0
45.8 308900.0
45.8 308920.0
46.94 308940.0
45.8 308960.0
45.8 308980.0
45.8 309000.0
45.8 309020.0
46.94 309040.0
45.8 309060.0
45.8 309080.0
46.94 309100.0
46.94 309120.0
45.8 309140.0
45.8 309160.0
46.94 309180.0
45.8 309200.0
45.8 309220.0
45.8 309240.0
45.8 309260.0
45.8 309280.0
45.8 309300.0
45.8 309320.0
45.8 309340.0
45.8 309360.0
45.8 309380.0
45.8 309400.0
45.8 309420.0
45.8 309440.0
46.94 309460.0
45.8 309480.0
45.8 309500.0
45.8 309520.0
45.8 309540.0
45.8 309560.0
45.8 309580.0
45.8 309600.0
45.8 309620.0
45.8 309640.0
45.8 309660.0
46.94 309680.0
45.8 309700.0
45.8 309720.0
46.94 309740.0
45.8 309760.0
45.8 309780.0
45.8 309800.0
45.8 309820.0
45.8 309840.0
45.8 309860.0
46.94 309880.0
46.94 309900.0
45.8 309920.0
46.94 309940.0
45.8 309960.0
45.8 309980.0
45.8 310000.0
45.8 310020.0
45.8 310040.0
45.8 310060.0
45.8 310080.0
46.94 310100.0
45.8 310120.0
46.94 310140.0
45.8 310160.0
45.8 310180.0
45.8 310200.0
45.8 310220.0
45.8 310240.0
45.8 310260.0
45.8 310280.0
46.94 310300.0
45.8 310320.0
46.94 310340.0
46.94 310360.0
45.8 310380.0
46.94 310400.0
46.94 310420.0
45.8 310440.0
45.8 310460.0
45.8 310480.0
45.8 310500.0
45.8 310520.0
45.8 310540.0
45.8 310560.0
46.94 310580.0
45.8 310600.0
45.8 310620.0
46.94 310640.0
45.8 310660.0
45.8 310680.0
46.94 310700.0
45.8 310720.0
45.8 310740.0
45.8 310760.0
45.8 310780.0
46.94 310800.0
45.8 310820.0
45.8 310840.0
45.8 310860.0
45.8 310880.0
46.94 310900.0
45.8 310920.0
45.8 310940.0
45.8 310960.0
45.8 310980.0
45.8 311000.0
45.8 311020.0
45.8 311040.0
45.8 311060.0
45.8 311080.0
46.94 311100.0
45.8 311120.0
45.8 311140.0
45.8 311160.0
45.8 311180.0
46.94 311200.0
45.8 311220.0
46.94 311240.0
45.8 311260.0
46.94 311280.0
46.94 311300.0
46.94 311320.0
45.8 311340.0
45.8 311360.0
45.8 311380.0
45.8 311400.0
46.94 311420.0
45.8 311440.0
46.94 311460.0
45.8 311480.0
45.8 311500.0
45.8 311520.0
46.94 311540.0
46.94 311560.0
45.8 311580.0
45.8 311600.0
45.8 311620.0
45.8 311640.0
45.8 311660.0
46.94 311680.0
46.94 311700.0
46.94 311720.0
45.8 311740.0
45.8 311760.0
45.8 311780.0
45.8 311800.0
45.8 311820.0
45.8 311840.0
45.8 311860.0
45.8 311880.0
46.94 311900.0
45.8 311920.0
45.8 311940.0
45.8 311960.0
45.8 311980.0
46.94 312000.0
46.94 312020.0
45.8 312040.0
45.8 312060.0
45.8 312080.0
46.94 312100.0
45.8 312120.0
45.8 312140.0
45.8 312160.0
45.8 312180.0
45.8 312200.0
45.8 312220.0
45.8 312240.0
46.94 312260.0
46.94 312280.0
45.8 312300.0
45.8 312320.0
45.8 312340.0
45.8 312360.0
45.8 312380.0
45.8 312400.0
45.8 312420.0
45.8 312440.0
46.94 312460.0
45.8 312480.0
45.8 312500.0
46.94 312520.0
45.8 312540.0
46.94 312560.0
46.94 312580.0
45.8 312600.0
45.8 312620.0
45.8 312640.0
45.8 312660.0
45.8 312680.0
45.8 312700.0
45.8 312720.0
46.94 312740.0
46.94 312760.0
45.8 312780.0
45.8 312800.0
46.94 312820.0
46.94 312840.0
45.8 312860.0
45.8 312880.0
45.8 312900.0
45.8 312920.0
45.8 312940.0
45.8 312960.0
45.8 312980.0
46.94 313000.0
46.94 313020.0
45.8 313040.0
46.94 313060.0
46.94 313080.0
