44.66 11.45
45.8 11.49
46.94 11.39
48.08 11.46
48.08 11.45
48.08 11.49
49.22 11.49
49.22 11.41
49.22 11.44
49.22 11.4
49.22 11.36
50.36 11.27
50.36 11.23
50.36 11.18
50.36 11.23
50.36 11.24
51.5 11.2
50.36 11.2
51.5 11.18
51.5 11.23
51.5 11.19
50.36 11.31
51.5 11.27
51.5 11.23
51.5 11.18
52.64 11.27
52.64 11.23
52.64 11.27
52.64 11.23
52.64 11.24
52.64 11.24
51.5 11.22
52.64 11.21
52.64 11.2
52.64 11.18
52.64 11.21
52.64 11.28
52.64 11.23
52.64 11.23
52.64 11.24
52.64 11.17
52.64 11.18
52.64 11.16
53.78 11.16
53.78 11.04
52.64 11.13
52.64 11.05
52.64 11.1
53.78 11.13
53.78 11.09
52.64 11.08
53.78 11.04
53.78 10.99
53.78 11.04
53.78 10.98
54.92 11.01
52.64 11.01
53.78 10.99
53.78 11.03
54.92 10.93
53.78 10.99
53.78 10.95
53.78 10.99
53.78 10.98
54.92 10.99
54.92 10.98
53.78 10.98
53.78 10.99
53.78 10.92
54.92 10.95
54.92 11.0
54.92 10.97
54.92 10.98
54.92 10.99
54.92 10.88
54.92 10.92
54.92 10.93
54.92 10.98
56.06 11.03
54.92 11.01
54.92 10.97
56.06 10.96
54.92 11.05
54.92 10.95
56.06 10.96
54.92 10.98
56.06 10.89
54.92 10.99
54.92 10.98
54.92 10.98
54.92 10.96
54.92 10.96
54.92 10.98
56.06 11.0
56.06 10.99
54.92 10.97
56.06 11.05
56.06 10.98
56.06 10.97
56.06 11.02
56.06 10.95
54.92 10.94
54.92 11.04
54.92 10.94
54.92 11.03
56.06 10.98
57.2 11.0
56.06 10.91
56.06 10.99
56.06 11.01
56.06 10.96
54.92 10.95
56.06 10.99
56.06 10.99
56.06 10.97
57.2 10.94
57.2 10.93
57.2 10.87
56.06 10.95
56.06 10.95
57.2 10.9
57.2 10.94
56.06 10.93
56.06 10.95
57.2 10.96
57.2 10.94
57.2 10.91
57.2 10.87
57.2 10.96
57.2 10.86
57.2 10.91
56.06 10.9
56.06 10.85
57.2 10.9
57.2 10.86
57.2 10.88
58.34 10.83
57.2 10.88
57.2 10.88
57.2 10.92
57.2 10.89
57.2 10.86
57.2 10.89
57.2 10.89
57.2 10.83
57.2 10.83
57.2 10.88
57.2 10.9
57.2 10.86
58.34 10.9
57.2 10.84
57.2 10.82
57.2 10.78
57.2 10.81
58.34 10.84
58.34 10.87
58.34 10.92
57.2 10.79
58.34 10.8
58.34 10.79
58.34 10.81
58.34 10.74
58.34 10.82
58.34 10.84
57.2 10.76
58.34 10.78
57.2 10.77
58.34 10.83
58.34 10.79
58.34 10.82
58.34 10.81
58.34 10.78
58.34 10.77
58.34 10.79
58.34 10.75
58.34 10.74
58.34 10.75
58.34 10.82
58.34 10.81
58.34 10.78
58.34 10.71
58.34 10.75
58.34 10.8
58.34 10.76
58.34 10.71
58.34 10.78
58.34 10.74
58.34 10.73
58.34 10.76
58.34 10.82
59.48 10.76
58.34 10.71
58.34 10.81
58.34 10.79
58.34 10.73
58.34 10.76
58.34 10.77
59.48 10.79
58.34 10.7
59.48 10.74
59.48 10.67
58.34 10.77
59.48 10.78
58.34 10.73
59.48 10.77
59.48 10.75
58.34 10.79
59.48 10.7
58.34 10.72
59.48 10.81
59.48 10.72
59.48 10.75
59.48 10.69
59.48 10.71
59.48 10.7
59.48 10.73
59.48 10.73
59.48 10.71
59.48 10.79
59.48 10.77
59.48 10.73
59.48 10.76
59.48 10.74
60.62 10.7
59.48 10.82
59.48 10.74
59.48 10.68
59.48 10.75
59.48 10.67
59.48 10.72
59.48 10.7
60.62 10.74
59.48 10.73
59.48 10.76
59.48 10.74
59.48 10.62
59.48 10.72
59.48 10.7
59.48 10.79
60.62 10.71
59.48 10.83
59.48 10.73
59.48 10.71
59.48 10.68
59.48 10.73
59.48 10.79
60.62 10.72
59.48 10.67
60.62 10.7
59.48 10.75
59.48 10.69
59.48 10.69
59.48 10.72
60.62 10.69
59.48 10.73
60.62 10.75
60.62 10.69
59.48 10.74
60.62 10.74
60.62 10.7
60.62 10.77
60.62 10.72
60.62 10.74
60.62 10.71
60.62 10.79
59.48 10.71
59.48 10.72
60.62 10.75
61.76 10.79
60.62 10.74
60.62 10.75
60.62 10.74
60.62 10.74
60.62 10.76
60.62 10.74
60.62 10.71
60.62 10.76
60.62 10.69
60.62 10.67
60.62 10.71
60.62 10.68
60.62 10.75
60.62 10.79
60.62 10.67
60.62 10.71
61.76 10.68
60.62 10.73
60.62 10.71
60.62 10.78
60.62 10.69
60.62 10.76
60.62 10.76
60.62 10.76
60.62 10.75
61.76 10.78
60.62 10.72
60.62 10.75
60.62 10.7
60.62 10.7
60.62 10.74
60.62 10.71
60.62 10.69
60.62 10.76
60.62 10.74
61.76 10.76
60.62 10.75
60.62 10.76
60.62 10.76
61.76 10.75
60.62 10.74
60.62 10.71
61.76 10.71
61.76 10.77
61.76 10.75
60.62 10.78
60.62 10.68
61.76 10.71
61.76 10.73
60.62 10.77
61.76 10.74
61.76 10.72
60.62 10.75
61.76 10.7
60.62 10.76
61.76 10.73
61.76 10.74
61.76 10.72
61.76 10.75
61.76 10.75
61.76 10.74
61.76 10.76
61.76 10.75
61.76 10.75
61.76 10.7
61.76 10.83
61.76 10.75
60.62 10.77
60.62 10.79
61.76 10.82
61.76 10.75
61.76 10.76
62.9 10.69
61.76 10.78
61.76 10.74
61.76 10.77
61.76 10.75
61.76 10.76
61.76 10.83
61.76 10.71
61.76 10.72
61.76 10.73
61.76 10.74
61.76 10.8
62.9 10.8
61.76 10.74
61.76 10.8
61.76 10.79
62.9 10.71
62.9 10.72
61.76 10.75
61.76 10.74
61.76 10.8
61.76 10.76
61.76 10.75
62.9 10.75
61.76 10.81
61.76 10.73
61.76 10.75
61.76 10.79
61.76 10.75
62.9 10.86
61.76 10.77
61.76 10.77
61.76 10.77
62.9 10.79
62.9 10.76
61.76 10.73
62.9 10.74
61.76 10.78
62.9 10.76
61.76 10.77
62.9 10.71
61.76 10.78
62.9 10.8
62.9 10.7
62.9 10.74
62.9 10.79
62.9 10.73
61.76 10.82
62.9 10.76
62.9 10.77
61.76 10.82
62.9 10.82
62.9 10.8
62.9 10.85
62.9 10.76
62.9 10.81
62.9 10.74
62.9 10.8
62.9 10.78
62.9 10.77
62.9 10.78
62.9 10.82
62.9 10.75
61.76 10.8
62.9 10.76
62.9 10.78
62.9 10.84
62.9 10.8
64.04 10.78
62.9 10.79
61.76 10.9
62.9 10.85
62.9 10.81
62.9 10.8
62.9 10.85
62.9 10.79
62.9 10.78
62.9 10.84
64.04 10.87
64.04 10.78
62.9 10.81
62.9 10.85
62.9 10.88
62.9 10.83
62.9 10.88
62.9 10.88
62.9 10.87
62.9 10.81
62.9 10.83
62.9 10.83
62.9 10.89
64.04 10.86
62.9 10.88
62.9 10.79
62.9 10.84
62.9 10.84
64.04 10.85
62.9 10.83
62.9 10.84
62.9 10.89
62.9 10.88
64.04 10.82
62.9 10.87
62.9 10.84
64.04 10.85
64.04 10.85
64.04 10.95
62.9 10.88
62.9 10.86
64.04 10.86
64.04 10.91
62.9 10.85
64.04 10.95
64.04 10.84
62.9 10.85
64.04 10.88
62.9 10.92
64.04 10.93
64.04 10.89
64.04 10.88
62.9 10.85
64.04 10.89
64.04 10.91
64.04 10.9
64.04 10.86
64.04 10.87
62.9 10.87
64.04 10.88
64.04 10.91
64.04 10.89
64.04 10.91
64.04 10.92
64.04 10.89
64.04 10.84
62.9 10.95
64.04 10.86
64.04 10.93
64.04 10.83
64.04 10.95
64.04 10.91
64.04 10.88
64.04 10.94
64.04 10.92
64.04 10.85
64.04 10.93
64.04 10.97
64.04 10.89
64.04 10.93
64.04 10.93
64.04 10.94
64.04 10.89
64.04 10.94
64.04 10.91
64.04 10.98
64.04 10.96
64.04 10.95
64.04 10.95
64.04 10.95
64.04 10.99
64.04 10.94
64.04 10.91
64.04 10.91
64.04 10.96
64.04 10.92
64.04 10.93
64.04 10.98
64.04 10.92
64.04 10.9
64.04 10.92
64.04 10.94
64.04 11.0
64.04 10.89
64.04 10.95
64.04 10.99
64.04 10.97
64.04 10.97
64.04 10.95
64.04 11.0
64.04 10.91
64.04 10.99
64.04 11.01
64.04 10.94
64.04 10.92
64.04 11.01
64.04 11.01
64.04 10.96
64.04 10.94
64.04 10.97
64.04 10.93
64.04 11.03
64.04 11.01
64.04 11.04
64.04 10.98
64.04 10.92
64.04 10.99
64.04 11.02
64.04 10.98
64.04 11.0
64.04 11.02
64.04 11.07
64.04 10.95
64.04 10.97
