46.94 13.77
46.94 13.79
46.94 13.81
46.94 13.77
48.08 13.81
46.94 13.8
48.08 13.78
46.94 13.77
48.08 13.78
46.94 13.74
46.94 13.77
46.94 13.76
48.08 13.71
46.94 13.74
46.94 13.73
46.94 13.74
48.08 13.7
48.08 13.67
48.08 13.74
48.08 13.73
46.94 13.75
48.08 13.65
48.08 13.72
48.08 13.66
48.08 13.74
48.08 13.67
48.08 13.66
48.08 13.73
48.08 13.68
48.08 13.71
48.08 13.69
48.08 13.61
48.08 13.69
46.94 13.65
48.08 13.61
48.08 13.62
48.08 13.67
49.22 13.62
48.08 13.6
48.08 13.63
48.08 13.65
48.08 13.66
48.08 13.66
49.22 13.6
49.22 13.55
49.22 13.63
49.22 13.6
49.22 13.6
49.22 13.63
49.22 13.62
49.22 13.63
49.22 13.59
49.22 13.56
49.22 13.6
49.22 13.59
49.22 13.63
48.08 13.61
49.22 13.57
50.36 13.65
50.36 13.57
49.22 13.59
49.22 13.54
49.22 13.6
50.36 13.6
49.22 13.61
49.22 13.6
49.22 13.59
50.36 13.53
49.22 13.6
50.36 13.59
49.22 13.64
49.22 13.64
50.36 13.65
50.36 13.59
49.22 13.6
50.36 13.6
50.36 13.54
50.36 13.6
49.22 13.58
50.36 13.6
49.22 13.55
50.36 13.67
50.36 13.58
50.36 13.61
50.36 13.56
50.36 13.53
50.36 13.57
50.36 13.55
50.36 13.62
50.36 13.61
50.36 13.59
50.36 13.55
50.36 13.59
50.36 13.59
49.22 13.64
50.36 13.54
50.36 13.72
50.36 13.6
51.5 13.68
50.36 13.62
50.36 13.66
50.36 13.62
51.5 13.58
51.5 13.57
50.36 13.62
50.36 13.64
50.36 13.61
50.36 13.61
50.36 13.59
51.5 13.66
50.36 13.65
51.5 13.63
50.36 13.63
51.5 13.6
51.5 13.67
51.5 13.63
50.36 13.64
51.5 13.65
51.5 13.64
51.5 13.64
51.5 13.59
51.5 13.66
51.5 13.62
50.36 13.56
51.5 13.63
51.5 13.67
51.5 13.62
51.5 13.64
52.64 13.63
51.5 13.63
51.5 13.69
51.5 13.59
51.5 13.64
51.5 13.64
51.5 13.58
52.64 13.63
51.5 13.6
52.64 13.61
51.5 13.64
51.5 13.65
51.5 13.57
51.5 13.63
51.5 13.68
51.5 13.57
52.64 13.64
51.5 13.63
51.5 13.64
51.5 13.53
52.64 13.64
51.5 13.66
51.5 13.69
51.5 13.65
51.5 13.62
52.64 13.64
51.5 13.62
52.64 13.65
52.64 13.63
52.64 13.61
52.64 13.64
51.5 13.6
52.64 13.59
52.64 13.62
51.5 13.59
51.5 13.61
51.5 13.6
52.64 13.61
52.64 13.53
52.64 13.61
52.64 13.65
52.64 13.56
51.5 13.56
52.64 13.51
52.64 13.6
52.64 13.61
52.64 13.58
52.64 13.6
52.64 13.57
51.5 13.59
52.64 13.6
52.64 13.63
52.64 13.59
52.64 13.5
52.64 13.54
51.5 13.56
52.64 13.52
52.64 13.54
52.64 13.51
52.64 13.53
52.64 13.54
52.64 13.57
52.64 13.52
52.64 13.54
52.64 13.52
52.64 13.49
51.5 13.54
52.64 13.54
52.64 13.57
52.64 13.49
52.64 13.54
52.64 13.52
52.64 13.54
52.64 13.49
52.64 13.45
52.64 13.51
52.64 13.53
52.64 13.54
52.64 13.51
52.64 13.51
53.78 13.52
52.64 13.55
53.78 13.52
52.64 13.53
52.64 13.51
53.78 13.5
52.64 13.52
52.64 13.55
52.64 13.5
52.64 13.5
52.64 13.46
52.64 13.53
52.64 13.52
53.78 13.49
53.78 13.55
52.64 13.49
53.78 13.57
53.78 13.52
52.64 13.47
52.64 13.44
52.64 13.5
53.78 13.5
52.64 13.47
52.64 13.53
52.64 13.52
53.78 13.52
52.64 13.5
53.78 13.53
53.78 13.49
53.78 13.48
52.64 13.5
53.78 13.51
53.78 13.49
53.78 13.48
52.64 13.47
53.78 13.49
53.78 13.41
53.78 13.41
53.78 13.52
53.78 13.49
53.78 13.43
53.78 13.53
53.78 13.48
53.78 13.43
53.78 13.48
53.78 13.45
52.64 13.45
52.64 13.46
53.78 13.49
53.78 13.47
53.78 13.47
53.78 13.45
53.78 13.41
53.78 13.46
53.78 13.48
53.78 13.48
53.78 13.44
53.78 13.43
52.64 13.44
53.78 13.45
53.78 13.41
53.78 13.52
53.78 13.46
53.78 13.5
53.78 13.42
53.78 13.42
53.78 13.46
54.92 13.42
53.78 13.46
53.78 13.48
54.92 13.43
53.78 13.41
53.78 13.47
53.78 13.43
54.92 13.45
54.92 13.43
53.78 13.41
53.78 13.4
53.78 13.43
54.92 13.35
53.78 13.45
53.78 13.46
53.78 13.44
54.92 13.4
54.92 13.46
53.78 13.42
54.92 13.42
53.78 13.38
53.78 13.48
54.92 13.39
53.78 13.45
54.92 13.46
53.78 13.38
54.92 13.39
54.92 13.36
53.78 13.41
54.92 13.4
54.92 13.4
54.92 13.37
54.92 13.38
54.92 13.37
53.78 13.4
54.92 13.41
54.92 13.36
53.78 13.37
54.92 13.36
54.92 13.4
54.92 13.33
53.78 13.44
54.92 13.37
54.92 13.37
54.92 13.4
54.92 13.42
54.92 13.37
53.78 13.4
54.92 13.41
54.92 13.36
54.92 13.38
54.92 13.44
54.92 13.37
53.78 13.36
53.78 13.37
53.78 13.3
54.92 13.4
54.92 13.36
54.92 13.39
54.92 13.4
54.92 13.39
54.92 13.31
53.78 13.33
53.78 13.41
54.92 13.43
54.92 13.34
54.92 13.33
53.78 13.34
54.92 13.35
54.92 13.36
54.92 13.44
54.92 13.34
54.92 13.38
54.92 13.45
54.92 13.39
54.92 13.35
54.92 13.38
54.92 13.41
54.92 13.39
54.92 13.37
54.92 13.33
54.92 13.39
54.92 13.34
54.92 13.37
54.92 13.38
54.92 13.31
54.92 13.33
54.92 13.37
54.92 13.32
53.78 13.4
54.92 13.4
54.92 13.3
54.92 13.35
54.92 13.38
54.92 13.38
54.92 13.29
54.92 13.38
54.92 13.35
54.92 13.4
54.92 13.35
54.92 13.31
54.92 13.37
54.92 13.34
54.92 13.34
54.92 13.38
54.92 13.32
54.92 13.38
54.92 13.3
54.92 13.34
54.92 13.29
54.92 13.35
56.06 13.33
54.92 13.33
54.92 13.33
54.92 13.33
54.92 13.35
54.92 13.33
54.92 13.34
54.92 13.33
56.06 13.36
54.92 13.37
54.92 13.39
54.92 13.3
54.92 13.33
54.92 13.35
54.92 13.35
56.06 13.35
56.06 13.37
54.92 13.41
54.92 13.33
54.92 13.36
54.92 13.35
54.92 13.32
54.92 13.37
54.92 13.33
54.92 13.29
56.06 13.36
54.92 13.31
54.92 13.32
56.06 13.31
54.92 13.28
54.92 13.29
54.92 13.34
54.92 13.33
56.06 13.32
56.06 13.36
54.92 13.29
54.92 13.35
56.06 13.36
54.92 13.29
56.06 13.34
54.92 13.26
54.92 13.31
54.92 13.28
56.06 13.3
54.92 13.39
56.06 13.33
54.92 13.34
56.06 13.31
56.06 13.33
56.06 13.33
54.92 13.36
56.06 13.35
56.06 13.32
56.06 13.31
56.06 13.34
56.06 13.34
56.06 13.31
54.92 13.33
56.06 13.33
56.06 13.33
54.92 13.29
54.92 13.27
54.92 13.29
54.92 13.31
54.92 13.34
56.06 13.3
56.06 13.32
54.92 13.35
56.06 13.24
54.92 13.24
56.06 13.36
56.06 13.34
56.06 13.31
56.06 13.27
56.06 13.26
56.06 13.29
54.92 13.26
56.06 13.23
56.06 13.31
54.92 13.29
56.06 13.21
56.06 13.31
56.06 13.23
56.06 13.35
56.06 13.29
56.06 13.31
54.92 13.26
56.06 13.31
56.06 13.34
56.06 13.27
56.06 13.25
56.06 13.22
56.06 13.33
56.06 13.33
56.06 13.35
56.06 13.29
54.92 13.25
56.06 13.37
56.06 13.33
56.06 13.27
56.06 13.28
56.06 13.28
56.06 13.31
56.06 13.28
56.06 13.27
56.06 13.25
56.06 13.29
56.06 13.33
57.2 13.26
56.06 13.26
54.92 13.29
56.06 13.28
56.06 13.31
56.06 13.26
56.06 13.3
56.06 13.28
56.06 13.23
56.06 13.36
56.06 13.3
56.06 13.27
56.06 13.32
54.92 13.26
56.06 13.32
56.06 13.22
56.06 13.28
56.06 13.31
56.06 13.29
56.06 13.24
56.06 13.28
56.06 13.27
56.06 13.28
56.06 13.28
56.06 13.3
56.06 13.31
56.06 13.32
56.06 13.28
56.06 13.31
56.06 13.29
56.06 13.26
56.06 13.33
56.06 13.28
56.06 13.25
56.06 13.26
56.06 13.32
56.06 13.2
56.06 13.35
56.06 13.23
56.06 13.25
56.06 13.33
56.06 13.28
56.06 13.23
57.2 13.28
56.06 13.33
56.06 13.28
56.06 13.32
56.06 13.28
56.06 13.28
56.06 13.21
56.06 13.24
57.2 13.21
56.06 13.26
57.2 13.33
57.2 13.19
56.06 13.35
56.06 13.34
57.2 13.27
56.06 13.24
56.06 13.36
57.2 13.28
56.06 13.22
56.06 13.36
56.06 13.28
57.2 13.28
56.06 13.32
57.2 13.31
56.06 13.32
57.2 13.27
57.2 13.25
56.06 13.3
56.06 13.24
56.06 13.32
56.06 13.3
56.06 13.25
56.06 13.26
56.06 13.23
56.06 13.34
57.2 13.22
57.2 13.24
56.06 13.31
56.06 13.32
56.06 13.22
57.2 13.32
56.06 13.21
57.2 13.28
56.06 13.25
56.06 13.27
56.06 13.32
56.06 13.24
56.06 13.24
56.06 13.27
56.06 13.27
56.06 13.32
56.06 13.27
56.06 13.3
56.06 13.36
56.06 13.27
56.06 13.25
57.2 13.28
56.06 13.22
56.06 13.25
56.06 13.28
56.06 13.24
57.2 13.29
57.2 13.22
57.2 13.3
56.06 13.29
56.06 13.22
56.06 13.29
57.2 13.26
57.2 13.27
56.06 13.31
56.06 13.3
56.06 13.22
56.06 13.28
56.06 13.25
57.2 13.27
57.2 13.27
57.2 13.25
57.2 13.28
57.2 13.31
56.06 13.28
56.06 13.28
56.06 13.25
57.2 13.28
58.34 13.28
56.06 13.31
56.06 13.25
57.2 13.31
56.06 13.25
56.06 13.27
56.06 13.27
57.2 13.22
57.2 13.31
56.06 13.27
56.06 13.28
57.2 13.32
56.06 13.24
56.06 13.27
57.2 13.22
57.2 13.29
57.2 13.25
57.2 13.33
56.06 13.25
56.06 13.3
57.2 13.24
57.2 13.25
57.2 13.26
56.06 13.3
57.2 13.26
57.2 13.26
56.06 13.27
57.2 13.26
57.2 13.31
57.2 13.26
57.2 13.31
57.2 13.27
56.06 13.25
56.06 13.26
57.2 13.25
57.2 13.26
57.2 13.24
57.2 13.25
57.2 13.23
57.2 13.25
56.06 13.32
57.2 13.27
57.2 13.27
56.06 13.24
56.06 13.21
57.2 13.34
57.2 13.22
57.2 13.25
57.2 13.3
57.2 13.26
57.2 13.17
56.06 13.27
57.2 13.31
57.2 13.25
57.2 13.29
56.06 13.26
57.2 13.24
56.06 13.26
57.2 13.31
57.2 13.27
57.2 13.24
57.2 13.3
57.2 13.26
56.06 13.24
57.2 13.26
57.2 13.24
57.2 13.24
56.06 13.24
57.2 13.3
57.2 13.23
57.2 13.21
57.2 13.27
57.2 13.28
56.06 13.22
57.2 13.18
57.2 13.25
57.2 13.25
57.2 13.33
57.2 13.27
57.2 13.26
57.2 13.24
57.2 13.26
57.2 13.31
57.2 13.24
57.2 13.22
57.2 13.23
57.2 13.24
57.2 13.3
57.2 13.25
57.2 13.23
57.2 13.23
57.2 13.18
56.06 13.37
57.2 13.33
57.2 13.31
57.2 13.28
56.06 13.24
57.2 13.29
57.2 13.27
57.2 13.25
57.2 13.25
56.06 13.33
56.06 13.27
57.2 13.24
57.2 13.23
57.2 13.27
57.2 13.31
57.2 13.25
57.2 13.25
56.06 13.22
56.06 13.2
57.2 13.21
57.2 13.29
57.2 13.27
57.2 13.24
57.2 13.29
57.2 13.29
57.2 13.29
57.2 13.25
56.06 13.27
57.2 13.25
57.2 13.26
57.2 13.26
57.2 13.2
57.2 13.23
57.2 13.2
57.2 13.25
57.2 13.21
57.2 13.24
57.2 13.26
57.2 13.3
57.2 13.21
57.2 13.28
57.2 13.25
57.2 13.25
57.2 13.23
57.2 13.28
57.2 13.25
57.2 13.27
57.2 13.28
57.2 13.29
57.2 13.23
57.2 13.25
57.2 13.25
57.2 13.23
57.2 13.27
57.2 13.22
58.34 13.24
57.2 13.24
58.34 13.26
57.2 13.22
57.2 13.27
56.06 13.26
57.2 13.21
56.06 13.25
57.2 13.29
57.2 13.29
57.2 13.3
57.2 13.29
57.2 13.21
57.2 13.22
56.06 13.25
57.2 13.23
57.2 13.28
57.2 13.3
57.2 13.2
57.2 13.19
57.2 13.3
57.2 13.28
57.2 13.24
57.2 13.22
58.34 13.27
58.34 13.29
57.2 13.25
57.2 13.29
57.2 13.25
57.2 13.24
57.2 13.25
57.2 13.29
57.2 13.27
57.2 13.29
57.2 13.22
57.2 13.22
57.2 13.26
57.2 13.27
57.2 13.25
57.2 13.19
57.2 13.29
57.2 13.21
57.2 13.27
57.2 13.26
57.2 13.27
56.06 13.29
57.2 13.24
57.2 13.26
57.2 13.25
57.2 13.34
57.2 13.2
57.2 13.26
57.2 13.27
57.2 13.26
57.2 13.25
57.2 13.3
57.2 13.31
57.2 13.19
57.2 13.21
57.2 13.25
57.2 13.28
57.2 13.24
57.2 13.31
57.2 13.24
57.2 13.24
57.2 13.22
57.2 13.26
57.2 13.26
57.2 13.26
57.2 13.18
57.2 13.27
57.2 13.29
57.2 13.28
57.2 13.29
57.2 13.23
57.2 13.26
57.2 13.25
58.34 13.26
57.2 13.23
58.34 13.28
57.2 13.26
57.2 13.22
57.2 13.24
57.2 13.26
57.2 13.27
57.2 13.24
57.2 13.28
57.2 13.18
57.2 13.29
57.2 13.26
57.2 13.28
58.34 13.27
57.2 13.23
57.2 13.29
57.2 13.31
57.2 13.22
57.2 13.25
57.2 13.26
57.2 13.3
58.34 13.28
57.2 13.27
57.2 13.25
57.2 13.24
57.2 13.24
58.34 13.25
57.2 13.25
57.2 13.24
57.2 13.24
57.2 13.27
58.34 13.2
57.2 13.27
57.2 13.33
56.06 13.24
57.2 13.27
56.06 13.22
57.2 13.28
57.2 13.22
57.2 13.27
57.2 13.29
58.34 13.29
57.2 13.22
57.2 13.21
58.34 13.17
57.2 13.24
57.2 13.25
58.34 13.24
58.34 13.29
57.2 13.25
57.2 13.24
57.2 13.31
57.2 13.25
57.2 13.25
57.2 13.27
57.2 13.26
57.2 13.28
57.2 13.26
58.34 13.24
57.2 13.26
57.2 13.27
57.2 13.26
58.34 13.26
57.2 13.23
58.34 13.2
57.2 13.25
57.2 13.21
57.2 13.25
57.2 13.3
57.2 13.24
57.2 13.22
57.2 13.3
58.34 13.22
57.2 13.26
57.2 13.26
57.2 13.24
57.2 13.18
57.2 13.19
57.2 13.24
57.2 13.21
57.2 13.27
58.34 13.31
57.2 13.24
57.2 13.22
58.34 13.26
57.2 13.26
57.2 13.24
56.06 13.23
57.2 13.23
57.2 13.21
57.2 13.21
57.2 13.24
57.2 13.23
57.2 13.29
57.2 13.21
57.2 13.24
57.2 13.29
58.34 13.22
56.06 13.25
57.2 13.25
57.2 13.25
56.06 13.16
58.34 13.24
57.2 13.26
58.34 13.26
57.2 13.23
57.2 13.23
57.2 13.28
58.34 13.25
57.2 13.21
57.2 13.28
57.2 13.23
57.2 13.27
57.2 13.24
57.2 13.25
57.2 13.27
56.06 13.24
57.2 13.26
57.2 13.23
57.2 13.2
58.34 13.22
57.2 13.25
58.34 13.24
57.2 13.27
57.2 13.24
57.2 13.29
57.2 13.25
57.2 13.31
57.2 13.29
57.2 13.24
57.2 13.26
57.2 13.22
57.2 13.21
57.2 13.26
57.2 13.24
57.2 13.22
57.2 13.18
57.2 13.29
58.34 13.19
57.2 13.28
57.2 13.2
57.2 13.24
58.34 13.26
57.2 13.29
57.2 13.26
57.2 13.22
57.2 13.22
57.2 13.23
57.2 13.23
57.2 13.21
57.2 13.22
57.2 13.25
57.2 13.22
57.2 13.28
57.2 13.31
58.34 13.26
57.2 13.27
57.2 13.24
57.2 13.27
57.2 13.26
57.2 13.26
58.34 13.28
57.2 13.19
58.34 13.27
57.2 13.21
57.2 13.2
58.34 13.28
57.2 13.26
57.2 13.27
57.2 13.27
57.2 13.23
58.34 13.3
57.2 13.24
57.2 13.23
57.2 13.22
57.2 13.24
57.2 13.22
57.2 13.26
57.2 13.28
57.2 13.21
57.2 13.21
57.2 13.23
58.34 13.28
58.34 13.3
58.34 13.21
57.2 13.25
57.2 13.25
57.2 13.19
57.2 13.23
57.2 13.26
57.2 13.23
57.2 13.19
57.2 13.25
57.2 13.24
58.34 13.25
58.34 13.3
57.2 13.23
57.2 13.22
58.34 13.25
57.2 13.24
57.2 13.2
57.2 13.24
57.2 13.22
57.2 13.22
57.2 13.25
57.2 13.21
57.2 13.25
57.2 13.23
57.2 13.21
57.2 13.28
57.2 13.17
57.2 13.27
57.2 13.26
57.2 13.22
57.2 13.21
58.34 13.25
58.34 13.24
57.2 13.28
57.2 13.19
58.34 13.19
57.2 13.27
57.2 13.19
57.2 13.22
58.34 13.26
58.34 13.23
58.34 13.26
57.2 13.18
57.2 13.29
58.34 13.21
57.2 13.18
57.2 13.23
58.34 13.31
57.2 13.23
57.2 13.25
58.34 13.21
58.34 13.17
57.2 13.26
57.2 13.21
57.2 13.26
57.2 13.26
57.2 13.24
57.2 13.29
57.2 13.19
57.2 13.25
58.34 13.29
57.2 13.3
57.2 13.26
58.34 13.3
58.34 13.26
57.2 13.22
57.2 13.22
57.2 13.27
58.34 13.24
58.34 13.27
57.2 13.25
57.2 13.18
57.2 13.28
58.34 13.26
58.34 13.22
58.34 13.2
57.2 13.21
57.2 13.2
57.2 13.23
57.2 13.28
58.34 13.26
57.2 13.2
58.34 13.24
57.2 13.31
57.2 13.32
58.34 13.23
58.34 13.23
57.2 13.22
57.2 13.26
57.2 13.26
58.34 13.24
57.2 13.27
57.2 13.22
57.2 13.23
57.2 13.18
58.34 13.2
58.34 13.24
58.34 13.23
57.2 13.25
57.2 13.23
57.2 13.26
57.2 13.23
57.2 13.26
57.2 13.31
57.2 13.25
58.34 13.24
57.2 13.25
58.34 13.24
58.34 13.24
58.34 13.24
57.2 13.2
57.2 13.24
57.2 13.24
58.34 13.18
58.34 13.26
58.34 13.17
57.2 13.22
58.34 13.3
58.34 13.21
57.2 13.24
57.2 13.24
58.34 13.2
58.34 13.28
57.2 13.23
57.2 13.3
58.34 13.28
57.2 13.26
57.2 13.27
57.2 13.21
58.34 13.2
57.2 13.21
58.34 13.27
58.34 13.22
57.2 13.24
58.34 13.26
58.34 13.22
58.34 13.28
57.2 13.27
58.34 13.26
58.34 13.24
57.2 13.24
58.34 13.24
58.34 13.22
57.2 13.2
58.34 13.19
57.2 13.27
57.2 13.21
57.2 13.28
58.34 13.23
58.34 13.23
58.34 13.26
57.2 13.21
57.2 13.24
57.2 13.24
57.2 13.27
58.34 13.3
57.2 13.25
58.34 13.25
58.34 13.24
57.2 13.29
58.34 13.21
57.2 13.25
58.34 13.24
57.2 13.25
58.34 13.22
58.34 13.27
58.34 13.22
57.2 13.18
57.2 13.24
57.2 13.21
58.34 13.23
57.2 13.22
57.2 13.19
58.34 13.23
58.34 13.22
57.2 13.25
58.34 13.27
57.2 13.26
58.34 13.23
57.2 13.23
58.34 13.2
57.2 13.21
58.34 13.24
58.34 13.25
58.34 13.22
57.2 13.22
57.2 13.27
58.34 13.26
58.34 13.25
58.34 13.22
57.2 13.25
58.34 13.19
58.34 13.24
57.2 13.26
58.34 13.24
57.2 13.23
58.34 13.28
57.2 13.29
58.34 13.21
57.2 13.27
58.34 13.24
58.34 13.2
57.2 13.27
57.2 13.22
57.2 13.2
58.34 13.23
57.2 13.18
58.34 13.22
58.34 13.23
57.2 13.25
57.2 13.22
57.2 13.27
57.2 13.25
57.2 13.21
57.2 13.2
57.2 13.22
58.34 13.22
57.2 13.24
58.34 13.19
57.2 13.25
57.2 13.22
57.2 13.25
57.2 13.21
58.34 13.28
58.34 13.21
58.34 13.24
57.2 13.23
58.34 13.21
58.34 13.27
57.2 13.23
58.34 13.22
57.2 13.29
58.34 13.24
58.34 13.18
58.34 13.18
58.34 13.25
57.2 13.29
57.2 13.24
57.2 13.22
57.2 13.29
58.34 13.21
58.34 13.26
57.2 13.22
58.34 13.19
58.34 13.24
57.2 13.21
58.34 13.26
58.34 13.26
58.34 13.22
57.2 13.27
58.34 13.23
58.34 13.18
58.34 13.24
58.34 13.3
57.2 13.24
57.2 13.23
57.2 13.14
58.34 13.18
57.2 13.2
57.2 13.22
58.34 13.25
58.34 13.23
58.34 13.22
58.34 13.19
57.2 13.23
57.2 13.25
58.34 13.28
58.34 13.23
58.34 13.22
58.34 13.19
58.34 13.26
58.34 13.25
57.2 13.17
58.34 13.19
57.2 13.21
58.34 13.19
57.2 13.24
58.34 13.2
58.34 13.26
57.2 13.27
58.34 13.23
58.34 13.19
58.34 13.2
58.34 13.23
58.34 13.23
58.34 13.24
57.2 13.23
58.34 13.24
57.2 13.24
57.2 13.18
57.2 13.17
58.34 13.22
57.2 13.19
57.2 13.19
57.2 13.14
57.2 13.21
57.2 13.26
57.2 13.25
57.2 13.23
57.2 13.18
57.2 13.21
58.34 13.18
58.34 13.23
58.34 13.2
58.34 13.22
58.34 13.23
57.2 13.18
57.2 13.18
57.2 13.25
58.34 13.16
57.2 13.19
57.2 13.22
57.2 13.2
57.2 13.16
57.2 13.24
57.2 13.24
58.34 13.18
57.2 13.22
57.2 13.17
58.34 13.18
58.34 13.17
57.2 13.2
58.34 13.21
58.34 13.23
57.2 13.23
58.34 13.21
57.2 13.19
57.2 13.28
58.34 13.25
58.34 13.17
58.34 13.23
58.34 13.23
58.34 13.22
57.2 13.21
58.34 13.19
58.34 13.21
57.2 13.24
57.2 13.26
58.34 13.23
58.34 13.21
58.34 13.21
58.34 13.21
57.2 13.24
57.2 13.2
57.2 13.16
57.2 13.22
57.2 13.18
58.34 13.3
58.34 13.19
58.34 13.15
57.2 13.24
57.2 13.16
58.34 13.25
58.34 13.21
57.2 13.26
57.2 13.25
58.34 13.19
58.34 13.17
58.34 13.24
58.34 13.26
57.2 13.22
58.34 13.17
58.34 13.2
57.2 13.23
57.2 13.2
58.34 13.2
57.2 13.24
58.34 13.21
58.34 13.23
58.34 13.21
58.34 13.21
58.34 13.26
58.34 13.18
57.2 13.23
57.2 13.26
58.34 13.24
58.34 13.2
57.2 13.17
58.34 13.22
57.2 13.21
57.2 13.24
58.34 13.22
58.34 13.15
58.34 13.23
58.34 13.23
57.2 13.22
58.34 13.16
57.2 13.18
58.34 13.23
58.34 13.23
58.34 13.24
58.34 13.23
58.34 13.19
58.34 13.17
58.34 13.26
58.34 13.25
57.2 13.24
58.34 13.29
58.34 13.24
58.34 13.24
58.34 13.23
58.34 13.2
57.2 13.18
57.2 13.17
58.34 13.16
57.2 13.2
58.34 13.28
58.34 13.21
57.2 13.19
58.34 13.19
57.2 13.22
57.2 13.25
58.34 13.28
57.2 13.19
58.34 13.26
58.34 13.21
58.34 13.26
57.2 13.25
57.2 13.24
57.2 13.21
57.2 13.2
58.34 13.2
57.2 13.24
58.34 13.28
57.2 13.19
57.2 13.2
57.2 13.21
58.34 13.25
57.2 13.25
58.34 13.27
58.34 13.2
58.34 13.23
58.34 13.24
58.34 13.23
57.2 13.23
58.34 13.21
58.34 13.22
57.2 13.16
58.34 13.23
58.34 13.16
57.2 13.2
57.2 13.18
57.2 13.21
57.2 13.24
57.2 13.26
58.34 13.18
57.2 13.22
57.2 13.28
57.2 13.21
58.34 13.21
57.2 13.23
58.34 13.16
58.34 13.24
57.2 13.26
58.34 13.21
57.2 13.21
58.34 13.24
58.34 13.22
58.34 13.23
58.34 13.26
57.2 13.24
57.2 13.18
57.2 13.27
57.2 13.14
58.34 13.18
58.34 13.25
58.34 13.17
57.2 13.23
57.2 13.17
58.34 13.25
58.34 13.21
57.2 13.18
57.2 13.26
58.34 13.19
58.34 13.23
58.34 13.2
58.34 13.18
57.2 13.23
58.34 13.19
57.2 13.18
58.34 13.26
57.2 13.21
58.34 13.29
57.2 13.19
58.34 13.25
58.34 13.25
57.2 13.24
58.34 13.21
58.34 13.27
58.34 13.22
58.34 13.19
57.2 13.24
58.34 13.17
58.34 13.2
58.34 13.25
57.2 13.23
58.34 13.27
57.2 13.24
58.34 13.22
58.34 13.16
58.34 13.25
58.34 13.2
58.34 13.22
57.2 13.22
57.2 13.25
57.2 13.23
58.34 13.14
58.34 13.25
57.2 13.17
57.2 13.2
57.2 13.25
58.34 13.21
57.2 13.26
58.34 13.22
57.2 13.26
58.34 13.22
57.2 13.25
57.2 13.21
57.2 13.25
57.2 13.23
58.34 13.26
58.34 13.19
57.2 13.16
58.34 13.21
57.2 13.24
58.34 13.24
58.34 13.2
57.2 13.21
58.34 13.22
58.34 13.27
58.34 13.22
57.2 13.19
57.2 13.19
57.2 13.24
58.34 13.22
57.2 13.26
57.2 13.24
57.2 13.25
57.2 13.25
58.34 13.25
58.34 13.24
58.34 13.24
58.34 13.27
58.34 13.25
58.34 13.25
58.34 13.25
58.34 13.18
57.2 13.17
58.34 13.26
58.34 13.18
58.34 13.24
57.2 13.19
58.34 13.24
58.34 13.22
57.2 13.21
57.2 13.22
57.2 13.28
58.34 13.26
57.2 13.24
58.34 13.22
58.34 13.23
58.34 13.24
57.2 13.22
58.34 13.26
58.34 13.2
58.34 13.28
58.34 13.16
58.34 13.2
57.2 13.2
57.2 13.15
57.2 13.2
58.34 13.27
58.34 13.23
57.2 13.2
57.2 13.19
57.2 13.23
58.34 13.3
57.2 13.22
58.34 13.25
58.34 13.22
58.34 13.23
58.34 13.23
58.34 13.27
57.2 13.2
57.2 13.22
58.34 13.2
58.34 13.28
58.34 13.21
58.34 13.19
58.34 13.23
58.34 13.25
58.34 13.28
58.34 13.21
58.34 13.21
58.34 13.26
58.34 13.2
58.34 13.22
58.34 13.19
58.34 13.26
57.2 13.25
58.34 13.25
58.34 13.17
58.34 13.21
58.34 13.22
58.34 13.2
58.34 13.2
58.34 13.2
58.34 13.19
57.2 13.22
58.34 13.2
58.34 13.28
58.34 13.2
58.34 13.2
57.2 13.21
57.2 13.25
58.34 13.25
58.34 13.26
58.34 13.23
58.34 13.22
58.34 13.2
58.34 13.22
58.34 13.21
57.2 13.25
58.34 13.2
58.34 13.2
58.34 13.22
58.34 13.23
58.34 13.23
57.2 13.29
58.34 13.21
57.2 13.15
58.34 13.23
58.34 13.21
58.34 13.27
57.2 13.23
58.34 13.21
58.34 13.24
58.34 13.27
58.34 13.23
57.2 13.23
58.34 13.24
58.34 13.25
57.2 13.23
57.2 13.22
58.34 13.21
57.2 13.25
58.34 13.22
58.34 13.24
58.34 13.24
57.2 13.26
58.34 13.2
58.34 13.23
58.34 13.22
58.34 13.22
58.34 13.26
58.34 13.26
58.34 13.24
58.34 13.24
58.34 13.24
57.2 13.18
57.2 13.16
58.34 13.22
57.2 13.2
57.2 13.23
58.34 13.22
58.34 13.2
58.34 13.24
58.34 13.34
58.34 13.24
58.34 13.23
57.2 13.22
58.34 13.23
58.34 13.21
57.2 13.25
57.2 13.24
58.34 13.18
58.34 13.18
58.34 13.25
58.34 13.2
57.2 13.2
58.34 13.22
59.48 13.23
57.2 13.27
58.34 13.23
57.2 13.25
57.2 13.21
58.34 13.27
57.2 13.19
57.2 13.27
57.2 13.22
57.2 13.24
57.2 13.22
58.34 13.18
58.34 13.2
58.34 13.21
57.2 13.21
58.34 13.23
58.34 13.17
58.34 13.24
57.2 13.27
58.34 13.22
58.34 13.32
58.34 13.2
58.34 13.32
58.34 13.25
58.34 13.18
57.2 13.24
58.34 13.21
58.34 13.27
58.34 13.21
58.34 13.26
58.34 13.25
57.2 13.23
58.34 13.24
58.34 13.21
58.34 13.17
58.34 13.24
58.34 13.24
58.34 13.19
58.34 13.24
58.34 13.21
58.34 13.17
58.34 13.21
58.34 13.26
58.34 13.15
58.34 13.24
58.34 13.26
57.2 13.24
57.2 13.15
58.34 13.18
58.34 13.23
58.34 13.27
58.34 13.21
57.2 13.24
57.2 13.26
58.34 13.22
58.34 13.28
58.34 13.24
57.2 13.21
57.2 13.23
58.34 13.22
58.34 13.24
58.34 13.23
58.34 13.23
58.34 13.24
58.34 13.23
58.34 13.21
58.34 13.25
57.2 13.27
57.2 13.22
57.2 13.26
57.2 13.23
58.34 13.15
58.34 13.25
57.2 13.24
58.34 13.24
58.34 13.24
57.2 13.23
57.2 13.18
58.34 13.24
58.34 13.22
58.34 13.26
57.2 13.21
57.2 13.2
58.34 13.15
58.34 13.23
57.2 13.2
58.34 13.24
58.34 13.25
58.34 13.24
57.2 13.22
57.2 13.22
57.2 13.28
58.34 13.23
58.34 13.25
58.34 13.28
58.34 13.27
57.2 13.22
58.34 13.27
58.34 13.23
57.2 13.24
58.34 13.22
57.2 13.28
57.2 13.3
58.34 13.18
58.34 13.22
58.34 13.19
58.34 13.23
58.34 13.25
57.2 13.24
57.2 13.21
58.34 13.15
58.34 13.26
57.2 13.21
58.34 13.21
58.34 13.31
58.34 13.18
58.34 13.23
58.34 13.25
57.2 13.26
58.34 13.18
57.2 13.25
58.34 13.23
58.34 13.22
58.34 13.25
58.34 13.24
59.48 13.25
58.34 13.24
58.34 13.22
57.2 13.17
58.34 13.23
58.34 13.28
58.34 13.27
57.2 13.2
57.2 13.21
57.2 13.24
58.34 13.22
58.34 13.25
57.2 13.22
58.34 13.21
58.34 13.17
58.34 13.19
57.2 13.19
58.34 13.19
58.34 13.22
58.34 13.22
58.34 13.23
58.34 13.16
58.34 13.21
58.34 13.25
58.34 13.25
58.34 13.24
58.34 13.22
58.34 13.24
58.34 13.22
58.34 13.17
57.2 13.23
58.34 13.23
57.2 13.25
57.2 13.26
57.2 13.18
58.34 13.22
58.34 13.2
58.34 13.25
58.34 13.3
58.34 13.24
58.34 13.21
58.34 13.23
57.2 13.21
57.2 13.22
58.34 13.23
57.2 13.19
58.34 13.27
58.34 13.21
58.34 13.22
57.2 13.23
58.34 13.23
58.34 13.22
58.34 13.21
57.2 13.26
58.34 13.18
58.34 13.24
58.34 13.24
58.34 13.22
58.34 13.22
57.2 13.27
58.34 13.2
57.2 13.22
57.2 13.22
58.34 13.26
58.34 13.25
58.34 13.25
58.34 13.18
57.2 13.25
58.34 13.26
58.34 13.28
58.34 13.25
58.34 13.24
58.34 13.24
58.34 13.22
58.34 13.19
57.2 13.21
58.34 13.25
58.34 13.29
58.34 13.19
58.34 13.16
58.34 13.24
58.34 13.17
58.34 13.24
57.2 13.22
58.34 13.18
58.34 13.15
58.34 13.26
57.2 13.22
58.34 13.19
57.2 13.17
58.34 13.21
58.34 13.26
58.34 13.25
58.34 13.22
58.34 13.24
57.2 13.22
58.34 13.22
58.34 13.22
57.2 13.28
58.34 13.21
58.34 13.2
57.2 13.24
57.2 13.22
58.34 13.25
57.2 13.25
58.34 13.27
58.34 13.18
57.2 13.26
58.34 13.2
57.2 13.23
57.2 13.25
57.2 13.19
57.2 13.26
57.2 13.2
58.34 13.27
57.2 13.23
58.34 13.22
58.34 13.21
58.34 13.24
58.34 13.23
58.34 13.23
58.34 13.24
57.2 13.23
58.34 13.25
58.34 13.22
58.34 13.23
58.34 13.26
58.34 13.19
58.34 13.27
58.34 13.22
58.34 13.26
58.34 13.24
58.34 13.2
58.34 13.24
58.34 13.27
58.34 13.2
58.34 13.21
57.2 13.22
58.34 13.25
58.34 13.29
58.34 13.26
58.34 13.21
57.2 13.22
57.2 13.22
57.2 13.27
58.34 13.24
57.2 13.19
57.2 13.24
57.2 13.2
58.34 13.21
58.34 13.26
58.34 13.29
58.34 13.24
58.34 13.28
58.34 13.27
58.34 13.29
57.2 13.26
58.34 13.29
57.2 13.25
58.34 13.25
57.2 13.22
58.34 13.25
59.48 13.25
58.34 13.2
57.2 13.21
58.34 13.26
57.2 13.26
57.2 13.25
57.2 13.18
58.34 13.25
58.34 13.19
58.34 13.27
57.2 13.25
58.34 13.28
57.2 13.25
57.2 13.25
58.34 13.19
58.34 13.26
58.34 13.27
58.34 13.25
58.34 13.23
58.34 13.17
57.2 13.21
58.34 13.23
57.2 13.3
58.34 13.19
57.2 13.2
58.34 13.19
58.34 13.21
57.2 13.27
57.2 13.24
58.34 13.25
57.2 13.27
57.2 13.23
58.34 13.28
57.2 13.21
58.34 13.21
58.34 13.2
58.34 13.19
58.34 13.25
58.34 13.24
57.2 13.24
58.34 13.25
58.34 13.24
58.34 13.21
57.2 13.21
58.34 13.18
57.2 13.26
58.34 13.24
57.2 13.21
58.34 13.18
58.34 13.22
57.2 13.23
58.34 13.2
57.2 13.22
57.2 13.24
57.2 13.25
58.34 13.2
57.2 13.21
58.34 13.27
58.34 13.17
57.2 13.25
58.34 13.22
58.34 13.22
58.34 13.16
57.2 13.22
58.34 13.25
57.2 13.21
58.34 13.26
58.34 13.24
57.2 13.23
57.2 13.22
58.34 13.22
58.34 13.24
58.34 13.27
57.2 13.26
57.2 13.18
58.34 13.24
58.34 13.21
58.34 13.25
58.34 13.23
58.34 13.16
57.2 13.23
58.34 13.22
58.34 13.17
58.34 13.26
58.34 13.26
57.2 13.22
57.2 13.21
58.34 13.2
58.34 13.26
58.34 13.17
58.34 13.23
58.34 13.22
57.2 13.2
58.34 13.23
58.34 13.28
58.34 13.17
58.34 13.19
58.34 13.25
58.34 13.24
58.34 13.27
58.34 13.15
58.34 13.22
58.34 13.18
58.34 13.26
58.34 13.22
57.2 13.22
57.2 13.19
58.34 13.24
58.34 13.23
57.2 13.26
59.48 13.19
58.34 13.28
57.2 13.2
58.34 13.23
57.2 13.27
58.34 13.15
58.34 13.24
58.34 13.22
58.34 13.23
58.34 13.26
58.34 13.21
58.34 13.23
57.2 13.23
58.34 13.26
57.2 13.26
58.34 13.28
58.34 13.25
57.2 13.22
58.34 13.25
58.34 13.21
57.2 13.28
58.34 13.22
58.34 13.26
57.2 13.23
57.2 13.23
58.34 13.2
58.34 13.27
58.34 13.22
57.2 13.24
58.34 13.21
57.2 13.18
58.34 13.3
58.34 13.2
58.34 13.21
58.34 13.2
58.34 13.22
58.34 13.29
58.34 13.25
58.34 13.29
58.34 13.22
58.34 13.15
58.34 13.19
58.34 13.2
58.34 13.27
58.34 13.23
58.34 13.21
58.34 13.27
58.34 13.25
58.34 13.22
59.48 13.25
58.34 13.29
58.34 13.27
57.2 13.23
58.34 13.22
58.34 13.23
58.34 13.29
58.34 13.27
58.34 13.21
58.34 13.24
58.34 13.26
57.2 13.24
58.34 13.19
57.2 13.21
58.34 13.2
58.34 13.27
58.34 13.26
58.34 13.21
58.34 13.22
58.34 13.26
58.34 13.19
58.34 13.19
58.34 13.26
58.34 13.23
58.34 13.25
57.2 13.29
58.34 13.2
57.2 13.21
58.34 13.23
58.34 13.23
58.34 13.24
57.2 13.22
58.34 13.26
58.34 13.25
58.34 13.21
58.34 13.24
58.34 13.26
58.34 13.22
58.34 13.24
58.34 13.19
58.34 13.25
57.2 13.22
58.34 13.25
58.34 13.26
58.34 13.23
58.34 13.22
58.34 13.23
58.34 13.2
57.2 13.25
57.2 13.18
58.34 13.27
58.34 13.21
58.34 13.24
57.2 13.2
58.34 13.24
57.2 13.25
58.34 13.26
58.34 13.24
58.34 13.26
58.34 13.29
58.34 13.23
58.34 13.22
58.34 13.23
58.34 13.18
57.2 13.2
58.34 13.22
58.34 13.21
58.34 13.25
58.34 13.21
58.34 13.23
58.34 13.24
57.2 13.22
58.34 13.26
58.34 13.18
58.34 13.22
58.34 13.2
57.2 13.22
58.34 13.28
58.34 13.26
58.34 13.18
57.2 13.22
58.34 13.24
58.34 13.25
58.34 13.23
58.34 13.24
58.34 13.28
58.34 13.25
58.34 13.22
58.34 13.3
58.34 13.24
58.34 13.25
57.2 13.21
58.34 13.3
58.34 13.21
58.34 13.25
57.2 13.24
58.34 13.27
58.34 13.23
58.34 13.26
58.34 13.23
58.34 13.29
58.34 13.23
58.34 13.25
58.34 13.29
58.34 13.24
58.34 13.26
58.34 13.29
58.34 13.22
57.2 13.24
58.34 13.27
58.34 13.24
58.34 13.25
57.2 13.28
58.34 13.29
58.34 13.24
58.34 13.26
58.34 13.27
58.34 13.21
58.34 13.21
58.34 13.28
58.34 13.21
58.34 13.26
58.34 13.25
58.34 13.25
58.34 13.24
57.2 13.22
58.34 13.23
58.34 13.22
58.34 13.25
58.34 13.25
58.34 13.27
58.34 13.21
58.34 13.21
58.34 13.27
58.34 13.24
59.48 13.27
58.34 13.2
58.34 13.29
58.34 13.27
58.34 13.21
58.34 13.25
58.34 13.3
58.34 13.24
58.34 13.23
58.34 13.22
58.34 13.2
58.34 13.26
58.34 13.24
58.34 13.25
58.34 13.3
58.34 13.23
58.34 13.23
57.2 13.23
58.34 13.2
58.34 13.23
58.34 13.23
58.34 13.25
58.34 13.27
57.2 13.31
58.34 13.24
57.2 13.22
58.34 13.26
58.34 13.22
58.34 13.23
57.2 13.28
58.34 13.25
57.2 13.27
57.2 13.24
58.34 13.24
58.34 13.27
58.34 13.28
57.2 13.26
57.2 13.22
58.34 13.26
58.34 13.21
58.34 13.23
58.34 13.25
58.34 13.22
58.34 13.26
57.2 13.26
59.48 13.25
57.2 13.29
58.34 13.25
57.2 13.23
58.34 13.23
58.34 13.2
58.34 13.26
58.34 13.27
57.2 13.2
58.34 13.19
58.34 13.21
58.34 13.2
58.34 13.22
58.34 13.21
58.34 13.26
58.34 13.21
59.48 13.32
57.2 13.26
58.34 13.25
58.34 13.34
57.2 13.21
58.34 13.19
58.34 13.24
58.34 13.24
58.34 13.24
58.34 13.23
58.34 13.22
58.34 13.23
58.34 13.24
58.34 13.2
58.34 13.26
58.34 13.2
58.34 13.23
58.34 13.2
57.2 13.22
58.34 13.21
57.2 13.25
57.2 13.21
57.2 13.26
58.34 13.25
58.34 13.23
58.34 13.24
57.2 13.24
58.34 13.27
58.34 13.31
58.34 13.17
58.34 13.25
57.2 13.28
58.34 13.23
58.34 13.15
58.34 13.26
58.34 13.27
58.34 13.22
57.2 13.24
58.34 13.24
58.34 13.27
58.34 13.31
58.34 13.23
58.34 13.27
58.34 13.29
58.34 13.3
58.34 13.22
57.2 13.26
58.34 13.24
58.34 13.21
58.34 13.24
57.2 13.26
58.34 13.2
58.34 13.23
58.34 13.24
57.2 13.28
57.2 13.2
58.34 13.24
58.34 13.24
58.34 13.26
57.2 13.3
58.34 13.26
58.34 13.24
58.34 13.21
58.34 13.23
58.34 13.31
58.34 13.29
58.34 13.21
58.34 13.24
58.34 13.18
58.34 13.17
58.34 13.24
58.34 13.26
58.34 13.24
58.34 13.23
58.34 13.22
58.34 13.19
58.34 13.26
57.2 13.27
58.34 13.23
58.34 13.22
58.34 13.29
58.34 13.27
58.34 13.3
58.34 13.22
59.48 13.28
58.34 13.29
58.34 13.29
58.34 13.24
58.34 13.26
57.2 13.24
57.2 13.27
58.34 13.17
58.34 13.28
58.34 13.22
58.34 13.31
58.34 13.25
57.2 13.24
58.34 13.25
58.34 13.23
58.34 13.22
58.34 13.25
58.34 13.25
58.34 13.19
58.34 13.28
58.34 13.24
58.34 13.24
58.34 13.3
57.2 13.23
58.34 13.25
57.2 13.26
58.34 13.3
58.34 13.25
58.34 13.2
58.34 13.21
58.34 13.26
58.34 13.24
58.34 13.26
57.2 13.23
58.34 13.24
58.34 13.25
57.2 13.31
58.34 13.28
58.34 13.28
58.34 13.23
58.34 13.27
58.34 13.27
58.34 13.23
58.34 13.25
58.34 13.25
58.34 13.3
57.2 13.28
58.34 13.27
58.34 13.22
58.34 13.25
58.34 13.31
58.34 13.23
58.34 13.28
58.34 13.24
58.34 13.28
58.34 13.3
58.34 13.26
57.2 13.3
57.2 13.22
58.34 13.31
57.2 13.2
58.34 13.22
59.48 13.23
58.34 13.28
59.48 13.3
58.34 13.2
58.34 13.23
58.34 13.21
58.34 13.27
58.34 13.32
58.34 13.25
58.34 13.28
58.34 13.24
58.34 13.23
58.34 13.26
58.34 13.27
58.34 13.26
58.34 13.27
58.34 13.33
58.34 13.23
58.34 13.22
58.34 13.25
58.34 13.26
58.34 13.28
58.34 13.26
58.34 13.25
58.34 13.27
58.34 13.27
58.34 13.26
58.34 13.23
58.34 13.27
58.34 13.27
58.34 13.27
58.34 13.22
58.34 13.24
58.34 13.32
58.34 13.27
58.34 13.28
58.34 13.28
58.34 13.2
57.2 13.27
58.34 13.23
58.34 13.23
59.48 13.23
58.34 13.27
58.34 13.27
58.34 13.27
58.34 13.3
58.34 13.2
57.2 13.3
58.34 13.29
58.34 13.22
58.34 13.31
58.34 13.31
57.2 13.27
58.34 13.27
58.34 13.26
58.34 13.31
58.34 13.25
58.34 13.25
58.34 13.24
58.34 13.25
58.34 13.28
58.34 13.22
58.34 13.29
58.34 13.19
58.34 13.21
58.34 13.25
58.34 13.25
58.34 13.26
57.2 13.21
58.34 13.3
58.34 13.27
57.2 13.31
57.2 13.25
58.34 13.23
57.2 13.23
58.34 13.25
58.34 13.27
57.2 13.27
57.2 13.21
58.34 13.22
58.34 13.3
58.34 13.26
58.34 13.3
58.34 13.27
58.34 13.25
58.34 13.24
57.2 13.23
58.34 13.22
58.34 13.27
57.2 13.31
57.2 13.26
57.2 13.21
58.34 13.28
59.48 13.32
58.34 13.21
58.34 13.22
57.2 13.28
58.34 13.23
57.2 13.27
58.34 13.26
57.2 13.25
58.34 13.29
58.34 13.33
58.34 13.25
59.48 13.27
58.34 13.27
58.34 13.26
58.34 13.28
58.34 13.27
58.34 13.26
58.34 13.26
58.34 13.28
58.34 13.34
58.34 13.27
58.34 13.23
58.34 13.23
58.34 13.26
58.34 13.28
57.2 13.27
58.34 13.24
58.34 13.31
58.34 13.33
57.2 13.29
57.2 13.3
57.2 13.22
58.34 13.22
58.34 13.28
57.2 13.27
58.34 13.29
58.34 13.2
58.34 13.29
58.34 13.3
58.34 13.21
58.34 13.34
58.34 13.26
58.34 13.28
57.2 13.29
58.34 13.26
57.2 13.26
58.34 13.28
58.34 13.27
58.34 13.28
58.34 13.24
57.2 13.29
58.34 13.27
58.34 13.23
58.34 13.28
58.34 13.24
58.34 13.27
57.2 13.24
57.2 13.31
58.34 13.26
58.34 13.29
58.34 13.29
58.34 13.25
58.34 13.3
58.34 13.24
58.34 13.27
58.34 13.27
58.34 13.26
58.34 13.3
58.34 13.29
58.34 13.22
58.34 13.25
57.2 13.27
58.34 13.22
58.34 13.25
58.34 13.25
58.34 13.25
58.34 13.29
58.34 13.28
58.34 13.26
58.34 13.31
57.2 13.26
58.34 13.27
58.34 13.32
58.34 13.27
58.34 13.28
58.34 13.32
58.34 13.32
58.34 13.37
57.2 13.27
58.34 13.29
58.34 13.25
58.34 13.26
58.34 13.21
57.2 13.26
57.2 13.31
58.34 13.26
58.34 13.25
58.34 13.28
58.34 13.29
58.34 13.26
57.2 13.23
58.34 13.28
58.34 13.28
58.34 13.26
58.34 13.25
58.34 13.29
58.34 13.3
58.34 13.25
58.34 13.27
58.34 13.28
58.34 13.26
58.34 13.31
58.34 13.26
58.34 13.31
57.2 13.25
58.34 13.2
58.34 13.26
57.2 13.3
58.34 13.28
58.34 13.25
58.34 13.29
58.34 13.3
58.34 13.3
58.34 13.28
58.34 13.28
57.2 13.27
58.34 13.22
57.2 13.33
58.34 13.29
58.34 13.28
58.34 13.25
58.34 13.26
57.2 13.26
58.34 13.33
58.34 13.28
58.34 13.34
58.34 13.31
58.34 13.29
58.34 13.31
58.34 13.24
58.34 13.25
58.34 13.32
58.34 13.31
58.34 13.27
58.34 13.31
57.2 13.27
58.34 13.25
58.34 13.23
57.2 13.31
58.34 13.24
58.34 13.3
58.34 13.3
58.34 13.35
58.34 13.27
58.34 13.32
58.34 13.34
57.2 13.25
58.34 13.3
58.34 13.27
57.2 13.32
58.34 13.25
57.2 13.35
58.34 13.32
57.2 13.25
58.34 13.35
58.34 13.26
57.2 13.26
58.34 13.28
57.2 13.29
57.2 13.24
58.34 13.24
58.34 13.27
58.34 13.34
58.34 13.27
58.34 13.23
57.2 13.28
58.34 13.28
58.34 13.32
58.34 13.28
58.34 13.24
58.34 13.26
58.34 13.3
58.34 13.26
58.34 13.27
58.34 13.28
57.2 13.27
58.34 13.28
57.2 13.19
58.34 13.29
58.34 13.37
58.34 13.29
58.34 13.28
58.34 13.31
58.34 13.32
57.2 13.27
58.34 13.27
58.34 13.3
57.2 13.24
58.34 13.33
57.2 13.3
57.2 13.27
58.34 13.29
58.34 13.31
58.34 13.27
58.34 13.24
57.2 13.28
57.2 13.28
58.34 13.26
57.2 13.26
58.34 13.26
58.34 13.18
58.34 13.27
58.34 13.27
57.2 13.3
57.2 13.23
57.2 13.29
57.2 13.28
58.34 13.21
58.34 13.2
58.34 13.24
57.2 13.35
57.2 13.29
58.34 13.25
58.34 13.28
58.34 13.25
58.34 13.26
58.34 13.27
57.2 13.29
58.34 13.28
58.34 13.32
58.34 13.28
58.34 13.27
58.34 13.29
57.2 13.29
58.34 13.32
58.34 13.32
58.34 13.26
58.34 13.25
58.34 13.28
57.2 13.3
58.34 13.3
58.34 13.21
58.34 13.3
58.34 13.27
58.34 13.33
58.34 13.29
57.2 13.3
57.2 13.3
57.2 13.29
58.34 13.23
58.34 13.33
58.34 13.34
58.34 13.28
58.34 13.28
57.2 13.34
58.34 13.3
58.34 13.27
57.2 13.24
57.2 13.3
58.34 13.3
57.2 13.27
58.34 13.29
58.34 13.25
58.34 13.27
58.34 13.33
58.34 13.28
58.34 13.31
58.34 13.3
57.2 13.33
58.34 13.27
57.2 13.22
58.34 13.31
58.34 13.27
57.2 13.25
58.34 13.28
58.34 13.29
58.34 13.25
58.34 13.31
57.2 13.27
58.34 13.29
58.34 13.32
57.2 13.27
58.34 13.27
58.34 13.35
58.34 13.29
57.2 13.28
58.34 13.3
58.34 13.33
58.34 13.24
58.34 13.27
58.34 13.29
57.2 13.3
58.34 13.3
58.34 13.22
58.34 13.3
58.34 13.32
57.2 13.3
58.34 13.33
58.34 13.34
58.34 13.28
58.34 13.35
58.34 13.35
57.2 13.2
58.34 13.28
58.34 13.29
58.34 13.29
57.2 13.25
58.34 13.28
57.2 13.24
58.34 13.3
58.34 13.26
58.34 13.29
58.34 13.22
57.2 13.26
57.2 13.33
58.34 13.28
58.34 13.31
58.34 13.33
57.2 13.31
58.34 13.24
58.34 13.3
58.34 13.32
58.34 13.24
58.34 13.29
57.2 13.23
58.34 13.28
57.2 13.28
58.34 13.3
58.34 13.25
58.34 13.3
58.34 13.29
58.34 13.32
59.48 13.31
58.34 13.3
58.34 13.3
58.34 13.3
58.34 13.35
58.34 13.24
57.2 13.31
58.34 13.25
58.34 13.33
58.34 13.29
58.34 13.31
58.34 13.3
57.2 13.25
58.34 13.28
58.34 13.26
57.2 13.35
58.34 13.3
57.2 13.28
57.2 13.27
58.34 13.34
58.34 13.35
58.34 13.28
58.34 13.28
58.34 13.31
58.34 13.29
58.34 13.27
58.34 13.29
58.34 13.28
58.34 13.23
58.34 13.3
58.34 13.31
57.2 13.23
58.34 13.24
58.34 13.34
58.34 13.32
58.34 13.33
57.2 13.24
57.2 13.27
58.34 13.3
57.2 13.24
57.2 13.26
58.34 13.3
58.34 13.28
58.34 13.27
58.34 13.3
57.2 13.32
58.34 13.3
57.2 13.22
57.2 13.28
58.34 13.26
57.2 13.28
58.34 13.24
58.34 13.35
58.34 13.3
58.34 13.33
58.34 13.29
58.34 13.3
58.34 13.32
58.34 13.22
57.2 13.3
58.34 13.3
58.34 13.26
58.34 13.27
57.2 13.27
58.34 13.29
58.34 13.33
58.34 13.33
58.34 13.26
58.34 13.31
58.34 13.29
58.34 13.32
57.2 13.31
58.34 13.3
57.2 13.27
57.2 13.26
57.2 13.3
58.34 13.28
58.34 13.3
58.34 13.29
58.34 13.28
58.34 13.24
58.34 13.29
58.34 13.28
58.34 13.29
58.34 13.23
58.34 13.34
59.48 13.27
57.2 13.31
58.34 13.31
57.2 13.31
58.34 13.33
58.34 13.34
58.34 13.36
58.34 13.32
58.34 13.23
58.34 13.28
57.2 13.26
58.34 13.29
58.34 13.28
57.2 13.29
58.34 13.31
58.34 13.29
58.34 13.31
58.34 13.33
58.34 13.28
58.34 13.33
57.2 13.31
58.34 13.27
57.2 13.32
58.34 13.28
58.34 13.25
58.34 13.31
58.34 13.27
58.34 13.27
57.2 13.31
57.2 13.28
58.34 13.28
58.34 13.29
57.2 13.28
58.34 13.31
58.34 13.28
58.34 13.26
57.2 13.3
58.34 13.28
57.2 13.28
58.34 13.25
58.34 13.32
58.34 13.31
58.34 13.32
58.34 13.3
58.34 13.27
58.34 13.32
58.34 13.28
58.34 13.25
58.34 13.28
58.34 13.29
57.2 13.35
58.34 13.25
57.2 13.29
58.34 13.26
58.34 13.28
58.34 13.3
58.34 13.29
57.2 13.31
58.34 13.25
58.34 13.34
58.34 13.27
57.2 13.33
58.34 13.27
58.34 13.35
57.2 13.22
58.34 13.3
58.34 13.26
58.34 13.29
58.34 13.33
58.34 13.32
57.2 13.28
58.34 13.33
58.34 13.26
58.34 13.3
58.34 13.29
58.34 13.31
58.34 13.26
57.2 13.32
57.2 13.31
57.2 13.33
58.34 13.21
58.34 13.31
57.2 13.29
57.2 13.29
58.34 13.29
58.34 13.28
58.34 13.3
58.34 13.26
57.2 13.27
58.34 13.32
58.34 13.24
58.34 13.25
57.2 13.24
58.34 13.28
58.34 13.23
57.2 13.29
57.2 13.33
57.2 13.24
58.34 13.33
58.34 13.21
58.34 13.25
58.34 13.33
58.34 13.27
58.34 13.37
58.34 13.29
58.34 13.25
57.2 13.24
57.2 13.31
57.2 13.22
58.34 13.26
57.2 13.32
58.34 13.31
58.34 13.35
58.34 13.21
58.34 13.3
57.2 13.33
58.34 13.26
58.34 13.23
58.34 13.33
58.34 13.27
58.34 13.26
58.34 13.33
58.34 13.32
58.34 13.26
57.2 13.29
58.34 13.3
58.34 13.23
58.34 13.36
58.34 13.27
58.34 13.29
58.34 13.27
57.2 13.33
57.2 13.34
58.34 13.34
58.34 13.32
58.34 13.25
58.34 13.27
57.2 13.29
57.2 13.3
58.34 13.32
58.34 13.28
57.2 13.29
58.34 13.35
57.2 13.34
58.34 13.26
58.34 13.31
58.34 13.36
58.34 13.29
58.34 13.28
57.2 13.24
58.34 13.27
58.34 13.3
58.34 13.23
57.2 13.31
57.2 13.29
58.34 13.3
58.34 13.29
57.2 13.27
58.34 13.24
58.34 13.27
58.34 13.34
58.34 13.34
58.34 13.28
58.34 13.3
58.34 13.33
58.34 13.3
58.34 13.4
58.34 13.32
58.34 13.25
58.34 13.3
58.34 13.28
57.2 13.23
58.34 13.27
58.34 13.29
57.2 13.31
58.34 13.31
57.2 13.27
58.34 13.21
58.34 13.21
58.34 13.27
58.34 13.31
58.34 13.33
58.34 13.27
58.34 13.32
58.34 13.32
57.2 13.32
58.34 13.39
58.34 13.32
58.34 13.29
58.34 13.32
58.34 13.26
58.34 13.28
58.34 13.26
58.34 13.28
58.34 13.28
58.34 13.3
58.34 13.3
58.34 13.26
58.34 13.3
58.34 13.27
58.34 13.28
57.2 13.35
58.34 13.28
58.34 13.29
58.34 13.3
57.2 13.36
58.34 13.26
58.34 13.32
57.2 13.3
58.34 13.23
58.34 13.28
58.34 13.3
58.34 13.35
58.34 13.3
58.34 13.3
57.2 13.26
58.34 13.37
57.2 13.32
57.2 13.33
58.34 13.31
58.34 13.26
58.34 13.31
57.2 13.28
58.34 13.34
58.34 13.35
58.34 13.32
57.2 13.32
58.34 13.35
58.34 13.34
58.34 13.26
58.34 13.29
58.34 13.33
58.34 13.37
57.2 13.39
58.34 13.31
57.2 13.3
57.2 13.35
58.34 13.34
58.34 13.28
58.34 13.31
57.2 13.33
58.34 13.29
58.34 13.39
58.34 13.36
58.34 13.31
58.34 13.32
58.34 13.32
57.2 13.21
58.34 13.3
58.34 13.27
58.34 13.29
58.34 13.29
58.34 13.27
58.34 13.35
58.34 13.25
58.34 13.36
57.2 13.25
58.34 13.3
58.34 13.29
57.2 13.25
58.34 13.34
58.34 13.32
57.2 13.27
58.34 13.29
58.34 13.33
57.2 13.26
57.2 13.32
57.2 13.32
57.2 13.31
57.2 13.28
58.34 13.32
57.2 13.28
58.34 13.29
58.34 13.29
58.34 13.38
58.34 13.31
58.34 13.33
57.2 13.27
58.34 13.32
58.34 13.29
58.34 13.31
58.34 13.32
57.2 13.27
58.34 13.26
58.34 13.32
58.34 13.36
59.48 13.3
58.34 13.37
58.34 13.29
