45.8 16.25
44.66 16.57
44.66 16.63
45.8 16.56
44.66 16.54
44.66 16.55
45.8 16.51
45.8 16.11
45.8 16.55
45.8 16.52
45.8 16.5
46.94 16.54
45.8 16.44
45.8 16.46
45.8 16.48
45.8 16.5
45.8 16.5
45.8 16.48
45.8 16.4
45.8 16.44
45.8 16.44
45.8 16.42
45.8 16.42
45.8 16.42
46.94 16.45
45.8 16.52
46.94 16.46
45.8 16.43
46.94 16.43
46.94 16.47
45.8 16.41
45.8 16.42
45.8 16.45
46.94 16.36
45.8 16.41
45.8 16.44
46.94 16.38
46.94 16.42
46.94 16.36
45.8 16.39
45.8 16.12
45.8 16.42
45.8 16.37
46.94 16.4
45.8 16.41
46.94 16.45
46.94 16.36
46.94 16.37
46.94 16.04
46.94 16.44
46.94 16.43
45.8 16.39
46.94 15.97
45.8 16.36
45.8 16.39
46.94 16.37
45.8 16.39
46.94 16.39
45.8 16.38
46.94 16.3
46.94 16.34
46.94 16.04
46.94 16.34
46.94 16.4
46.94 16.36
46.94 16.39
46.94 16.41
46.94 16.34
46.94 16.33
46.94 16.36
46.94 16.37
46.94 16.41
46.94 16.06
46.94 16.34
46.94 16.39
45.8 16.36
46.94 16.35
46.94 16.35
46.94 16.32
46.94 16.38
46.94 16.37
45.8 16.04
45.8 16.4
45.8 16.33
48.08 16.36
46.94 16.02
46.94 16.34
46.94 16.33
46.94 16.31
46.94 16.33
46.94 16.35
46.94 16.32
46.94 16.34
46.94 16.36
46.94 16.27
45.8 16.34
46.94 16.32
46.94 16.36
46.94 16.35
46.94 16.32
46.94 16.28
46.94 16.34
48.08 16.31
46.94 16.35
46.94 16.26
46.94 16.34
46.94 16.34
46.94 16.36
46.94 16.35
46.94 16.36
46.94 16.3
46.94 16.36
46.94 16.32
48.08 16.26
46.94 16.29
46.94 16.37
48.08 16.01
46.94 16.31
46.94 16.31
46.94 16.32
48.08 16.3
46.94 16.25
46.94 16.24
46.94 16.34
46.94 16.28
46.94 16.37
46.94 16.33
48.08 16.37
46.94 16.27
46.94 16.31
48.08 15.99
46.94 15.99
46.94 15.99
46.94 16.33
48.08 16.27
48.08 15.98
46.94 16.33
48.08 16.29
48.08 16.25
46.94 16.31
48.08 16.34
46.94 16.35
48.08 15.95
46.94 16.28
46.94 16.33
46.94 16.33
48.08 16.31
46.94 16.25
46.94 15.99
46.94 16.32
46.94 16.31
46.94 16.29
46.94 16.34
46.94 16.33
46.94 16.3
46.94 16.29
46.94 16.27
46.94 16.28
48.08 16.33
48.08 16.31
46.94 15.94
46.94 16.3
46.94 16.33
46.94 16.25
48.08 16.01
46.94 16.33
46.94 16.27
46.94 16.32
46.94 16.25
46.94 16.24
46.94 16.27
48.08 16.33
46.94 16.28
48.08 16.35
46.94 16.34
48.08 16.3
48.08 16.32
46.94 16.33
48.08 16.26
46.94 15.97
46.94 16.32
46.94 16.33
48.08 16.0
46.94 16.29
48.08 16.32
46.94 16.27
48.08 16.32
48.08 16.25
48.08 16.29
48.08 16.34
48.08 16.31
48.08 16.31
48.08 16.28
48.08 16.31
48.08 16.31
48.08 16.27
46.94 16.3
48.08 16.24
48.08 16.25
48.08 16.33
48.08 16.3
46.94 16.26
46.94 16.26
48.08 16.27
48.08 16.26
48.08 15.98
48.08 16.22
48.08 16.27
48.08 16.26
48.08 16.3
46.94 16.28
46.94 16.17
48.08 16.38
46.94 16.32
46.94 16.32
48.08 16.28
48.08 15.92
46.94 16.28
46.94 16.26
46.94 16.33
48.08 16.27
48.08 15.9
46.94 15.89
46.94 16.27
48.08 16.27
48.08 16.31
46.94 16.3
46.94 16.26
48.08 16.33
48.08 16.29
46.94 16.34
48.08 16.3
46.94 16.3
46.94 16.24
46.94 16.28
48.08 16.26
46.94 16.25
46.94 16.27
46.94 16.29
48.08 16.26
48.08 16.31
46.94 16.28
46.94 16.29
48.08 15.93
48.08 16.29
48.08 16.3
48.08 16.24
48.08 16.24
46.94 16.32
48.08 16.23
48.08 16.25
48.08 16.29
46.94 16.26
48.08 16.27
46.94 16.32
48.08 15.91
48.08 16.34
46.94 16.31
46.94 16.33
46.94 16.25
48.08 16.26
48.08 16.26
48.08 16.29
48.08 16.28
48.08 16.32
48.08 16.33
48.08 16.21
46.94 16.3
48.08 16.3
46.94 16.34
48.08 16.24
48.08 16.27
48.08 16.32
46.94 16.25
48.08 16.3
48.08 16.26
46.94 16.27
48.08 16.29
48.08 16.32
46.94 16.31
46.94 16.3
46.94 16.28
46.94 16.31
48.08 16.29
48.08 16.3
46.94 16.29
48.08 16.24
48.08 16.26
46.94 16.24
48.08 16.3
48.08 16.24
48.08 16.3
48.08 16.22
48.08 16.2
48.08 16.29
48.08 16.29
