12.74 17.07
12.74 17.14
12.74 17.01
12.74 16.9
12.74 17.14
12.74 17.22
12.74 16.97
13.88 17.04
12.74 17.0
13.88 17.07
13.88 17.06
13.88 17.22
13.88 17.22
13.88 17.28
13.88 16.94
13.88 17.1
13.88 17.1
15.02 16.96
13.88 17.14
13.88 17.05
15.02 17.04
15.02 16.74
13.88 16.94
15.02 16.99
15.02 16.8
13.88 17.04
15.02 17.1
13.88 16.73
15.02 17.24
15.02 16.92
15.02 16.96
15.02 17.12
15.02 16.94
15.02 17.02
15.02 16.98
15.02 17.05
15.02 16.96
15.02 16.98
15.02 17.15
15.02 16.96
15.02 16.83
15.02 17.07
16.16 16.85
16.16 16.58
16.16 17.16
15.02 17.1
15.02 17.1
16.16 16.98
15.02 16.81
16.16 17.02
16.16 16.77
16.16 16.98
16.16 17.03
16.16 16.93
16.16 16.86
16.16 16.9
16.16 17.12
15.02 16.78
16.16 16.9
16.16 16.77
16.16 16.91
16.16 16.84
16.16 16.97
16.16 17.02
17.3 16.93
17.3 16.97
16.16 16.94
16.16 16.96
17.3 16.74
16.16 16.73
16.16 16.94
16.16 16.77
17.3 16.97
17.3 16.67
17.3 16.78
17.3 16.65
16.16 16.81
16.16 16.85
17.3 16.62
17.3 17.04
17.3 16.77
17.3 17.01
17.3 17.05
17.3 16.83
16.16 16.93
17.3 16.77
17.3 16.87
17.3 16.65
17.3 16.91
17.3 16.74
17.3 16.64
17.3 16.64
17.3 16.77
17.3 16.96
17.3 16.85
17.3 16.67
17.3 16.75
17.3 16.9
17.3 16.85
17.3 16.88
18.44 16.5
17.3 16.95
17.3 16.96
17.3 16.79
17.3 16.72
17.3 16.61
17.3 16.68
16.16 16.78
17.3 16.74
17.3 17.02
17.3 16.42
18.44 16.75
17.3 16.7
18.44 16.72
17.3 16.83
17.3 16.73
17.3 16.77
18.44 16.38
18.44 16.77
18.44 16.66
18.44 16.91
17.3 16.87
17.3 16.56
18.44 16.72
17.3 16.94
17.3 16.71
18.44 16.64
18.44 16.54
17.3 16.69
18.44 16.56
18.44 16.62
18.44 16.65
18.44 16.94
18.44 16.92
17.3 16.93
18.44 16.54
18.44 16.78
17.3 16.8
18.44 16.85
18.44 16.67
18.44 16.74
18.44 16.72
18.44 16.67
18.44 16.63
18.44 16.51
19.58 16.7
18.44 16.66
18.44 16.83
18.44 16.59
18.44 16.5
18.44 16.74
18.44 16.9
18.44 16.9
18.44 16.79
18.44 16.88
18.44 16.56
18.44 16.35
18.44 16.53
18.44 16.65
18.44 16.64
18.44 16.74
18.44 16.62
18.44 17.01
18.44 16.96
18.44 16.67
18.44 16.65
19.58 16.56
19.58 16.68
18.44 16.79
18.44 16.74
19.58 16.73
19.58 16.49
18.44 16.59
18.44 16.59
19.58 16.78
18.44 16.82
18.44 16.68
18.44 16.8
18.44 16.72
19.58 16.29
18.44 16.7
18.44 16.72
19.58 16.71
18.44 16.46
19.58 16.56
18.44 16.39
18.44 16.48
19.58 16.5
19.58 16.82
19.58 16.61
18.44 16.6
19.58 16.34
18.44 16.62
18.44 16.46
19.58 16.48
19.58 16.35
19.58 16.75
19.58 16.64
19.58 16.49
19.58 16.3
19.58 16.41
19.58 16.78
18.44 16.48
19.58 16.53
18.44 16.46
19.58 16.77
18.44 16.48
19.58 16.61
18.44 16.58
18.44 16.45
18.44 16.71
19.58 16.54
18.44 16.42
19.58 16.42
19.58 16.58
18.44 16.64
19.58 16.4
19.58 16.4
18.44 16.36
19.58 16.58
19.58 16.82
19.58 16.57
18.44 16.3
19.58 16.54
18.44 16.77
19.58 16.37
19.58 16.43
19.58 16.52
19.58 16.7
19.58 16.6
19.58 16.34
18.44 16.35
19.58 16.4
19.58 16.46
19.58 16.42
19.58 16.56
19.58 16.68
19.58 16.36
19.58 16.66
19.58 16.41
19.58 16.53
19.58 16.42
19.58 16.5
19.58 16.23
19.58 16.24
19.58 16.26
19.58 16.38
19.58 16.5
19.58 16.51
19.58 16.38
19.58 16.34
19.58 16.59
19.58 16.31
19.58 16.55
19.58 16.51
19.58 16.43
19.58 16.55
20.72 16.48
19.58 16.68
19.58 16.71
19.58 16.63
19.58 16.54
19.58 16.63
19.58 16.54
19.58 16.8
19.58 16.51
19.58 16.53
19.58 16.48
19.58 16.27
19.58 16.35
19.58 16.24
20.72 16.46
19.58 16.61
20.72 16.49
19.58 16.69
19.58 16.38
19.58 16.34
19.58 16.69
20.72 16.3
19.58 16.62
19.58 16.27
20.72 16.5
19.58 16.02
20.72 16.46
19.58 16.32
19.58 16.29
19.58 16.29
20.72 16.49
20.72 16.45
20.72 16.72
19.58 16.45
20.72 16.5
20.72 16.19
19.58 16.68
20.72 16.8
19.58 16.46
19.58 16.29
19.58 16.26
20.72 16.57
20.72 16.56
20.72 16.43
20.72 16.66
19.58 16.13
20.72 16.35
19.58 16.6
20.72 16.32
20.72 16.19
20.72 16.21
20.72 16.76
19.58 16.46
20.72 16.55
20.72 16.45
20.72 16.31
19.58 16.52
20.72 16.4
20.72 16.61
19.58 16.61
20.72 16.41
19.58 16.46
20.72 16.57
20.72 16.5
20.72 16.4
19.58 16.51
20.72 16.5
19.58 16.51
20.72 16.5
19.58 16.54
19.58 16.52
20.72 16.43
20.72 16.57
20.72 16.47
20.72 16.69
20.72 16.21
20.72 16.59
20.72 16.32
20.72 16.3
20.72 16.58
20.72 16.5
20.72 16.3
20.72 16.22
19.58 16.29
20.72 16.29
20.72 16.42
20.72 16.3
20.72 16.22
20.72 16.35
20.72 16.21
20.72 16.42
20.72 16.46
20.72 16.27
20.72 16.52
20.72 16.56
20.72 16.35
20.72 16.4
20.72 16.36
21.86 16.38
20.72 16.41
20.72 16.19
20.72 16.7
20.72 16.51
20.72 16.49
20.72 16.44
20.72 16.19
20.72 16.45
20.72 16.21
20.72 16.17
20.72 16.45
20.72 16.43
20.72 16.45
20.72 16.29
20.72 16.21
20.72 16.44
20.72 16.16
20.72 16.28
20.72 16.44
20.72 16.46
20.72 16.35
20.72 16.24
20.72 16.28
20.72 16.58
20.72 16.37
20.72 16.3
21.86 16.58
20.72 16.58
20.72 16.26
21.86 16.07
20.72 16.26
21.86 16.17
20.72 16.14
20.72 16.39
20.72 16.18
21.86 16.36
20.72 16.12
20.72 16.6
21.86 16.33
20.72 16.15
20.72 16.07
20.72 16.38
20.72 16.18
21.86 16.29
20.72 16.32
20.72 16.26
20.72 16.21
20.72 16.32
20.72 16.32
20.72 16.33
20.72 16.27
20.72 16.24
20.72 15.96
20.72 16.32
20.72 16.25
20.72 16.2
20.72 16.3
20.72 16.22
20.72 16.58
21.86 16.32
21.86 16.24
20.72 16.4
20.72 16.4
21.86 16.16
21.86 16.42
20.72 16.02
20.72 16.3
20.72 16.35
20.72 16.24
20.72 16.06
20.72 16.42
21.86 16.4
20.72 16.29
20.72 16.08
21.86 16.37
21.86 16.02
21.86 16.05
20.72 16.08
21.86 16.17
20.72 16.38
21.86 16.29
20.72 16.14
20.72 16.25
21.86 16.05
20.72 16.25
20.72 16.4
21.86 16.21
20.72 16.29
20.72 16.08
21.86 16.35
20.72 16.18
21.86 16.11
21.86 16.15
20.72 16.26
20.72 16.27
20.72 16.45
21.86 16.11
20.72 16.35
20.72 16.43
20.72 16.13
21.86 16.29
20.72 16.32
21.86 16.08
21.86 16.18
20.72 16.19
21.86 16.35
20.72 16.36
21.86 16.56
21.86 16.43
20.72 16.22
21.86 16.13
21.86 16.14
21.86 16.47
20.72 16.21
20.72 16.22
21.86 16.17
20.72 16.29
21.86 16.38
21.86 16.02
20.72 16.1
21.86 16.18
20.72 16.43
20.72 16.44
20.72 16.4
21.86 16.42
20.72 16.17
20.72 16.54
21.86 16.29
21.86 16.09
21.86 16.23
21.86 16.37
21.86 16.37
21.86 16.25
21.86 16.19
21.86 16.02
21.86 16.22
20.72 16.33
21.86 16.38
21.86 16.44
21.86 16.08
20.72 16.13
21.86 16.23
20.72 16.09
21.86 16.34
21.86 16.36
21.86 16.47
20.72 16.32
21.86 16.19
20.72 16.48
21.86 16.13
21.86 16.09
23.0 16.19
20.72 16.12
23.0 16.19
21.86 15.99
20.72 16.18
21.86 16.26
20.72 16.35
21.86 16.47
21.86 16.05
21.86 16.04
21.86 16.34
21.86 16.38
21.86 16.3
21.86 16.66
21.86 16.17
21.86 16.26
21.86 16.14
20.72 16.05
21.86 16.24
21.86 16.08
21.86 16.11
21.86 16.53
21.86 16.37
21.86 16.37
21.86 16.14
21.86 16.44
21.86 16.19
21.86 15.95
21.86 16.19
21.86 16.03
20.72 16.16
21.86 16.24
21.86 16.25
21.86 15.85
21.86 16.03
23.0 16.13
21.86 16.27
21.86 16.23
21.86 16.43
21.86 16.3
20.72 16.33
21.86 16.12
23.0 16.39
23.0 16.25
21.86 16.14
21.86 15.93
21.86 16.17
21.86 16.18
21.86 16.32
21.86 16.0
21.86 16.23
21.86 16.32
21.86 16.24
21.86 16.06
21.86 16.25
21.86 16.08
23.0 16.44
21.86 16.2
21.86 16.24
21.86 16.08
23.0 16.06
23.0 15.81
21.86 16.24
23.0 16.28
21.86 16.31
21.86 16.35
21.86 16.35
21.86 16.41
23.0 16.24
21.86 16.28
21.86 16.37
21.86 16.24
21.86 15.87
21.86 16.09
21.86 16.13
21.86 16.34
21.86 16.15
21.86 16.32
21.86 16.24
21.86 16.25
23.0 16.41
21.86 16.13
21.86 16.29
21.86 16.1
21.86 16.04
24.14 15.81
23.0 16.11
21.86 16.21
23.0 16.17
21.86 16.39
21.86 16.22
23.0 16.03
21.86 16.1
21.86 16.05
21.86 16.34
23.0 16.23
21.86 16.16
23.0 15.9
21.86 16.17
23.0 16.13
21.86 16.08
21.86 15.98
21.86 16.06
23.0 16.57
21.86 16.26
23.0 16.15
21.86 16.11
23.0 16.1
23.0 16.22
21.86 16.19
23.0 16.06
23.0 16.24
23.0 16.33
21.86 16.08
21.86 15.94
23.0 16.19
21.86 15.96
23.0 16.13
23.0 16.0
21.86 16.23
21.86 15.94
23.0 15.92
21.86 16.16
21.86 16.05
21.86 16.24
23.0 16.06
23.0 16.08
23.0 16.38
23.0 16.27
21.86 16.0
23.0 15.97
23.0 16.14
21.86 16.08
23.0 15.86
23.0 16.14
21.86 15.85
23.0 16.19
21.86 16.21
23.0 16.34
23.0 15.95
23.0 16.22
23.0 16.31
23.0 15.84
21.86 15.97
23.0 15.92
23.0 16.11
23.0 16.02
23.0 16.08
23.0 15.84
23.0 16.05
23.0 15.99
23.0 16.1
21.86 16.16
23.0 15.86
23.0 16.11
23.0 16.06
23.0 15.91
23.0 16.1
23.0 16.11
23.0 16.26
23.0 15.81
23.0 15.92
23.0 16.26
21.86 16.24
23.0 15.83
23.0 15.96
23.0 15.92
23.0 15.74
23.0 16.19
23.0 15.81
23.0 15.89
23.0 16.11
23.0 15.97
23.0 15.93
21.86 15.81
23.0 15.79
21.86 16.13
23.0 16.13
23.0 16.08
23.0 16.26
21.86 16.06
23.0 15.82
23.0 15.89
23.0 16.11
23.0 15.97
23.0 16.16
23.0 15.85
23.0 15.92
23.0 15.99
23.0 16.14
23.0 15.98
23.0 15.94
23.0 16.48
21.86 16.0
21.86 16.22
23.0 15.84
23.0 15.84
23.0 15.81
23.0 16.1
24.14 15.82
21.86 16.14
23.0 15.92
23.0 15.94
23.0 16.03
23.0 16.0
23.0 16.12
23.0 15.87
23.0 15.87
23.0 16.22
23.0 16.24
23.0 16.0
23.0 16.0
23.0 16.04
23.0 16.11
23.0 15.54
23.0 15.62
23.0 15.85
23.0 15.97
23.0 16.03
23.0 16.22
23.0 15.76
23.0 16.1
23.0 15.77
23.0 15.95
23.0 16.0
23.0 16.02
23.0 15.9
23.0 16.0
24.14 16.19
24.14 15.95
23.0 16.05
23.0 15.92
24.14 15.94
23.0 15.84
23.0 16.17
23.0 15.97
23.0 16.07
23.0 16.0
23.0 16.08
23.0 16.29
23.0 15.9
23.0 15.98
23.0 15.86
23.0 15.91
23.0 16.02
24.14 16.11
23.0 16.14
23.0 15.98
23.0 16.0
23.0 16.0
23.0 16.06
23.0 16.07
23.0 15.8
23.0 15.93
23.0 15.76
23.0 16.02
24.14 16.05
23.0 16.06
23.0 16.03
23.0 15.7
23.0 16.26
24.14 15.93
24.14 15.92
23.0 16.21
23.0 15.72
23.0 16.01
23.0 16.16
23.0 15.81
23.0 15.88
23.0 15.99
23.0 15.84
23.0 15.99
23.0 16.3
23.0 16.13
23.0 16.19
23.0 16.35
24.14 16.26
23.0 15.95
23.0 15.79
23.0 16.05
23.0 16.11
23.0 15.81
23.0 16.06
23.0 15.86
23.0 15.75
23.0 15.87
23.0 16.06
23.0 16.06
23.0 15.94
23.0 16.08
23.0 16.17
23.0 15.94
23.0 15.81
23.0 16.14
23.0 15.93
23.0 16.06
23.0 15.96
24.14 16.02
24.14 15.99
23.0 15.96
23.0 16.13
24.14 15.91
23.0 15.83
23.0 16.34
23.0 15.98
23.0 15.98
24.14 15.89
23.0 15.94
23.0 16.08
23.0 15.83
23.0 16.16
23.0 15.6
23.0 16.14
24.14 16.07
23.0 15.89
24.14 15.86
23.0 15.94
23.0 15.83
24.14 15.96
24.14 16.03
23.0 16.2
24.14 16.03
23.0 15.82
23.0 15.84
24.14 15.91
23.0 16.0
23.0 15.96
23.0 16.22
23.0 16.08
23.0 16.06
23.0 16.07
24.14 16.21
23.0 16.21
24.14 16.06
23.0 16.18
23.0 16.03
23.0 16.32
23.0 16.16
23.0 15.84
24.14 16.13
23.0 16.08
24.14 15.97
24.14 15.58
24.14 15.95
24.14 16.06
24.14 16.26
23.0 15.98
23.0 16.23
23.0 15.9
24.14 16.09
23.0 15.87
23.0 16.05
23.0 15.96
23.0 15.92
24.14 15.95
24.14 15.77
24.14 16.11
24.14 15.98
24.14 15.95
23.0 15.81
23.0 15.96
24.14 15.66
23.0 15.84
24.14 16.11
23.0 15.75
24.14 15.97
24.14 16.08
24.14 15.98
23.0 15.85
23.0 15.9
24.14 16.06
24.14 16.11
23.0 16.01
24.14 16.08
24.14 15.91
23.0 16.02
24.14 15.98
24.14 15.82
24.14 16.08
23.0 15.77
24.14 15.97
23.0 15.84
24.14 15.67
24.14 15.84
24.14 16.14
24.14 15.9
23.0 15.88
24.14 15.88
24.14 16.16
23.0 15.93
24.14 15.79
24.14 15.78
24.14 16.22
24.14 16.23
23.0 16.12
24.14 16.1
24.14 15.78
23.0 15.65
24.14 15.95
24.14 16.1
24.14 15.61
23.0 15.97
23.0 15.94
24.14 15.94
24.14 15.75
24.14 16.0
24.14 15.97
24.14 15.84
24.14 15.69
24.14 15.98
24.14 15.66
24.14 15.98
24.14 15.82
23.0 15.86
23.0 15.85
24.14 15.91
24.14 15.79
24.14 15.59
23.0 16.14
24.14 15.82
24.14 15.47
24.14 15.97
23.0 15.86
24.14 16.0
24.14 16.0
23.0 15.98
24.14 15.54
24.14 15.79
24.14 16.03
24.14 15.81
24.14 15.81
24.14 15.94
24.14 15.7
24.14 16.1
24.14 16.11
24.14 15.63
24.14 15.74
24.14 15.82
24.14 15.71
24.14 15.99
24.14 16.14
24.14 15.79
24.14 15.98
24.14 15.75
24.14 15.79
24.14 15.67
24.14 15.97
24.14 15.7
24.14 15.9
24.14 15.57
24.14 15.72
24.14 16.07
24.14 15.84
24.14 15.66
24.14 15.78
24.14 15.97
24.14 15.89
24.14 15.65
24.14 15.78
23.0 16.08
24.14 16.18
24.14 15.5
24.14 15.92
24.14 15.57
24.14 15.98
23.0 15.52
25.28 15.83
24.14 15.74
24.14 15.71
24.14 15.89
23.0 15.82
24.14 15.78
24.14 15.8
24.14 15.84
24.14 15.61
24.14 15.94
24.14 15.67
24.14 15.82
24.14 15.85
25.28 15.88
24.14 15.54
25.28 15.74
24.14 15.9
24.14 15.74
24.14 15.7
24.14 15.94
24.14 15.78
24.14 15.58
25.28 15.73
24.14 15.45
24.14 15.75
25.28 15.67
24.14 15.63
24.14 15.94
24.14 15.6
24.14 15.46
24.14 15.71
25.28 15.82
24.14 15.81
24.14 15.78
24.14 15.81
24.14 15.82
25.28 16.02
24.14 15.62
24.14 15.84
24.14 15.86
24.14 15.63
25.28 15.79
24.14 15.38
24.14 15.73
24.14 15.6
25.28 15.82
24.14 15.98
25.28 15.57
25.28 15.69
24.14 15.8
24.14 15.86
24.14 15.82
25.28 15.55
24.14 15.72
24.14 15.7
24.14 15.6
24.14 15.73
24.14 15.65
24.14 15.67
25.28 15.58
25.28 15.65
25.28 15.75
25.28 15.96
25.28 15.77
24.14 15.79
24.14 15.41
24.14 15.9
25.28 15.71
24.14 15.5
25.28 15.57
24.14 15.86
24.14 15.54
24.14 15.68
24.14 15.25
24.14 15.64
24.14 15.79
24.14 15.57
24.14 15.7
24.14 15.81
24.14 15.7
24.14 15.83
24.14 15.77
24.14 15.78
24.14 15.68
24.14 15.5
24.14 15.84
25.28 15.94
24.14 15.61
24.14 15.98
24.14 15.62
24.14 15.71
24.14 15.68
25.28 16.02
24.14 15.76
24.14 15.56
24.14 15.72
24.14 15.51
25.28 15.86
25.28 15.46
24.14 15.56
24.14 15.6
24.14 15.73
25.28 15.65
24.14 15.6
24.14 15.67
24.14 15.71
25.28 15.7
24.14 15.89
24.14 15.68
24.14 16.02
24.14 15.86
24.14 15.88
25.28 15.68
25.28 15.77
25.28 15.83
25.28 15.86
24.14 15.63
25.28 15.76
25.28 15.88
24.14 15.75
25.28 15.79
24.14 15.76
24.14 15.72
24.14 15.93
25.28 15.74
25.28 16.18
24.14 15.76
24.14 15.68
25.28 16.08
24.14 15.75
24.14 15.76
25.28 15.8
24.14 15.48
24.14 15.76
24.14 15.87
24.14 15.89
24.14 15.67
24.14 15.77
25.28 15.59
25.28 15.74
24.14 15.78
25.28 15.61
25.28 15.76
24.14 15.74
25.28 15.63
25.28 15.67
25.28 15.66
25.28 15.79
24.14 15.77
24.14 15.52
24.14 15.73
24.14 15.48
25.28 15.78
25.28 15.65
25.28 15.44
25.28 15.65
25.28 15.67
24.14 15.8
24.14 15.77
25.28 16.05
25.28 15.55
25.28 15.81
24.14 15.74
24.14 16.08
25.28 15.62
24.14 15.44
25.28 15.74
24.14 15.67
25.28 15.68
25.28 15.57
25.28 15.87
25.28 15.55
24.14 15.71
24.14 15.41
25.28 15.48
25.28 15.74
25.28 15.55
24.14 15.73
25.28 15.86
25.28 15.47
25.28 15.73
24.14 15.98
25.28 15.73
25.28 15.48
25.28 15.6
25.28 15.84
25.28 15.85
25.28 15.54
25.28 15.51
25.28 16.05
25.28 15.38
25.28 15.62
25.28 15.7
25.28 15.46
25.28 15.87
25.28 15.9
25.28 15.73
24.14 15.62
25.28 15.61
25.28 15.57
25.28 15.6
25.28 15.78
24.14 15.82
25.28 15.5
25.28 15.9
25.28 15.71
25.28 15.82
25.28 15.76
25.28 15.63
25.28 15.54
25.28 15.6
25.28 15.65
25.28 15.82
25.28 15.68
24.14 15.73
26.42 15.65
25.28 15.56
25.28 15.55
25.28 15.4
25.28 15.89
25.28 15.7
25.28 15.66
25.28 15.8
25.28 15.71
25.28 15.77
24.14 15.9
25.28 15.32
25.28 15.78
25.28 15.71
25.28 15.56
25.28 16.08
25.28 16.01
25.28 15.71
25.28 15.79
25.28 15.84
25.28 15.79
25.28 15.61
25.28 15.86
25.28 15.54
25.28 15.86
25.28 15.65
25.28 15.69
25.28 15.62
25.28 15.65
25.28 16.06
24.14 15.8
25.28 15.82
25.28 15.32
25.28 15.63
25.28 15.69
25.28 15.75
24.14 15.54
26.42 15.8
25.28 15.81
25.28 15.2
25.28 15.74
25.28 15.43
25.28 15.45
25.28 15.89
25.28 15.68
26.42 15.67
25.28 15.48
25.28 15.74
25.28 15.64
25.28 15.55
25.28 15.65
25.28 15.54
25.28 15.79
25.28 15.5
25.28 15.6
26.42 15.68
25.28 15.7
25.28 15.63
25.28 15.84
25.28 15.65
24.14 15.5
25.28 15.56
25.28 15.62
25.28 15.66
26.42 15.6
25.28 15.62
25.28 15.42
26.42 15.52
25.28 15.82
25.28 15.73
25.28 15.64
25.28 15.8
25.28 15.87
25.28 15.64
25.28 15.54
25.28 15.63
25.28 15.65
25.28 15.66
25.28 15.43
25.28 15.21
24.14 15.6
25.28 15.54
25.28 15.71
26.42 15.58
25.28 15.46
25.28 15.89
25.28 15.59
25.28 15.52
25.28 15.48
25.28 15.45
25.28 15.79
25.28 15.71
25.28 15.68
25.28 15.48
25.28 15.58
26.42 15.49
25.28 15.82
25.28 15.52
25.28 15.74
24.14 15.56
25.28 15.4
25.28 15.44
25.28 15.62
25.28 15.38
25.28 15.56
25.28 15.25
25.28 15.52
26.42 15.69
26.42 15.45
25.28 15.76
25.28 15.71
25.28 16.02
25.28 15.46
25.28 15.87
25.28 15.57
25.28 15.46
25.28 15.49
25.28 15.5
25.28 15.48
25.28 15.46
25.28 15.33
25.28 15.31
25.28 15.65
25.28 15.62
25.28 15.45
26.42 15.71
25.28 15.36
25.28 15.63
25.28 15.18
25.28 15.45
25.28 15.49
25.28 15.62
25.28 15.58
25.28 15.83
25.28 15.48
25.28 15.61
26.42 15.76
25.28 15.61
26.42 15.35
25.28 15.58
26.42 15.71
26.42 15.69
25.28 15.73
26.42 15.6
25.28 15.84
25.28 15.66
25.28 15.82
25.28 15.51
25.28 15.42
25.28 15.62
26.42 15.58
25.28 15.58
25.28 15.46
26.42 15.29
26.42 15.41
26.42 15.54
26.42 15.15
25.28 15.54
25.28 15.28
25.28 15.62
25.28 15.73
25.28 15.41
25.28 15.53
26.42 15.53
25.28 15.69
25.28 15.46
26.42 15.58
26.42 15.41
25.28 15.68
25.28 15.36
25.28 15.6
26.42 15.44
25.28 15.54
26.42 15.5
25.28 15.74
25.28 15.44
26.42 15.58
25.28 15.65
25.28 15.47
26.42 15.56
25.28 15.32
26.42 15.46
25.28 15.5
25.28 15.34
26.42 15.41
25.28 15.56
25.28 15.46
25.28 15.63
26.42 15.49
25.28 15.58
25.28 15.62
25.28 15.42
25.28 15.47
26.42 15.33
26.42 15.55
26.42 15.5
26.42 15.42
25.28 15.57
26.42 15.46
25.28 15.58
26.42 15.49
26.42 15.76
26.42 15.44
25.28 15.46
26.42 15.31
26.42 15.6
25.28 15.42
26.42 15.48
26.42 15.38
25.28 15.44
26.42 15.53
26.42 15.76
26.42 15.37
26.42 15.44
26.42 15.27
25.28 15.37
26.42 15.52
25.28 15.62
26.42 15.6
25.28 15.81
25.28 15.78
26.42 15.46
25.28 15.49
25.28 15.63
26.42 15.66
26.42 15.57
26.42 15.44
25.28 15.68
26.42 15.31
26.42 15.54
26.42 15.4
26.42 15.44
25.28 15.27
25.28 15.67
26.42 15.34
25.28 15.49
26.42 15.46
26.42 15.71
26.42 15.36
26.42 15.52
26.42 15.41
26.42 15.42
25.28 15.51
26.42 15.62
26.42 15.28
26.42 15.7
26.42 15.73
25.28 15.6
25.28 15.46
26.42 15.54
25.28 15.46
27.56 15.45
26.42 15.5
26.42 15.74
25.28 15.2
25.28 15.54
26.42 15.39
25.28 15.41
25.28 15.49
25.28 15.56
26.42 15.22
26.42 15.55
25.28 15.6
26.42 15.65
26.42 15.34
26.42 15.44
25.28 15.67
26.42 15.5
26.42 15.25
26.42 15.73
26.42 15.34
25.28 15.41
26.42 15.86
25.28 15.25
26.42 15.57
25.28 15.49
26.42 15.46
25.28 15.58
26.42 15.1
25.28 15.42
26.42 15.47
26.42 15.33
26.42 15.36
26.42 15.78
26.42 15.01
25.28 15.42
25.28 15.71
25.28 15.4
26.42 15.36
26.42 15.17
26.42 15.54
26.42 15.49
26.42 15.46
26.42 15.52
26.42 15.47
26.42 15.64
26.42 15.3
26.42 15.47
26.42 15.34
26.42 15.46
26.42 15.7
25.28 15.25
26.42 15.46
25.28 15.45
26.42 15.45
26.42 15.52
26.42 15.44
26.42 15.54
26.42 15.22
26.42 15.33
26.42 15.38
26.42 15.45
26.42 15.25
26.42 15.47
26.42 15.25
26.42 15.64
26.42 15.56
25.28 15.47
26.42 15.44
25.28 15.21
25.28 15.42
26.42 15.36
26.42 15.39
26.42 15.46
26.42 15.49
26.42 15.54
26.42 15.42
26.42 15.55
25.28 15.3
26.42 15.71
25.28 15.49
26.42 15.6
26.42 15.3
26.42 15.2
26.42 15.56
26.42 15.6
26.42 15.35
26.42 15.66
26.42 15.52
26.42 15.57
26.42 15.43
26.42 15.24
27.56 15.36
26.42 15.21
26.42 15.36
26.42 15.42
26.42 15.26
26.42 15.4
26.42 15.11
26.42 15.41
25.28 15.4
26.42 15.55
26.42 15.47
26.42 15.23
26.42 15.44
26.42 15.55
25.28 15.38
26.42 15.65
25.28 15.38
26.42 15.5
26.42 15.34
26.42 15.42
26.42 15.76
26.42 15.39
26.42 15.41
26.42 15.49
26.42 15.42
27.56 15.42
26.42 15.55
26.42 15.57
25.28 15.58
26.42 15.47
26.42 15.47
26.42 15.6
26.42 15.53
26.42 15.25
26.42 15.49
26.42 15.41
26.42 15.26
26.42 15.15
26.42 15.44
27.56 15.55
27.56 15.46
26.42 15.38
26.42 15.22
26.42 15.74
25.28 15.44
25.28 15.5
25.28 15.47
27.56 15.45
26.42 15.29
26.42 15.5
26.42 15.4
26.42 15.39
26.42 15.33
26.42 15.5
26.42 15.49
26.42 15.36
26.42 15.44
26.42 15.44
26.42 15.3
27.56 15.41
26.42 15.43
26.42 15.65
27.56 15.71
26.42 15.42
26.42 15.41
26.42 15.62
26.42 15.38
26.42 15.41
27.56 15.33
27.56 15.46
26.42 15.56
27.56 15.5
26.42 15.41
27.56 15.33
26.42 15.26
26.42 15.64
27.56 15.63
26.42 15.46
26.42 15.55
26.42 15.46
26.42 15.77
26.42 15.54
26.42 15.36
26.42 15.62
26.42 15.72
26.42 15.36
26.42 15.34
26.42 15.23
26.42 15.44
26.42 15.21
26.42 15.28
26.42 15.36
27.56 15.51
26.42 15.25
26.42 15.38
26.42 15.58
27.56 15.5
26.42 15.56
26.42 15.08
26.42 15.52
26.42 15.41
26.42 15.57
26.42 15.35
26.42 15.23
26.42 15.26
26.42 15.04
26.42 15.09
27.56 15.28
26.42 15.37
26.42 15.44
26.42 15.19
26.42 15.4
26.42 15.31
26.42 15.48
26.42 15.36
26.42 15.27
26.42 15.11
26.42 15.2
26.42 15.44
27.56 15.36
27.56 15.17
27.56 15.43
26.42 15.55
26.42 15.14
26.42 15.45
26.42 15.6
26.42 15.31
27.56 15.14
27.56 15.31
26.42 15.53
26.42 15.16
26.42 15.51
27.56 15.15
26.42 15.36
26.42 15.12
26.42 15.25
26.42 15.64
26.42 15.38
27.56 15.28
26.42 15.56
26.42 15.26
26.42 15.39
26.42 15.25
26.42 15.42
27.56 15.3
26.42 15.5
26.42 15.59
26.42 15.41
27.56 15.47
27.56 15.29
27.56 15.28
26.42 14.98
26.42 15.44
26.42 15.49
26.42 15.28
25.28 15.17
26.42 15.37
26.42 15.39
27.56 15.22
27.56 15.36
26.42 15.09
27.56 15.38
26.42 15.18
26.42 15.48
26.42 15.38
26.42 15.31
27.56 15.26
26.42 15.21
26.42 15.41
27.56 15.09
27.56 14.91
27.56 15.05
26.42 15.2
26.42 15.31
26.42 15.46
27.56 15.42
26.42 15.32
26.42 15.2
26.42 15.17
26.42 15.3
27.56 15.42
26.42 15.62
26.42 15.43
27.56 15.31
26.42 15.26
26.42 15.55
27.56 15.22
26.42 15.3
26.42 15.26
27.56 15.29
27.56 15.54
26.42 15.25
26.42 15.26
27.56 15.23
26.42 15.31
27.56 15.25
26.42 15.26
27.56 15.57
26.42 15.32
27.56 15.49
26.42 15.35
27.56 15.47
27.56 15.35
26.42 15.43
27.56 15.42
27.56 15.42
27.56 15.29
26.42 15.25
27.56 15.35
26.42 15.54
26.42 15.3
27.56 15.24
27.56 15.41
26.42 15.42
27.56 15.26
27.56 15.39
26.42 15.28
26.42 15.15
26.42 15.33
26.42 15.3
27.56 15.37
27.56 15.07
26.42 15.26
27.56 15.22
26.42 15.15
27.56 15.2
27.56 15.26
26.42 15.33
26.42 15.48
27.56 15.15
27.56 15.22
27.56 15.05
27.56 15.27
26.42 15.5
26.42 14.99
26.42 15.33
27.56 15.2
26.42 15.26
27.56 15.3
27.56 15.47
27.56 15.03
26.42 15.61
27.56 15.22
26.42 15.15
27.56 15.19
27.56 15.58
27.56 15.41
27.56 15.15
27.56 15.32
27.56 15.44
27.56 15.34
27.56 15.39
27.56 15.14
26.42 15.38
26.42 15.13
27.56 15.17
26.42 15.27
26.42 15.24
27.56 15.25
26.42 15.28
27.56 15.14
27.56 15.39
26.42 15.2
27.56 15.06
26.42 15.46
27.56 15.02
27.56 15.41
27.56 15.2
27.56 15.08
27.56 15.22
26.42 15.25
26.42 15.27
26.42 15.35
27.56 15.33
27.56 15.1
26.42 15.31
27.56 15.15
26.42 15.15
27.56 15.28
26.42 15.19
27.56 15.14
26.42 15.32
27.56 15.15
26.42 15.6
26.42 15.05
26.42 15.22
26.42 15.14
27.56 15.4
27.56 15.34
26.42 15.37
26.42 15.26
27.56 15.46
27.56 15.06
27.56 15.28
27.56 15.49
27.56 15.47
26.42 15.29
26.42 15.37
27.56 15.14
26.42 15.12
27.56 15.17
26.42 15.35
27.56 14.89
27.56 15.25
27.56 15.19
26.42 15.23
27.56 15.18
27.56 15.38
26.42 15.22
27.56 15.1
26.42 15.42
26.42 15.31
27.56 15.15
26.42 15.39
26.42 15.13
26.42 15.33
27.56 15.26
27.56 15.31
26.42 15.14
26.42 15.33
26.42 15.51
26.42 15.15
27.56 15.17
27.56 15.36
27.56 15.18
27.56 15.26
27.56 15.1
27.56 14.77
26.42 15.15
26.42 14.96
27.56 15.12
26.42 15.42
26.42 15.44
27.56 15.47
27.56 15.33
27.56 15.57
27.56 15.02
27.56 15.23
27.56 15.01
27.56 15.33
27.56 15.2
26.42 15.19
27.56 15.26
27.56 15.3
26.42 14.92
27.56 15.58
27.56 15.25
27.56 15.15
27.56 15.26
27.56 15.28
27.56 15.11
27.56 15.21
27.56 15.26
27.56 14.87
27.56 15.28
27.56 15.26
27.56 15.3
27.56 15.12
27.56 15.19
27.56 15.36
27.56 15.1
27.56 15.39
27.56 15.2
27.56 14.98
26.42 15.09
27.56 15.27
27.56 15.02
27.56 15.44
27.56 15.2
27.56 15.35
27.56 15.18
27.56 15.04
27.56 15.09
27.56 15.25
28.7 15.09
27.56 15.18
27.56 15.03
27.56 15.22
27.56 15.26
27.56 15.04
27.56 15.25
27.56 15.31
27.56 15.27
27.56 15.25
27.56 15.02
27.56 15.14
27.56 15.22
27.56 15.09
27.56 15.12
27.56 15.22
27.56 15.07
27.56 15.31
27.56 15.55
27.56 15.18
27.56 15.07
27.56 15.17
27.56 15.04
27.56 15.15
27.56 15.28
26.42 15.32
27.56 15.24
27.56 15.16
27.56 15.11
27.56 15.34
27.56 15.28
27.56 15.22
26.42 15.14
27.56 15.25
27.56 15.22
27.56 15.02
27.56 14.99
27.56 15.15
27.56 15.17
27.56 15.04
27.56 15.52
27.56 15.21
27.56 15.05
27.56 15.34
27.56 15.43
27.56 15.06
27.56 15.33
27.56 15.29
27.56 15.05
27.56 15.12
26.42 15.22
27.56 15.1
27.56 14.9
27.56 15.16
27.56 15.26
27.56 15.33
27.56 15.14
27.56 15.16
27.56 15.12
27.56 15.26
27.56 15.27
27.56 15.13
26.42 14.93
27.56 15.17
27.56 15.31
27.56 15.24
26.42 15.08
27.56 15.2
27.56 15.17
27.56 15.23
27.56 15.4
27.56 15.11
27.56 15.05
27.56 15.01
27.56 15.31
27.56 15.2
27.56 15.1
27.56 14.91
27.56 15.25
26.42 15.42
27.56 14.96
27.56 14.8
27.56 15.04
27.56 15.26
26.42 15.48
27.56 15.2
27.56 14.98
27.56 15.42
27.56 15.1
27.56 15.23
27.56 15.27
27.56 15.14
27.56 15.34
26.42 15.02
27.56 15.18
27.56 15.24
28.7 15.18
27.56 15.45
27.56 15.41
27.56 15.18
28.7 15.02
27.56 15.35
28.7 15.17
27.56 15.09
27.56 15.05
27.56 15.46
28.7 15.13
26.42 15.2
27.56 15.28
27.56 15.14
27.56 15.17
27.56 15.28
27.56 15.0
27.56 14.85
27.56 15.48
27.56 15.36
27.56 15.36
27.56 15.15
27.56 15.01
27.56 15.24
27.56 15.34
27.56 15.24
27.56 15.4
27.56 15.02
27.56 15.2
27.56 15.33
27.56 15.06
27.56 15.13
27.56 15.42
27.56 15.34
26.42 14.93
27.56 15.12
27.56 15.08
27.56 15.2
27.56 15.19
27.56 15.5
27.56 15.52
27.56 14.95
27.56 15.38
27.56 15.35
27.56 15.35
27.56 15.23
27.56 15.02
27.56 15.25
27.56 15.28
27.56 15.17
27.56 15.05
27.56 15.22
27.56 15.38
27.56 15.5
27.56 15.18
27.56 15.21
27.56 15.41
27.56 15.04
27.56 14.87
28.7 15.04
27.56 14.97
27.56 15.15
27.56 15.17
27.56 15.33
28.7 14.98
27.56 15.23
27.56 15.18
28.7 14.96
27.56 15.13
27.56 15.09
27.56 15.14
28.7 15.21
27.56 15.5
27.56 15.05
27.56 15.06
27.56 15.42
28.7 15.17
27.56 14.9
27.56 15.08
27.56 15.14
27.56 14.97
27.56 15.21
28.7 15.04
27.56 15.06
27.56 15.37
28.7 15.04
27.56 15.18
28.7 15.08
27.56 15.02
27.56 14.91
28.7 15.1
27.56 15.0
27.56 15.34
27.56 15.21
27.56 15.14
27.56 15.31
27.56 14.99
27.56 15.09
28.7 15.29
27.56 14.79
28.7 15.04
27.56 15.03
27.56 15.13
27.56 14.9
27.56 15.18
27.56 15.15
27.56 15.31
27.56 15.14
27.56 14.99
27.56 15.1
27.56 14.94
27.56 15.24
28.7 15.34
27.56 14.96
27.56 15.16
28.7 15.52
27.56 15.07
27.56 14.87
27.56 15.04
27.56 15.41
27.56 15.02
27.56 15.31
27.56 15.03
27.56 15.06
27.56 15.1
28.7 15.05
27.56 14.94
27.56 15.18
28.7 14.93
27.56 15.2
27.56 15.08
28.7 15.12
28.7 15.17
27.56 15.09
27.56 15.24
27.56 15.23
27.56 14.87
27.56 15.01
28.7 15.35
27.56 15.09
28.7 14.93
28.7 14.77
27.56 15.19
28.7 15.06
27.56 15.07
27.56 15.14
27.56 15.34
27.56 15.26
27.56 14.86
27.56 14.92
28.7 15.18
27.56 15.31
27.56 14.98
28.7 15.1
28.7 15.14
27.56 14.89
27.56 15.1
27.56 14.91
27.56 15.22
27.56 15.24
28.7 14.96
27.56 15.04
27.56 15.12
28.7 14.8
28.7 14.94
27.56 15.15
28.7 14.86
27.56 15.38
28.7 15.41
28.7 15.06
28.7 15.28
27.56 15.34
28.7 14.89
27.56 14.94
27.56 15.15
27.56 15.14
27.56 15.06
27.56 14.88
28.7 14.88
27.56 15.49
27.56 14.94
27.56 15.21
28.7 15.06
28.7 15.2
27.56 15.12
27.56 15.14
27.56 15.17
27.56 15.14
27.56 15.1
28.7 15.07
28.7 14.97
27.56 15.28
27.56 15.16
28.7 15.06
28.7 14.98
28.7 15.17
28.7 15.02
27.56 14.82
27.56 15.31
27.56 15.22
27.56 14.83
27.56 14.98
27.56 15.22
28.7 15.07
27.56 14.94
28.7 14.97
27.56 15.09
28.7 14.89
27.56 15.0
27.56 15.02
28.7 15.21
28.7 15.39
28.7 14.92
27.56 14.94
28.7 15.07
27.56 15.0
28.7 15.09
27.56 15.12
28.7 15.03
27.56 14.99
27.56 14.73
28.7 14.94
27.56 15.04
28.7 15.32
27.56 15.04
28.7 14.91
27.56 14.94
28.7 14.82
27.56 14.95
28.7 14.91
28.7 15.4
27.56 14.98
28.7 14.92
28.7 15.08
28.7 15.23
28.7 14.93
28.7 14.98
27.56 14.98
28.7 14.75
27.56 14.96
28.7 14.85
27.56 15.08
28.7 15.1
28.7 15.08
27.56 14.85
28.7 14.85
28.7 14.81
27.56 15.29
28.7 14.89
27.56 15.1
27.56 15.17
28.7 14.93
28.7 15.06
27.56 14.99
28.7 14.87
28.7 15.0
27.56 14.94
27.56 14.9
28.7 15.04
27.56 15.01
27.56 15.04
28.7 14.9
28.7 14.88
27.56 15.01
28.7 14.84
27.56 15.22
28.7 15.04
27.56 15.04
28.7 14.79
28.7 15.3
28.7 14.92
28.7 15.32
27.56 15.0
28.7 14.87
27.56 14.81
28.7 14.87
27.56 14.98
27.56 15.1
27.56 14.68
28.7 15.1
27.56 14.96
28.7 14.99
28.7 15.0
28.7 15.19
28.7 14.9
27.56 14.96
27.56 15.04
27.56 14.88
28.7 14.55
28.7 15.06
28.7 14.74
28.7 15.15
28.7 15.09
28.7 15.17
28.7 15.06
28.7 14.96
27.56 14.72
27.56 15.12
28.7 14.84
28.7 14.97
28.7 14.69
29.84 14.93
28.7 14.6
28.7 15.15
28.7 14.89
28.7 14.93
28.7 15.16
28.7 15.02
28.7 14.99
28.7 15.14
27.56 14.91
28.7 15.12
27.56 14.93
28.7 14.99
27.56 14.94
28.7 14.94
28.7 14.75
27.56 14.91
28.7 14.94
28.7 14.96
27.56 14.96
28.7 15.12
28.7 14.98
28.7 15.12
28.7 14.75
28.7 14.96
28.7 15.12
27.56 14.8
27.56 15.04
28.7 14.9
28.7 15.04
28.7 15.07
28.7 14.87
27.56 14.9
28.7 15.16
27.56 14.83
27.56 14.87
28.7 14.91
28.7 14.93
28.7 15.17
28.7 15.07
27.56 14.93
27.56 15.09
28.7 15.06
28.7 14.95
27.56 14.96
28.7 15.05
28.7 14.72
27.56 14.89
28.7 14.74
28.7 14.77
28.7 14.81
28.7 14.96
28.7 14.93
28.7 14.71
28.7 15.07
27.56 15.04
28.7 14.99
28.7 15.16
28.7 14.89
28.7 14.93
28.7 15.08
28.7 14.9
28.7 14.83
28.7 14.94
28.7 15.01
28.7 14.9
28.7 15.15
28.7 15.03
28.7 14.94
28.7 15.03
27.56 15.16
28.7 14.82
28.7 14.96
27.56 14.87
28.7 14.98
28.7 14.89
28.7 14.85
28.7 14.79
28.7 14.99
28.7 14.71
27.56 14.85
28.7 15.06
28.7 15.01
28.7 15.03
28.7 15.22
28.7 14.99
28.7 15.03
28.7 14.79
28.7 14.9
27.56 14.88
28.7 15.13
28.7 15.02
28.7 15.09
28.7 15.0
28.7 14.99
28.7 14.73
27.56 14.61
27.56 14.83
28.7 14.83
28.7 14.96
28.7 15.12
28.7 14.94
28.7 14.93
28.7 14.86
27.56 15.11
28.7 14.98
27.56 15.02
28.7 15.08
28.7 14.7
28.7 15.02
28.7 14.99
28.7 14.98
28.7 14.9
28.7 15.01
28.7 14.81
28.7 14.9
28.7 14.99
28.7 14.7
27.56 15.05
28.7 14.94
28.7 15.04
28.7 14.98
28.7 14.67
28.7 14.85
28.7 15.09
28.7 15.01
28.7 14.8
28.7 15.14
28.7 14.81
28.7 14.78
28.7 15.04
28.7 14.92
28.7 14.97
28.7 15.04
28.7 15.09
28.7 14.75
28.7 14.93
28.7 14.95
28.7 14.91
28.7 15.01
28.7 14.8
29.84 14.91
28.7 15.09
28.7 15.44
28.7 15.07
28.7 14.75
28.7 14.83
28.7 14.63
28.7 14.87
28.7 14.74
28.7 15.07
28.7 14.88
28.7 15.04
28.7 14.69
28.7 14.77
28.7 14.98
28.7 15.0
28.7 14.76
28.7 14.98
28.7 15.01
28.7 14.79
28.7 15.06
28.7 14.99
28.7 15.16
28.7 15.01
28.7 15.06
28.7 15.08
28.7 15.06
28.7 14.94
28.7 14.9
28.7 15.11
28.7 14.82
28.7 15.02
28.7 14.74
28.7 15.2
28.7 14.92
28.7 15.04
28.7 14.85
28.7 15.04
28.7 14.77
28.7 15.24
28.7 14.96
28.7 15.02
28.7 14.99
28.7 14.82
28.7 15.04
28.7 14.95
28.7 14.8
28.7 14.81
28.7 14.82
28.7 14.96
28.7 15.07
28.7 14.9
28.7 14.96
28.7 15.19
28.7 14.82
29.84 15.13
28.7 14.96
28.7 14.91
28.7 14.88
28.7 15.2
28.7 15.0
28.7 14.91
28.7 15.0
29.84 14.82
28.7 14.72
28.7 15.12
28.7 14.99
28.7 15.09
28.7 14.82
28.7 14.93
28.7 14.92
28.7 14.97
29.84 14.91
28.7 14.87
28.7 15.0
28.7 15.14
28.7 14.83
28.7 15.11
28.7 14.92
28.7 15.04
28.7 14.82
28.7 14.79
28.7 14.98
28.7 15.28
28.7 14.9
27.56 14.96
28.7 15.12
28.7 14.75
27.56 15.01
28.7 14.91
28.7 14.71
28.7 14.72
28.7 14.82
29.84 14.98
28.7 14.71
28.7 14.91
27.56 14.87
28.7 15.12
29.84 15.24
29.84 15.11
29.84 15.07
28.7 14.87
28.7 15.17
28.7 14.83
28.7 14.89
28.7 15.23
28.7 15.12
28.7 14.99
28.7 14.61
28.7 15.28
28.7 15.01
28.7 14.73
28.7 14.73
28.7 14.91
28.7 14.81
28.7 14.82
28.7 14.89
28.7 14.93
28.7 14.93
28.7 15.12
29.84 15.14
29.84 14.64
28.7 15.01
29.84 14.95
28.7 14.89
28.7 14.95
28.7 15.02
28.7 14.88
28.7 14.73
28.7 14.97
28.7 14.9
28.7 14.91
28.7 14.92
29.84 15.12
28.7 15.1
29.84 14.95
28.7 14.75
28.7 14.99
27.56 14.85
29.84 14.95
28.7 15.01
28.7 14.86
28.7 14.77
28.7 14.88
28.7 14.79
28.7 14.86
28.7 14.99
28.7 14.75
28.7 15.11
28.7 14.87
29.84 14.93
29.84 14.97
28.7 14.85
28.7 15.04
28.7 14.84
28.7 14.86
28.7 14.82
29.84 14.83
28.7 14.85
28.7 14.77
29.84 15.05
28.7 14.85
28.7 14.74
28.7 14.93
28.7 14.86
28.7 14.83
28.7 14.83
29.84 14.88
28.7 14.58
28.7 14.85
28.7 15.08
29.84 14.82
28.7 14.87
29.84 15.1
28.7 14.96
29.84 14.82
28.7 14.77
29.84 15.01
29.84 14.85
28.7 15.03
29.84 14.95
28.7 14.82
29.84 15.14
29.84 15.1
28.7 15.09
29.84 15.11
28.7 15.02
28.7 14.8
28.7 14.79
29.84 15.22
28.7 14.86
28.7 14.79
28.7 14.85
28.7 14.75
28.7 14.96
28.7 14.83
28.7 14.96
28.7 14.79
28.7 14.98
28.7 14.51
29.84 14.94
29.84 14.92
28.7 15.04
28.7 14.82
28.7 14.93
28.7 15.07
28.7 14.88
28.7 15.07
29.84 14.9
29.84 14.83
28.7 14.56
28.7 15.07
29.84 15.01
29.84 14.76
28.7 14.71
28.7 14.9
28.7 14.88
28.7 14.96
28.7 15.06
28.7 14.96
29.84 14.94
29.84 14.98
29.84 14.72
28.7 14.96
28.7 15.14
28.7 14.89
29.84 14.98
28.7 14.8
29.84 15.19
29.84 14.74
29.84 14.86
29.84 14.84
28.7 15.09
28.7 14.83
28.7 14.63
28.7 14.94
28.7 14.89
28.7 15.04
29.84 14.87
29.84 14.66
29.84 14.82
28.7 14.96
28.7 15.1
28.7 15.18
28.7 15.15
28.7 14.88
29.84 15.23
29.84 14.83
28.7 14.98
28.7 14.85
28.7 14.75
29.84 14.93
28.7 14.9
28.7 15.04
28.7 14.94
29.84 14.71
28.7 14.56
28.7 14.77
29.84 15.25
29.84 14.95
28.7 14.83
29.84 15.01
28.7 14.97
28.7 14.92
28.7 14.86
28.7 14.88
29.84 14.63
28.7 14.88
28.7 14.78
29.84 14.5
28.7 14.65
28.7 14.79
29.84 14.85
28.7 15.01
28.7 14.79
29.84 14.96
29.84 14.79
29.84 15.01
28.7 14.78
28.7 14.64
29.84 14.64
29.84 14.59
29.84 14.77
29.84 14.68
28.7 14.84
28.7 14.69
29.84 14.66
29.84 14.96
28.7 14.77
29.84 14.91
29.84 14.78
29.84 14.9
29.84 14.87
28.7 14.8
29.84 14.69
28.7 14.72
29.84 14.9
29.84 14.74
29.84 14.65
28.7 14.6
28.7 14.64
29.84 15.0
28.7 14.69
29.84 14.52
28.7 14.86
29.84 14.99
29.84 14.74
28.7 14.82
29.84 14.96
29.84 14.74
28.7 14.82
29.84 14.8
28.7 14.57
28.7 14.74
29.84 15.0
29.84 14.58
29.84 14.75
29.84 15.18
28.7 14.88
29.84 14.96
28.7 14.53
28.7 14.71
29.84 14.8
28.7 15.01
29.84 14.64
29.84 15.09
29.84 14.91
28.7 14.93
29.84 14.76
29.84 14.69
29.84 14.51
28.7 14.82
28.7 14.83
28.7 14.66
29.84 15.04
28.7 15.11
29.84 14.84
28.7 14.8
29.84 14.81
28.7 14.76
28.7 14.75
29.84 14.96
29.84 14.72
28.7 14.87
28.7 14.86
28.7 14.73
29.84 15.02
28.7 14.69
29.84 14.53
29.84 14.61
28.7 14.47
29.84 14.82
29.84 14.53
29.84 14.64
28.7 14.48
28.7 14.87
28.7 14.88
29.84 14.74
29.84 14.64
28.7 14.69
28.7 14.8
28.7 14.62
28.7 14.75
28.7 14.6
28.7 14.66
29.84 14.8
29.84 14.91
29.84 14.63
28.7 14.57
29.84 14.74
29.84 14.88
29.84 14.61
28.7 15.01
28.7 14.77
29.84 14.65
28.7 14.81
29.84 14.91
28.7 14.96
28.7 15.07
28.7 14.91
28.7 14.71
28.7 14.8
29.84 14.57
28.7 14.63
29.84 14.95
29.84 14.56
28.7 14.75
28.7 14.55
28.7 14.67
29.84 14.74
29.84 14.92
29.84 14.71
28.7 14.71
29.84 14.83
29.84 14.79
29.84 14.55
28.7 14.86
28.7 14.75
28.7 14.61
28.7 14.98
29.84 14.74
29.84 14.67
29.84 14.73
29.84 14.62
28.7 14.42
29.84 14.9
29.84 15.09
28.7 14.54
29.84 14.89
29.84 14.8
28.7 14.66
29.84 14.6
29.84 14.66
29.84 14.75
29.84 14.63
29.84 14.58
29.84 14.88
29.84 14.58
29.84 14.63
29.84 14.67
29.84 14.83
29.84 14.72
29.84 14.59
29.84 14.7
28.7 14.84
28.7 14.58
29.84 14.66
29.84 14.74
29.84 14.63
29.84 14.61
28.7 14.58
29.84 14.45
29.84 15.04
29.84 14.93
28.7 14.69
28.7 14.63
29.84 14.72
29.84 14.97
29.84 14.74
29.84 14.98
29.84 15.16
29.84 14.75
29.84 14.85
28.7 14.93
29.84 14.84
29.84 14.83
29.84 14.69
29.84 14.61
29.84 14.34
29.84 14.59
29.84 14.55
29.84 14.52
29.84 14.66
29.84 14.75
29.84 14.97
29.84 14.63
29.84 14.64
29.84 14.79
28.7 14.53
29.84 14.83
29.84 14.83
29.84 14.88
29.84 14.88
29.84 15.06
29.84 15.12
29.84 14.64
29.84 14.75
29.84 14.93
29.84 14.85
29.84 14.74
28.7 14.65
29.84 14.77
29.84 14.87
29.84 14.72
29.84 14.63
29.84 14.5
29.84 14.91
29.84 14.61
29.84 14.89
29.84 15.0
29.84 14.86
29.84 14.75
29.84 14.79
29.84 14.93
29.84 14.75
30.98 14.65
30.98 14.69
29.84 14.59
29.84 14.66
29.84 14.53
29.84 14.43
29.84 14.5
29.84 14.92
28.7 14.8
29.84 14.64
29.84 14.92
29.84 14.75
29.84 14.75
29.84 14.67
29.84 14.57
29.84 14.71
29.84 14.71
29.84 14.93
29.84 14.77
29.84 14.76
29.84 15.03
29.84 14.85
29.84 14.75
28.7 14.45
29.84 14.83
29.84 14.48
29.84 14.51
29.84 14.59
29.84 14.62
29.84 14.7
29.84 14.67
29.84 14.63
29.84 14.86
29.84 14.59
29.84 14.72
29.84 14.91
28.7 14.79
29.84 14.5
29.84 14.72
29.84 14.32
29.84 14.64
29.84 14.8
29.84 14.72
29.84 14.74
28.7 14.69
29.84 14.82
29.84 14.83
29.84 14.72
29.84 14.69
29.84 14.95
29.84 14.63
28.7 14.68
29.84 14.88
29.84 14.71
29.84 14.88
29.84 14.83
29.84 14.67
29.84 15.12
29.84 14.6
29.84 14.63
29.84 14.8
29.84 14.32
29.84 14.59
28.7 14.74
29.84 14.67
29.84 14.71
29.84 14.67
29.84 14.71
29.84 14.61
29.84 14.73
29.84 14.69
29.84 14.66
29.84 14.93
29.84 14.61
29.84 14.86
29.84 14.71
30.98 14.8
29.84 14.77
29.84 14.8
29.84 14.71
29.84 14.56
29.84 14.71
29.84 14.61
29.84 15.15
29.84 14.45
29.84 14.68
29.84 14.5
29.84 14.91
29.84 14.87
29.84 14.69
28.7 14.51
29.84 14.63
29.84 14.44
29.84 14.89
29.84 14.67
29.84 14.77
28.7 14.71
29.84 14.62
29.84 14.82
29.84 14.69
29.84 14.53
29.84 15.02
29.84 14.99
29.84 14.48
29.84 14.8
29.84 14.77
29.84 14.87
29.84 14.65
29.84 14.61
29.84 14.78
29.84 14.67
29.84 14.71
29.84 14.52
29.84 14.59
29.84 14.7
29.84 14.96
29.84 14.53
29.84 14.9
29.84 14.87
29.84 14.92
29.84 14.71
29.84 14.97
29.84 14.66
29.84 14.9
29.84 14.64
30.98 14.9
29.84 14.6
29.84 14.63
29.84 14.96
29.84 14.67
29.84 14.89
29.84 14.58
29.84 14.85
28.7 14.99
29.84 14.66
29.84 14.67
29.84 14.95
29.84 14.86
29.84 14.57
28.7 14.71
29.84 14.93
29.84 14.7
29.84 14.59
28.7 14.47
29.84 14.93
29.84 15.08
29.84 14.76
29.84 14.75
29.84 14.57
29.84 14.63
29.84 14.85
28.7 14.78
29.84 14.89
28.7 14.67
28.7 14.99
29.84 14.43
29.84 14.85
29.84 14.85
29.84 14.66
29.84 14.51
29.84 14.6
29.84 14.56
29.84 14.75
29.84 14.28
29.84 14.6
29.84 14.77
29.84 14.85
29.84 14.71
29.84 14.84
29.84 14.59
28.7 14.76
29.84 14.79
29.84 14.83
29.84 14.69
29.84 14.71
28.7 14.83
28.7 14.77
28.7 14.59
29.84 14.68
30.98 14.83
29.84 14.54
29.84 15.05
29.84 14.81
29.84 14.61
28.7 14.85
29.84 14.84
29.84 14.42
29.84 14.66
29.84 14.88
29.84 14.53
29.84 14.75
29.84 14.98
29.84 14.64
29.84 14.62
29.84 14.79
29.84 14.48
29.84 14.43
29.84 14.56
29.84 14.79
29.84 14.7
29.84 14.55
29.84 14.8
30.98 14.53
29.84 14.87
29.84 14.77
29.84 14.73
29.84 14.82
29.84 14.95
29.84 14.88
30.98 14.6
29.84 14.59
29.84 14.66
30.98 14.72
29.84 14.98
29.84 14.76
29.84 14.91
29.84 14.75
29.84 14.8
29.84 14.84
29.84 14.92
29.84 14.83
30.98 14.74
29.84 14.79
29.84 14.67
29.84 14.94
30.98 14.87
29.84 14.83
30.98 14.9
29.84 14.91
29.84 14.64
29.84 15.12
30.98 14.74
29.84 14.74
29.84 14.63
29.84 14.72
29.84 14.64
30.98 14.7
30.98 14.71
29.84 14.63
29.84 14.87
29.84 14.71
29.84 14.55
29.84 14.78
29.84 14.66
29.84 14.84
29.84 14.67
29.84 14.77
29.84 14.56
29.84 14.42
29.84 14.72
30.98 14.63
29.84 14.71
29.84 14.4
30.98 14.57
30.98 14.9
29.84 14.53
29.84 14.62
29.84 14.63
29.84 14.72
29.84 14.54
29.84 14.64
29.84 14.48
29.84 14.5
29.84 14.79
29.84 14.5
29.84 14.6
29.84 14.73
29.84 14.75
29.84 14.72
29.84 14.74
29.84 14.74
29.84 14.56
29.84 14.53
29.84 14.91
29.84 14.5
29.84 14.79
29.84 14.72
29.84 14.76
29.84 14.76
29.84 14.56
29.84 14.61
30.98 14.67
29.84 14.71
29.84 14.78
29.84 14.74
29.84 14.83
29.84 14.5
29.84 14.85
29.84 14.76
29.84 14.52
29.84 14.76
29.84 14.46
29.84 14.69
29.84 14.74
29.84 14.82
29.84 14.64
29.84 14.72
29.84 14.65
29.84 14.72
30.98 14.55
30.98 14.89
29.84 14.61
29.84 14.66
29.84 14.69
29.84 14.98
29.84 14.56
29.84 15.09
30.98 14.55
30.98 14.76
29.84 14.6
29.84 14.97
29.84 14.94
29.84 14.68
29.84 14.99
29.84 14.6
29.84 14.55
30.98 14.62
29.84 14.74
30.98 14.61
29.84 14.78
29.84 15.1
29.84 14.67
29.84 14.87
29.84 14.86
29.84 14.78
29.84 14.73
28.7 14.5
29.84 14.73
30.98 14.56
29.84 14.63
29.84 14.74
29.84 15.01
30.98 14.55
29.84 14.69
30.98 14.75
29.84 14.59
29.84 14.65
29.84 14.39
29.84 14.64
29.84 14.64
29.84 14.74
29.84 14.67
29.84 14.69
30.98 14.84
29.84 14.71
29.84 14.77
29.84 15.01
29.84 14.59
29.84 14.58
29.84 14.53
29.84 14.69
29.84 14.67
29.84 14.54
29.84 14.59
29.84 14.5
29.84 14.84
29.84 14.61
29.84 14.77
30.98 14.63
29.84 14.46
29.84 14.58
29.84 14.69
29.84 14.58
29.84 14.77
29.84 14.46
30.98 14.6
29.84 14.63
29.84 14.54
30.98 14.67
29.84 14.82
29.84 14.57
30.98 14.82
29.84 14.76
29.84 14.81
30.98 14.87
29.84 14.45
29.84 14.52
29.84 14.5
29.84 14.96
29.84 14.88
30.98 14.75
29.84 14.76
30.98 14.56
29.84 14.7
29.84 14.47
29.84 14.69
29.84 14.58
29.84 14.74
30.98 14.66
29.84 14.66
29.84 14.5
29.84 14.74
29.84 14.7
29.84 15.05
29.84 14.69
30.98 14.39
29.84 14.75
29.84 14.57
29.84 14.62
29.84 14.63
29.84 14.71
29.84 14.87
30.98 14.67
29.84 14.86
30.98 14.8
30.98 14.74
29.84 14.79
30.98 14.71
29.84 14.58
30.98 14.63
29.84 14.5
29.84 14.51
29.84 14.8
29.84 14.61
29.84 14.88
29.84 14.7
29.84 14.57
30.98 14.57
29.84 14.79
29.84 14.63
29.84 14.74
29.84 14.63
29.84 14.89
29.84 14.99
29.84 14.81
29.84 14.69
29.84 14.63
29.84 14.77
29.84 14.63
29.84 14.52
29.84 14.74
30.98 14.77
30.98 14.53
29.84 14.48
29.84 14.63
29.84 14.58
29.84 14.67
29.84 14.74
29.84 14.7
29.84 14.78
29.84 14.71
29.84 14.75
29.84 14.52
29.84 14.59
29.84 14.47
29.84 14.65
29.84 14.61
29.84 14.45
29.84 14.8
29.84 14.57
29.84 14.96
29.84 14.67
30.98 14.55
29.84 14.58
30.98 14.98
30.98 14.69
29.84 14.31
30.98 14.62
29.84 14.76
29.84 14.66
30.98 14.6
29.84 14.67
29.84 14.58
29.84 14.63
30.98 14.59
29.84 14.51
29.84 14.24
29.84 14.72
30.98 14.72
30.98 14.83
29.84 14.54
29.84 14.62
30.98 14.74
29.84 14.77
29.84 14.43
30.98 14.43
29.84 14.48
29.84 14.8
30.98 14.45
30.98 14.57
29.84 14.34
29.84 14.95
30.98 14.65
29.84 14.53
30.98 14.58
30.98 14.84
29.84 14.69
29.84 14.47
30.98 14.68
30.98 14.64
30.98 14.7
30.98 14.71
29.84 14.85
29.84 14.59
30.98 14.49
29.84 14.72
29.84 14.75
29.84 14.47
29.84 14.9
30.98 14.44
30.98 14.8
29.84 14.85
29.84 14.83
29.84 14.37
29.84 14.71
29.84 14.37
29.84 14.83
30.98 14.59
30.98 14.62
29.84 14.49
29.84 14.49
29.84 14.83
29.84 14.77
29.84 14.7
29.84 14.44
29.84 14.82
29.84 14.99
29.84 14.71
29.84 14.68
29.84 14.72
29.84 14.72
29.84 14.27
29.84 14.66
29.84 14.52
29.84 14.96
30.98 14.45
29.84 14.59
30.98 14.62
30.98 14.75
29.84 14.51
29.84 14.32
30.98 14.37
29.84 14.91
29.84 14.72
30.98 14.5
29.84 14.91
29.84 14.59
29.84 14.43
29.84 14.59
29.84 14.85
29.84 14.62
30.98 14.86
29.84 14.65
30.98 14.58
30.98 14.56
30.98 14.64
29.84 14.58
29.84 14.55
29.84 14.5
30.98 14.64
29.84 14.83
29.84 14.61
29.84 14.42
29.84 14.56
29.84 14.66
29.84 14.76
30.98 14.59
29.84 14.75
29.84 14.66
29.84 14.57
29.84 14.67
30.98 14.55
29.84 14.76
29.84 14.71
29.84 14.58
30.98 14.39
30.98 14.66
29.84 14.43
30.98 14.4
30.98 14.3
29.84 14.79
29.84 14.79
29.84 14.57
29.84 14.44
29.84 14.48
29.84 14.58
30.98 14.72
30.98 14.53
30.98 14.69
29.84 14.87
30.98 14.64
30.98 14.78
29.84 14.67
29.84 14.18
30.98 14.35
29.84 14.4
29.84 14.6
29.84 14.39
29.84 14.45
30.98 14.37
29.84 14.59
29.84 14.18
29.84 14.65
29.84 14.71
29.84 14.47
30.98 14.51
29.84 14.48
29.84 14.53
29.84 14.53
29.84 14.34
30.98 14.56
29.84 14.75
29.84 14.67
30.98 14.4
30.98 14.69
30.98 14.48
29.84 14.62
30.98 14.54
30.98 14.82
30.98 14.77
29.84 14.65
29.84 14.64
30.98 14.54
29.84 14.54
29.84 14.25
29.84 14.65
29.84 14.6
29.84 14.21
29.84 14.51
30.98 14.75
29.84 14.96
30.98 14.79
29.84 14.11
30.98 14.53
29.84 14.64
30.98 14.53
29.84 14.42
29.84 14.82
30.98 14.45
29.84 14.74
30.98 14.53
30.98 14.75
30.98 14.61
29.84 14.5
29.84 14.46
30.98 14.64
29.84 14.53
29.84 14.45
30.98 14.27
29.84 14.42
29.84 14.48
30.98 14.66
30.98 14.67
30.98 14.66
30.98 14.61
29.84 14.52
30.98 14.55
29.84 14.23
29.84 14.59
30.98 14.39
30.98 14.79
29.84 14.82
30.98 14.46
30.98 14.66
29.84 14.53
30.98 14.56
30.98 14.64
29.84 14.7
30.98 14.23
29.84 14.59
30.98 14.67
30.98 14.42
30.98 14.4
30.98 14.41
29.84 14.56
29.84 14.31
29.84 14.66
29.84 14.38
29.84 14.4
30.98 14.35
30.98 14.56
29.84 14.62
29.84 14.62
30.98 14.27
30.98 14.31
29.84 14.56
30.98 14.67
29.84 14.56
29.84 14.29
29.84 14.41
30.98 14.5
30.98 14.47
30.98 14.42
29.84 14.58
30.98 14.62
30.98 14.4
29.84 14.36
30.98 14.26
30.98 14.23
30.98 14.4
29.84 14.77
30.98 14.74
30.98 14.66
29.84 14.34
29.84 14.27
30.98 14.08
29.84 14.63
30.98 14.71
30.98 14.45
29.84 14.56
30.98 14.51
30.98 14.58
29.84 14.46
30.98 14.77
29.84 14.4
29.84 14.75
30.98 14.61
30.98 14.61
30.98 14.21
29.84 14.46
30.98 14.67
29.84 14.78
29.84 14.41
30.98 14.52
30.98 14.33
30.98 14.46
30.98 14.5
29.84 14.51
30.98 14.58
30.98 14.39
29.84 14.93
30.98 14.69
29.84 14.41
30.98 14.48
30.98 14.69
29.84 14.42
30.98 14.5
30.98 14.07
30.98 14.69
30.98 14.53
30.98 14.52
30.98 14.45
30.98 14.71
30.98 14.44
30.98 14.59
30.98 14.55
30.98 14.57
30.98 14.5
30.98 14.59
30.98 14.51
29.84 14.51
30.98 14.25
30.98 14.5
29.84 14.63
30.98 14.58
30.98 14.5
30.98 14.5
29.84 14.63
29.84 14.58
29.84 14.43
30.98 14.69
30.98 14.56
29.84 14.67
30.98 14.81
30.98 14.5
29.84 14.59
29.84 14.59
30.98 14.63
30.98 14.18
30.98 14.75
30.98 14.39
30.98 14.49
29.84 14.39
30.98 14.6
30.98 14.42
30.98 14.49
29.84 14.56
30.98 14.43
30.98 14.68
30.98 14.54
29.84 14.62
30.98 14.43
30.98 14.4
29.84 14.5
30.98 14.55
30.98 14.55
30.98 14.54
30.98 14.58
30.98 14.62
30.98 14.51
30.98 14.35
30.98 14.15
30.98 14.61
30.98 14.48
30.98 14.24
29.84 14.24
30.98 14.46
30.98 14.43
29.84 14.64
30.98 14.53
30.98 14.53
30.98 14.45
30.98 14.47
30.98 14.27
30.98 14.51
32.12 14.52
30.98 14.45
30.98 14.6
30.98 14.15
30.98 14.26
30.98 14.16
30.98 14.42
30.98 14.54
30.98 14.37
29.84 14.69
29.84 14.5
29.84 14.72
30.98 14.61
30.98 14.58
29.84 14.58
30.98 14.59
29.84 14.42
30.98 14.35
30.98 14.27
30.98 14.39
30.98 14.59
29.84 14.63
30.98 14.76
30.98 14.35
29.84 14.27
30.98 14.56
30.98 14.67
29.84 14.7
30.98 14.32
30.98 14.34
29.84 14.64
30.98 14.66
29.84 14.47
30.98 14.25
30.98 14.59
30.98 14.54
30.98 14.55
30.98 14.72
29.84 14.3
30.98 14.67
30.98 14.07
30.98 14.47
30.98 14.31
29.84 14.35
29.84 14.26
30.98 14.77
30.98 14.45
30.98 14.37
30.98 14.5
30.98 14.87
30.98 14.64
29.84 14.83
30.98 14.52
30.98 14.46
30.98 14.63
30.98 14.72
30.98 14.36
30.98 14.42
30.98 14.48
30.98 14.58
30.98 14.83
30.98 14.64
29.84 14.53
30.98 14.27
30.98 14.4
30.98 14.67
30.98 14.55
32.12 14.44
30.98 14.47
30.98 14.39
29.84 14.66
30.98 14.47
30.98 14.34
29.84 14.45
30.98 14.24
30.98 14.66
30.98 14.61
30.98 14.74
30.98 14.61
30.98 14.19
29.84 14.64
30.98 14.58
30.98 14.47
30.98 14.61
30.98 14.21
30.98 14.4
30.98 14.33
30.98 14.51
30.98 14.23
30.98 14.53
30.98 14.5
30.98 14.45
30.98 14.5
30.98 14.52
30.98 14.56
30.98 14.64
30.98 14.42
30.98 14.59
30.98 14.23
30.98 14.45
30.98 14.69
30.98 14.46
30.98 14.52
30.98 14.62
30.98 14.49
30.98 14.35
30.98 14.34
30.98 14.63
30.98 14.42
30.98 14.64
30.98 14.43
30.98 14.29
30.98 14.48
30.98 14.41
29.84 14.5
32.12 14.29
30.98 14.51
30.98 14.66
30.98 14.21
29.84 14.56
29.84 14.45
30.98 14.58
30.98 14.36
30.98 14.33
30.98 14.33
30.98 14.31
30.98 14.35
30.98 14.39
30.98 14.55
30.98 14.47
30.98 14.33
30.98 14.43
30.98 14.13
30.98 14.42
30.98 14.39
30.98 14.51
30.98 14.4
30.98 14.61
30.98 14.43
30.98 14.54
29.84 14.53
29.84 14.43
30.98 14.43
30.98 14.46
30.98 14.49
30.98 14.35
32.12 14.37
30.98 14.47
30.98 14.49
30.98 14.31
30.98 14.48
30.98 14.61
30.98 14.35
30.98 14.4
30.98 14.54
30.98 14.5
30.98 14.57
30.98 14.59
30.98 14.21
30.98 14.51
30.98 14.39
30.98 14.66
30.98 14.6
30.98 14.36
30.98 14.25
30.98 14.42
29.84 14.55
30.98 14.23
30.98 14.36
30.98 14.8
30.98 14.29
30.98 14.56
30.98 14.56
30.98 14.37
30.98 14.48
30.98 14.37
30.98 14.45
30.98 14.4
30.98 14.63
30.98 14.34
30.98 14.55
30.98 14.27
30.98 14.34
30.98 14.5
30.98 14.71
30.98 14.59
30.98 14.48
30.98 14.56
32.12 14.53
30.98 14.37
30.98 14.4
30.98 14.23
30.98 14.62
30.98 14.6
29.84 14.47
30.98 14.41
30.98 14.67
30.98 14.44
30.98 14.57
30.98 14.35
30.98 14.78
30.98 14.57
29.84 14.45
30.98 14.7
29.84 14.51
30.98 14.52
30.98 14.39
30.98 14.61
32.12 14.4
30.98 14.61
30.98 14.33
30.98 14.51
30.98 14.25
30.98 14.35
30.98 14.53
30.98 14.45
29.84 14.27
29.84 14.67
30.98 14.45
30.98 14.31
30.98 14.37
30.98 14.41
30.98 14.64
32.12 14.53
30.98 14.5
32.12 14.54
30.98 14.78
29.84 14.6
30.98 14.47
30.98 14.43
30.98 14.29
30.98 14.25
30.98 14.42
30.98 14.43
30.98 14.62
29.84 14.43
30.98 14.39
30.98 14.47
30.98 14.48
30.98 14.44
30.98 14.51
30.98 14.19
30.98 14.56
30.98 14.45
30.98 14.48
30.98 14.5
30.98 14.26
30.98 14.7
30.98 14.64
30.98 14.48
29.84 14.38
30.98 14.47
30.98 14.52
30.98 14.48
30.98 14.5
30.98 14.39
30.98 14.58
30.98 14.76
30.98 14.18
30.98 14.35
30.98 14.48
30.98 14.29
30.98 14.42
30.98 14.43
30.98 14.59
30.98 14.71
30.98 14.53
30.98 14.41
30.98 14.49
30.98 14.47
32.12 14.37
32.12 14.35
30.98 14.48
30.98 14.44
30.98 14.37
30.98 14.48
30.98 14.61
29.84 14.14
30.98 14.37
30.98 14.37
30.98 14.64
30.98 14.59
30.98 14.22
30.98 14.48
30.98 14.45
30.98 14.55
30.98 14.56
30.98 14.59
30.98 14.68
30.98 14.42
30.98 14.54
30.98 14.41
30.98 14.31
30.98 14.44
30.98 14.47
32.12 14.6
30.98 14.58
30.98 14.59
30.98 14.39
30.98 14.56
29.84 14.44
30.98 14.43
30.98 14.57
30.98 14.53
30.98 14.52
29.84 14.72
30.98 14.47
29.84 14.23
30.98 14.64
30.98 14.53
30.98 14.4
30.98 14.47
30.98 14.81
30.98 14.48
30.98 14.56
30.98 14.64
30.98 14.26
30.98 14.42
29.84 14.48
30.98 14.39
30.98 14.58
30.98 14.61
30.98 14.34
30.98 14.58
30.98 14.33
30.98 14.34
30.98 14.37
30.98 14.51
29.84 14.32
30.98 14.34
30.98 14.55
30.98 14.5
30.98 14.11
30.98 14.37
30.98 14.26
30.98 14.88
30.98 14.53
30.98 14.69
32.12 14.71
30.98 14.5
30.98 14.45
30.98 14.31
30.98 14.39
30.98 14.74
30.98 14.47
30.98 14.33
32.12 14.4
29.84 14.21
30.98 14.66
30.98 14.65
30.98 14.26
30.98 14.37
30.98 14.59
30.98 14.45
30.98 14.61
30.98 14.09
30.98 14.34
30.98 14.51
30.98 14.29
30.98 14.66
30.98 14.36
30.98 14.45
30.98 14.43
30.98 14.51
30.98 14.51
30.98 14.65
30.98 14.52
30.98 14.47
30.98 14.54
32.12 14.45
30.98 14.43
30.98 14.32
30.98 14.82
30.98 14.55
30.98 14.49
30.98 14.4
30.98 14.31
30.98 14.54
30.98 14.61
29.84 14.43
30.98 14.51
30.98 14.37
30.98 14.63
30.98 14.36
32.12 14.67
32.12 14.52
30.98 14.66
30.98 14.48
30.98 14.31
30.98 14.43
30.98 14.39
32.12 14.38
30.98 14.62
30.98 14.31
32.12 14.42
32.12 14.38
30.98 14.53
30.98 14.73
30.98 14.64
30.98 14.39
32.12 14.45
30.98 14.46
30.98 14.43
30.98 14.63
30.98 14.43
30.98 14.45
30.98 14.61
30.98 14.61
30.98 14.69
30.98 14.53
30.98 14.64
30.98 14.38
30.98 14.46
30.98 14.43
30.98 14.38
30.98 14.5
32.12 14.34
32.12 14.61
30.98 14.5
30.98 14.42
30.98 14.25
30.98 14.5
30.98 14.62
30.98 14.66
30.98 14.45
32.12 14.34
30.98 14.56
30.98 14.67
30.98 14.21
30.98 14.42
30.98 14.61
30.98 14.4
30.98 14.24
32.12 14.67
30.98 14.51
30.98 14.43
30.98 14.49
30.98 14.51
32.12 14.58
30.98 14.42
30.98 14.35
30.98 14.47
30.98 14.53
30.98 14.37
30.98 14.35
30.98 14.58
30.98 14.39
30.98 14.31
30.98 14.34
30.98 14.22
30.98 14.24
30.98 14.4
30.98 14.4
32.12 14.43
30.98 14.09
30.98 14.26
30.98 14.26
30.98 14.42
30.98 14.51
30.98 14.44
30.98 14.46
30.98 14.27
30.98 14.13
30.98 14.46
30.98 14.27
30.98 14.32
32.12 14.19
30.98 14.41
32.12 14.4
30.98 14.49
30.98 14.45
30.98 14.44
30.98 14.27
30.98 14.5
30.98 14.11
30.98 14.56
30.98 14.51
30.98 14.37
30.98 14.43
32.12 14.46
30.98 14.31
30.98 14.26
30.98 14.44
30.98 14.64
30.98 14.35
30.98 14.32
30.98 14.45
30.98 14.6
32.12 14.24
32.12 14.27
32.12 14.51
32.12 14.42
30.98 14.58
32.12 14.4
32.12 14.54
32.12 14.53
30.98 14.23
30.98 14.21
30.98 14.4
30.98 14.49
30.98 14.52
30.98 14.53
30.98 14.51
32.12 14.91
30.98 14.43
30.98 14.44
30.98 14.54
30.98 14.47
30.98 14.4
30.98 14.39
30.98 14.56
30.98 14.63
30.98 14.34
32.12 14.55
30.98 14.56
30.98 14.35
30.98 14.51
30.98 14.35
32.12 14.18
30.98 14.44
30.98 14.4
32.12 14.53
30.98 14.65
30.98 14.27
30.98 14.5
30.98 14.49
30.98 14.42
30.98 14.63
32.12 14.32
30.98 14.47
30.98 14.48
30.98 14.51
30.98 14.26
30.98 14.62
30.98 14.5
30.98 14.4
30.98 14.46
30.98 14.27
32.12 14.35
30.98 14.44
30.98 14.51
32.12 14.35
30.98 14.43
30.98 14.36
30.98 14.44
30.98 14.65
29.84 14.48
32.12 14.5
30.98 14.33
30.98 14.38
30.98 14.56
30.98 14.51
30.98 14.61
30.98 14.75
30.98 14.29
32.12 14.74
30.98 14.15
30.98 14.54
30.98 14.43
30.98 14.48
30.98 14.61
30.98 14.34
32.12 14.41
30.98 14.61
30.98 14.61
32.12 14.47
30.98 14.67
30.98 14.56
30.98 14.05
30.98 14.58
30.98 14.61
32.12 14.5
30.98 14.45
30.98 14.51
30.98 14.45
32.12 14.53
32.12 14.75
30.98 14.39
30.98 14.4
30.98 14.55
30.98 14.41
30.98 14.47
29.84 14.34
30.98 14.87
30.98 14.5
30.98 14.39
30.98 14.38
30.98 14.63
32.12 14.17
30.98 14.62
30.98 14.42
30.98 14.27
30.98 14.55
32.12 14.31
30.98 14.5
30.98 14.56
32.12 14.54
30.98 14.5
32.12 14.3
30.98 14.43
30.98 14.61
30.98 14.24
32.12 14.61
30.98 14.55
30.98 14.54
30.98 14.66
32.12 14.39
30.98 14.19
32.12 14.26
30.98 14.21
30.98 14.35
32.12 14.53
30.98 14.31
30.98 14.26
32.12 14.6
32.12 14.23
30.98 14.48
30.98 14.44
32.12 14.4
30.98 14.71
32.12 14.36
32.12 14.63
32.12 14.46
30.98 14.31
30.98 14.59
30.98 14.39
32.12 14.18
30.98 14.45
30.98 14.51
30.98 14.5
30.98 14.4
30.98 14.39
30.98 14.31
32.12 14.39
29.84 14.66
30.98 14.46
30.98 14.4
30.98 14.24
30.98 14.39
32.12 14.18
30.98 14.3
32.12 14.5
30.98 14.31
30.98 14.34
30.98 14.46
30.98 14.3
30.98 14.19
30.98 14.56
32.12 14.55
30.98 14.4
30.98 14.14
30.98 14.45
30.98 14.59
30.98 14.15
32.12 14.31
30.98 14.41
32.12 14.35
30.98 14.44
30.98 14.24
30.98 13.99
30.98 14.41
30.98 14.56
30.98 14.18
30.98 14.42
30.98 14.44
32.12 14.37
30.98 14.09
30.98 14.28
32.12 14.48
30.98 14.27
30.98 14.26
30.98 14.13
32.12 14.67
30.98 14.28
30.98 14.4
30.98 14.45
32.12 14.37
30.98 14.23
32.12 14.11
30.98 14.35
30.98 14.4
30.98 14.3
30.98 14.59
30.98 14.42
30.98 14.37
32.12 14.3
30.98 14.5
30.98 14.4
30.98 14.67
30.98 14.2
30.98 14.47
32.12 14.31
32.12 14.18
32.12 14.27
30.98 14.54
32.12 14.38
30.98 14.48
30.98 14.39
30.98 14.14
30.98 14.82
30.98 14.27
30.98 14.53
30.98 14.59
30.98 14.28
30.98 14.41
32.12 14.45
32.12 14.61
30.98 14.31
30.98 14.43
32.12 14.25
30.98 14.58
32.12 14.39
30.98 14.3
30.98 14.35
32.12 14.56
32.12 14.13
32.12 14.46
30.98 14.29
30.98 14.44
30.98 14.14
32.12 14.29
30.98 14.55
30.98 14.51
30.98 14.51
32.12 14.45
32.12 14.26
32.12 14.65
32.12 14.15
32.12 14.3
32.12 14.32
32.12 14.42
30.98 14.2
32.12 14.51
30.98 14.4
32.12 14.45
30.98 14.57
32.12 14.29
30.98 14.45
30.98 14.59
32.12 14.32
30.98 14.17
32.12 14.32
32.12 14.43
30.98 14.77
30.98 14.45
32.12 14.39
32.12 14.07
30.98 14.43
32.12 14.53
30.98 14.41
30.98 14.27
32.12 14.31
32.12 14.45
32.12 14.42
30.98 14.31
30.98 14.35
30.98 14.56
32.12 14.31
32.12 14.33
30.98 14.18
30.98 14.39
30.98 14.4
32.12 14.45
32.12 14.43
32.12 14.53
30.98 14.45
32.12 13.97
30.98 14.39
32.12 14.22
30.98 14.21
30.98 14.37
30.98 14.43
32.12 14.54
30.98 14.22
30.98 14.58
30.98 14.31
32.12 14.24
32.12 14.19
32.12 14.61
32.12 14.55
30.98 14.36
30.98 14.54
32.12 14.34
30.98 14.39
32.12 14.18
30.98 14.72
30.98 14.47
32.12 14.42
32.12 14.35
30.98 14.07
30.98 14.41
32.12 14.06
30.98 14.37
30.98 14.24
30.98 14.33
32.12 14.56
32.12 14.25
32.12 14.59
32.12 14.13
30.98 14.31
32.12 14.55
30.98 14.63
32.12 14.37
30.98 14.24
30.98 14.64
30.98 14.58
32.12 14.24
30.98 14.05
30.98 14.47
30.98 14.21
32.12 14.56
32.12 14.55
30.98 14.55
30.98 14.52
30.98 14.18
32.12 14.28
30.98 14.38
32.12 14.23
30.98 14.29
32.12 14.35
32.12 14.23
32.12 14.32
30.98 14.26
30.98 14.64
30.98 14.35
32.12 14.34
32.12 14.46
30.98 14.24
32.12 14.51
32.12 14.4
30.98 14.46
30.98 14.62
30.98 14.08
30.98 14.36
32.12 14.23
32.12 14.37
32.12 14.37
32.12 14.36
32.12 14.56
30.98 14.34
32.12 14.21
32.12 14.37
30.98 14.56
32.12 14.47
30.98 14.42
32.12 14.31
32.12 14.27
32.12 14.02
30.98 14.46
30.98 14.39
30.98 14.31
30.98 14.18
32.12 14.51
30.98 14.39
30.98 14.15
30.98 14.39
32.12 14.41
30.98 14.3
30.98 14.48
32.12 14.11
32.12 14.45
30.98 14.32
32.12 14.22
32.12 14.42
32.12 14.39
30.98 14.69
30.98 14.63
30.98 14.29
30.98 14.34
32.12 14.24
32.12 14.6
32.12 14.29
30.98 14.64
32.12 14.54
32.12 14.19
30.98 14.03
30.98 14.21
32.12 14.55
30.98 14.37
32.12 14.22
32.12 14.51
32.12 14.29
30.98 14.29
32.12 14.23
32.12 14.34
32.12 14.53
30.98 14.38
32.12 14.47
30.98 14.55
32.12 14.22
30.98 14.21
30.98 14.26
30.98 14.36
32.12 14.32
30.98 14.47
30.98 14.12
32.12 14.36
32.12 14.1
30.98 14.32
32.12 14.11
30.98 14.16
30.98 14.55
30.98 14.39
32.12 14.19
32.12 14.22
30.98 14.4
32.12 14.23
32.12 13.96
32.12 14.23
32.12 14.14
30.98 14.12
32.12 14.31
32.12 14.37
32.12 14.47
30.98 14.41
32.12 14.31
32.12 14.4
32.12 14.37
32.12 14.58
30.98 14.5
32.12 14.53
30.98 14.5
30.98 14.28
32.12 14.58
32.12 13.87
30.98 14.42
32.12 14.11
32.12 14.21
32.12 14.45
30.98 14.31
30.98 14.3
30.98 14.46
32.12 14.21
32.12 14.35
32.12 14.5
30.98 14.23
32.12 14.29
30.98 14.47
32.12 14.33
32.12 14.54
32.12 14.27
32.12 14.36
32.12 14.32
32.12 14.38
32.12 14.05
32.12 14.24
30.98 14.53
30.98 14.32
32.12 14.15
32.12 14.53
30.98 14.45
30.98 14.53
32.12 14.27
32.12 14.41
30.98 14.26
30.98 14.21
32.12 14.24
30.98 14.18
32.12 14.31
30.98 14.13
30.98 14.21
32.12 14.47
32.12 14.43
32.12 14.43
32.12 14.36
32.12 14.29
32.12 14.28
32.12 14.29
30.98 14.21
30.98 14.32
32.12 14.38
32.12 14.53
30.98 14.54
32.12 14.59
32.12 14.48
30.98 14.34
32.12 14.04
30.98 14.49
30.98 14.21
32.12 13.95
30.98 14.29
32.12 14.15
32.12 14.36
30.98 14.22
30.98 13.99
32.12 14.04
32.12 14.43
32.12 14.07
30.98 13.89
30.98 14.16
32.12 14.39
32.12 14.22
32.12 14.35
32.12 14.64
30.98 14.48
30.98 14.56
30.98 14.26
32.12 14.2
30.98 14.43
32.12 14.5
32.12 14.16
30.98 14.63
32.12 14.07
32.12 14.06
30.98 13.96
32.12 14.26
32.12 14.55
32.12 14.01
30.98 14.23
32.12 14.18
30.98 14.03
32.12 14.37
32.12 14.22
32.12 14.23
32.12 14.08
30.98 14.27
30.98 14.23
32.12 14.21
32.12 14.43
32.12 14.23
32.12 14.03
32.12 14.42
32.12 14.35
32.12 14.07
32.12 14.13
32.12 14.45
32.12 14.16
32.12 14.17
30.98 14.28
32.12 14.49
32.12 14.31
32.12 14.33
32.12 14.41
30.98 14.39
32.12 14.11
32.12 14.21
32.12 14.23
32.12 14.45
32.12 14.55
32.12 14.42
32.12 14.16
30.98 14.49
32.12 14.39
30.98 14.43
32.12 14.12
32.12 14.37
32.12 14.25
32.12 14.21
30.98 14.11
30.98 14.07
32.12 14.1
32.12 14.27
32.12 14.19
32.12 14.45
30.98 13.97
30.98 14.07
30.98 14.64
30.98 14.5
30.98 14.26
32.12 14.12
32.12 14.16
30.98 14.31
30.98 14.32
32.12 14.39
32.12 14.26
32.12 14.22
32.12 14.03
32.12 14.54
32.12 14.09
32.12 13.98
30.98 14.25
30.98 14.17
32.12 14.67
32.12 14.23
32.12 14.07
32.12 14.16
32.12 14.32
32.12 14.11
32.12 14.38
32.12 14.47
32.12 14.0
30.98 14.29
32.12 13.98
32.12 14.33
32.12 14.18
30.98 14.21
32.12 14.19
32.12 14.16
32.12 14.1
32.12 14.31
32.12 14.28
32.12 14.15
32.12 14.28
32.12 14.21
32.12 14.16
32.12 14.11
32.12 14.0
32.12 14.37
32.12 14.19
32.12 14.43
32.12 14.32
30.98 14.24
32.12 14.14
30.98 14.16
32.12 14.18
32.12 14.14
32.12 14.03
32.12 14.07
32.12 14.43
32.12 14.13
32.12 14.34
30.98 14.02
32.12 14.1
30.98 13.97
30.98 14.29
30.98 14.57
30.98 14.4
30.98 14.35
32.12 13.87
32.12 14.44
30.98 13.86
32.12 14.37
32.12 14.25
32.12 14.25
32.12 14.42
32.12 14.4
32.12 14.46
30.98 14.2
30.98 14.11
32.12 14.26
32.12 14.34
32.12 14.15
32.12 14.28
32.12 14.1
30.98 14.02
32.12 14.1
32.12 14.28
32.12 14.44
32.12 14.32
32.12 14.52
32.12 14.49
32.12 14.02
32.12 14.11
30.98 14.34
32.12 14.42
32.12 14.74
30.98 14.11
32.12 14.5
32.12 14.17
32.12 14.34
30.98 14.3
32.12 14.38
32.12 14.29
32.12 14.64
32.12 14.28
32.12 14.32
32.12 14.42
32.12 14.21
30.98 14.27
32.12 14.27
32.12 14.09
32.12 14.24
32.12 14.2
32.12 14.08
30.98 14.07
32.12 14.23
32.12 14.35
32.12 14.39
32.12 14.11
32.12 14.19
32.12 14.23
32.12 14.18
32.12 13.71
32.12 14.04
32.12 14.2
30.98 14.47
32.12 14.32
32.12 14.21
32.12 14.31
30.98 14.23
32.12 14.31
32.12 14.11
32.12 14.53
32.12 14.27
30.98 14.36
30.98 14.43
32.12 14.42
30.98 14.31
32.12 14.19
32.12 14.15
32.12 14.27
32.12 14.25
32.12 14.48
32.12 14.08
32.12 14.08
32.12 14.26
32.12 14.37
32.12 14.37
30.98 14.12
32.12 14.13
32.12 14.32
32.12 14.13
32.12 14.21
32.12 14.05
32.12 14.41
32.12 14.32
30.98 14.56
32.12 14.15
32.12 14.13
32.12 14.13
32.12 14.5
30.98 14.2
32.12 14.18
32.12 14.3
33.26 14.43
30.98 14.43
32.12 14.29
32.12 14.27
32.12 14.0
30.98 14.03
32.12 14.21
32.12 14.29
32.12 14.22
32.12 13.95
32.12 14.43
32.12 14.24
32.12 14.06
32.12 14.15
30.98 14.24
32.12 14.18
32.12 14.64
32.12 14.23
32.12 14.28
32.12 14.33
32.12 14.29
32.12 14.14
32.12 14.36
32.12 14.37
32.12 14.28
30.98 14.1
32.12 14.27
30.98 14.12
32.12 14.25
32.12 14.41
30.98 14.07
32.12 14.53
30.98 14.16
32.12 14.21
32.12 14.03
32.12 14.13
32.12 14.48
30.98 14.19
32.12 14.16
32.12 14.46
32.12 14.23
32.12 13.89
32.12 14.27
32.12 14.05
30.98 14.02
32.12 14.24
32.12 14.19
32.12 14.34
32.12 14.37
32.12 14.37
30.98 14.29
32.12 14.05
32.12 14.34
32.12 13.95
32.12 14.2
32.12 14.29
32.12 14.29
32.12 13.98
30.98 14.27
32.12 14.02
32.12 14.05
32.12 14.32
32.12 13.92
32.12 14.44
30.98 14.2
32.12 14.1
30.98 14.08
32.12 14.13
32.12 14.11
30.98 13.99
30.98 14.15
32.12 14.19
32.12 14.08
30.98 14.1
32.12 14.23
32.12 14.37
32.12 14.48
32.12 14.23
30.98 14.34
32.12 14.01
30.98 14.4
30.98 14.19
32.12 14.08
30.98 14.29
32.12 14.18
32.12 14.48
30.98 14.17
30.98 14.03
32.12 14.28
32.12 14.1
32.12 14.19
32.12 14.43
32.12 14.15
30.98 14.29
32.12 14.15
30.98 14.27
32.12 14.19
30.98 14.3
32.12 14.29
32.12 14.12
32.12 14.45
30.98 14.16
32.12 14.21
32.12 14.36
32.12 14.25
32.12 14.24
32.12 14.28
30.98 14.43
32.12 14.24
30.98 14.43
30.98 14.21
32.12 14.36
32.12 14.47
32.12 14.1
30.98 14.26
30.98 14.25
30.98 14.32
32.12 14.08
30.98 14.35
32.12 14.1
30.98 14.07
32.12 14.02
30.98 14.02
30.98 14.11
32.12 14.29
30.98 14.21
32.12 14.4
32.12 14.27
32.12 14.35
32.12 14.23
32.12 14.01
32.12 14.21
32.12 14.26
32.12 14.56
32.12 14.05
32.12 14.24
32.12 14.07
32.12 14.16
32.12 14.27
32.12 14.17
32.12 14.19
32.12 14.15
32.12 14.37
32.12 14.23
32.12 14.39
32.12 14.08
32.12 14.2
32.12 14.13
32.12 14.41
32.12 14.17
32.12 14.39
30.98 14.11
32.12 14.31
32.12 14.29
32.12 14.03
32.12 13.75
32.12 14.18
32.12 14.55
32.12 14.18
32.12 14.53
32.12 14.24
32.12 14.29
32.12 14.16
32.12 14.48
32.12 14.23
32.12 14.34
32.12 14.13
32.12 14.18
32.12 14.45
32.12 14.29
32.12 14.42
32.12 14.21
32.12 14.12
32.12 14.24
32.12 14.24
30.98 14.01
32.12 14.27
32.12 14.29
32.12 14.13
32.12 14.24
32.12 14.11
32.12 14.27
32.12 14.32
32.12 14.05
32.12 14.23
32.12 14.39
32.12 13.98
32.12 14.35
32.12 14.48
33.26 14.14
32.12 14.29
32.12 14.3
32.12 14.02
33.26 14.31
32.12 14.15
32.12 14.36
32.12 14.29
32.12 14.43
32.12 14.23
32.12 14.21
32.12 14.37
30.98 13.92
32.12 14.29
32.12 14.25
30.98 14.34
30.98 14.43
32.12 14.34
30.98 14.28
32.12 14.13
32.12 14.28
32.12 14.4
32.12 14.17
32.12 14.22
32.12 14.19
32.12 14.14
32.12 13.91
30.98 14.04
32.12 14.15
32.12 14.33
32.12 14.37
32.12 14.16
32.12 14.15
30.98 14.04
32.12 14.1
32.12 14.19
32.12 14.29
32.12 14.24
32.12 14.15
32.12 14.27
32.12 14.07
32.12 14.27
32.12 14.34
32.12 14.04
32.12 14.21
32.12 13.99
32.12 14.41
32.12 14.35
32.12 14.31
32.12 14.11
32.12 14.1
32.12 14.21
30.98 14.08
32.12 14.13
32.12 14.2
30.98 14.22
32.12 14.45
32.12 14.43
32.12 13.91
32.12 14.11
32.12 14.15
32.12 14.38
32.12 14.3
32.12 14.23
32.12 14.09
32.12 14.02
32.12 14.22
32.12 14.23
32.12 14.13
32.12 14.29
32.12 14.29
32.12 14.24
33.26 14.31
32.12 14.42
32.12 14.48
32.12 14.33
30.98 13.97
32.12 14.28
32.12 14.21
32.12 14.32
30.98 14.09
32.12 14.27
32.12 14.21
32.12 14.57
32.12 14.31
30.98 14.19
32.12 14.35
30.98 14.14
32.12 14.19
32.12 14.27
32.12 14.17
32.12 14.26
32.12 14.43
32.12 14.34
32.12 14.18
32.12 14.09
32.12 14.01
32.12 14.3
32.12 14.22
30.98 14.27
32.12 14.39
32.12 14.13
32.12 14.25
32.12 14.16
32.12 14.16
32.12 13.97
32.12 14.16
32.12 14.35
32.12 13.97
30.98 14.2
30.98 14.27
32.12 14.28
30.98 13.98
32.12 14.15
32.12 14.41
32.12 13.99
32.12 14.35
32.12 14.37
32.12 14.53
32.12 14.21
32.12 13.84
30.98 14.47
32.12 13.97
30.98 14.07
33.26 14.15
32.12 14.34
32.12 14.1
32.12 14.29
32.12 14.38
32.12 14.19
32.12 14.22
32.12 14.31
32.12 14.19
30.98 14.13
32.12 14.26
32.12 14.23
32.12 14.4
32.12 14.03
33.26 14.03
32.12 14.06
32.12 14.44
32.12 14.33
32.12 14.3
33.26 14.34
32.12 13.79
32.12 13.99
32.12 14.31
32.12 14.35
32.12 14.07
32.12 14.21
32.12 14.41
32.12 14.23
32.12 14.32
32.12 14.26
32.12 14.17
33.26 14.16
32.12 14.37
32.12 14.34
32.12 14.33
32.12 14.07
32.12 14.14
32.12 14.29
32.12 14.31
32.12 14.23
32.12 13.94
32.12 14.15
32.12 14.37
32.12 14.35
32.12 14.23
33.26 14.27
33.26 14.42
32.12 14.14
32.12 14.19
32.12 14.03
32.12 14.18
32.12 14.15
32.12 14.28
32.12 14.32
32.12 14.35
32.12 14.13
32.12 14.19
32.12 14.21
32.12 14.21
32.12 14.1
32.12 14.26
32.12 13.98
32.12 14.32
32.12 14.11
32.12 14.24
32.12 14.26
32.12 14.37
32.12 14.28
32.12 14.23
32.12 14.19
32.12 14.17
32.12 14.21
32.12 14.22
32.12 14.26
32.12 13.89
32.12 14.34
32.12 14.14
32.12 14.19
32.12 14.16
32.12 14.11
30.98 14.16
32.12 14.02
32.12 14.03
32.12 14.3
30.98 14.12
32.12 14.02
32.12 14.13
32.12 14.15
32.12 14.16
32.12 14.13
32.12 14.33
32.12 14.39
32.12 14.34
32.12 14.25
32.12 14.11
32.12 14.05
32.12 13.86
33.26 14.29
32.12 14.21
32.12 14.3
32.12 14.19
32.12 14.13
32.12 14.27
32.12 14.15
32.12 14.0
32.12 14.31
32.12 14.19
32.12 14.03
32.12 14.35
32.12 14.15
32.12 14.21
32.12 14.31
32.12 14.27
32.12 14.07
32.12 14.15
32.12 14.29
32.12 14.38
32.12 14.41
32.12 14.1
32.12 14.16
32.12 14.1
32.12 14.26
33.26 14.18
32.12 14.11
32.12 14.29
32.12 14.37
33.26 14.31
33.26 14.1
32.12 14.34
32.12 14.11
32.12 14.19
32.12 14.16
32.12 14.14
32.12 14.04
32.12 14.28
32.12 14.16
32.12 14.33
32.12 14.27
32.12 14.15
32.12 14.29
32.12 14.29
32.12 14.1
30.98 14.51
32.12 14.13
32.12 14.11
32.12 14.24
32.12 14.18
30.98 14.21
32.12 14.21
30.98 14.33
32.12 14.11
32.12 14.25
32.12 14.29
32.12 13.97
32.12 14.26
32.12 14.15
32.12 14.22
32.12 14.3
32.12 14.24
33.26 14.12
32.12 14.23
32.12 14.32
32.12 14.14
30.98 14.19
32.12 14.27
32.12 14.13
32.12 14.11
32.12 14.18
32.12 14.33
32.12 14.24
32.12 14.25
32.12 14.26
32.12 14.15
32.12 14.33
32.12 14.31
32.12 14.21
33.26 14.08
32.12 14.35
33.26 14.38
32.12 14.42
32.12 14.25
32.12 14.06
32.12 14.4
32.12 14.16
32.12 14.1
33.26 14.2
32.12 14.3
32.12 14.07
32.12 14.24
32.12 14.42
32.12 14.13
32.12 14.1
32.12 14.29
32.12 14.0
30.98 14.15
32.12 14.37
32.12 14.45
32.12 14.15
32.12 14.03
30.98 14.12
32.12 14.02
32.12 14.48
32.12 14.03
32.12 14.39
32.12 14.26
32.12 14.24
32.12 13.92
32.12 14.1
32.12 14.16
33.26 14.38
32.12 14.34
33.26 13.94
32.12 14.35
32.12 14.18
32.12 14.26
32.12 14.1
32.12 14.21
32.12 14.37
32.12 14.27
32.12 14.27
32.12 14.32
32.12 14.51
32.12 14.33
32.12 13.86
32.12 14.05
32.12 14.23
32.12 14.16
32.12 13.94
33.26 14.37
32.12 14.48
32.12 14.03
32.12 14.22
32.12 14.22
32.12 13.99
32.12 14.04
30.98 14.2
32.12 14.24
32.12 14.3
32.12 14.13
32.12 13.95
32.12 14.23
32.12 14.13
32.12 14.4
32.12 14.29
32.12 14.24
32.12 14.21
32.12 14.13
32.12 14.59
32.12 14.42
32.12 14.17
32.12 14.05
32.12 13.94
32.12 14.17
32.12 14.24
32.12 14.31
32.12 14.44
32.12 14.14
33.26 14.23
32.12 13.94
32.12 14.29
32.12 14.27
32.12 14.18
32.12 14.16
32.12 13.99
32.12 14.5
32.12 14.14
33.26 14.42
32.12 14.1
32.12 14.19
32.12 14.19
32.12 14.15
32.12 14.25
32.12 14.26
32.12 14.03
32.12 14.16
32.12 14.03
32.12 14.16
32.12 14.26
33.26 14.31
32.12 14.37
32.12 14.17
32.12 14.18
32.12 14.34
