38.96 654640.0
37.82 654660.0
37.82 654680.0
37.82 654700.0
37.82 654720.0
37.82 654740.0
37.82 654760.0
37.82 654780.0
37.82 654800.0
37.82 654820.0
37.82 654840.0
37.82 654860.0
37.82 654880.0
37.82 654900.0
37.82 654920.0
37.82 654940.0
37.82 654960.0
37.82 654980.0
37.82 655000.0
37.82 655020.0
37.82 655040.0
38.96 655060.0
38.96 655080.0
37.82 655100.0
37.82 655120.0
37.82 655140.0
37.82 655160.0
37.82 655180.0
37.82 655200.0
37.82 655220.0
37.82 655240.0
38.96 655260.0
37.82 655280.0
37.82 655300.0
37.82 655320.0
37.82 655340.0
37.82 655360.0
37.82 655380.0
37.82 655400.0
37.82 655420.0
37.82 655440.0
37.82 655460.0
37.82 655480.0
37.82 655500.0
37.82 655520.0
37.82 655540.0
37.82 655560.0
37.82 655580.0
37.82 655600.0
37.82 655620.0
37.82 655640.0
37.82 655660.0
37.82 655680.0
37.82 655700.0
37.82 655720.0
37.82 655740.0
37.82 655760.0
37.82 655780.0
37.82 655800.0
37.82 655820.0
38.96 655840.0
38.96 655860.0
37.82 655880.0
37.82 655900.0
37.82 655920.0
37.82 655940.0
37.82 655960.0
37.82 655980.0
37.82 656000.0
37.82 656020.0
37.82 656040.0
37.82 656060.0
37.82 656080.0
38.96 656100.0
38.96 656120.0
37.82 656140.0
37.82 656160.0
37.82 656180.0
37.82 656200.0
37.82 656220.0
37.82 656240.0
37.82 656260.0
37.82 656280.0
38.96 656300.0
37.82 656320.0
37.82 656340.0
37.82 656360.0
37.82 656380.0
37.82 656400.0
37.82 656420.0
38.96 656440.0
37.82 656460.0
37.82 656480.0
38.96 656500.0
37.82 656520.0
38.96 656540.0
37.82 656560.0
37.82 656580.0
37.82 656600.0
37.82 656620.0
37.82 656640.0
37.82 656660.0
37.82 656680.0
37.82 656700.0
37.82 656720.0
37.82 656740.0
37.82 656760.0
37.82 656780.0
38.96 656800.0
37.82 656820.0
38.96 656840.0
37.82 656860.0
37.82 656880.0
37.82 656900.0
37.82 656920.0
38.96 656940.0
37.82 656960.0
37.82 656980.0
37.82 657000.0
37.82 657020.0
37.82 657040.0
37.82 657060.0
37.82 657080.0
37.82 657100.0
37.82 657120.0
37.82 657140.0
37.82 657160.0
37.82 657180.0
37.82 657200.0
37.82 657220.0
37.82 657240.0
37.82 657260.0
37.82 657280.0
37.82 657300.0
37.82 657320.0
37.82 657340.0
37.82 657360.0
37.82 657380.0
37.82 657400.0
37.82 657420.0
38.96 657440.0
37.82 657460.0
38.96 657480.0
37.82 657500.0
37.82 657520.0
37.82 657540.0
37.82 657560.0
37.82 657580.0
37.82 657600.0
37.82 657620.0
37.82 657640.0
37.82 657660.0
37.82 657680.0
37.82 657700.0
37.82 657720.0
37.82 657740.0
37.82 657760.0
37.82 657780.0
37.82 657800.0
37.82 657820.0
37.82 657840.0
38.96 657860.0
37.82 657880.0
37.82 657900.0
37.82 657920.0
38.96 657940.0
37.82 657960.0
37.82 657980.0
37.82 658000.0
37.82 658020.0
37.82 658040.0
37.82 658060.0
37.82 658080.0
37.82 658100.0
37.82 658120.0
38.96 658140.0
37.82 658160.0
37.82 658180.0
38.96 658200.0
37.82 658220.0
38.96 658240.0
37.82 658260.0
37.82 658280.0
38.96 658300.0
37.82 658320.0
37.82 658340.0
37.82 658360.0
37.82 658380.0
37.82 658400.0
37.82 658420.0
37.82 658440.0
37.82 658460.0
37.82 658480.0
38.96 658500.0
37.82 658520.0
37.82 658540.0
37.82 658560.0
37.82 658580.0
37.82 658600.0
36.68 658620.0
37.82 658640.0
37.82 658660.0
37.82 658680.0
37.82 658700.0
37.82 658720.0
37.82 658740.0
37.82 658760.0
37.82 658780.0
37.82 658800.0
37.82 658820.0
37.82 658840.0
37.82 658860.0
37.82 658880.0
37.82 658900.0
37.82 658920.0
37.82 658940.0
37.82 658960.0
37.82 658980.0
37.82 659000.0
37.82 659020.0
37.82 659040.0
37.82 659060.0
37.82 659080.0
37.82 659100.0
37.82 659120.0
37.82 659140.0
37.82 659160.0
37.82 659180.0
37.82 659200.0
37.82 659220.0
37.82 659240.0
37.82 659260.0
37.82 659280.0
38.96 659300.0
37.82 659320.0
37.82 659340.0
38.96 659360.0
37.82 659380.0
37.82 659400.0
37.82 659420.0
37.82 659440.0
37.82 659460.0
37.82 659480.0
37.82 659500.0
37.82 659520.0
37.82 659540.0
37.82 659560.0
37.82 659580.0
37.82 659600.0
37.82 659620.0
37.82 659640.0
37.82 659660.0
37.82 659680.0
37.82 659700.0
37.82 659720.0
37.82 659740.0
37.82 659760.0
37.82 659780.0
37.82 659800.0
37.82 659820.0
37.82 659840.0
37.82 659860.0
37.82 659880.0
37.82 659900.0
37.82 659920.0
37.82 659940.0
37.82 659960.0
37.82 659980.0
36.68 660000.0
37.82 660020.0
37.82 660040.0
37.82 660060.0
37.82 660080.0
37.82 660100.0
38.96 660120.0
37.82 660140.0
37.82 660160.0
37.82 660180.0
38.96 660200.0
37.82 660220.0
37.82 660240.0
37.82 660260.0
37.82 660280.0
37.82 660300.0
37.82 660320.0
37.82 660340.0
37.82 660360.0
37.82 660380.0
37.82 660400.0
37.82 660420.0
37.82 660440.0
37.82 660460.0
37.82 660480.0
38.96 660500.0
37.82 660520.0
37.82 660540.0
37.82 660560.0
38.96 660580.0
37.82 660600.0
37.82 660620.0
37.82 660640.0
37.82 660660.0
38.96 660680.0
37.82 660700.0
38.96 660720.0
37.82 660740.0
37.82 660760.0
37.82 660780.0
37.82 660800.0
37.82 660820.0
37.82 660840.0
37.82 660860.0
37.82 660880.0
37.82 660900.0
37.82 660920.0
37.82 660940.0
37.82 660960.0
37.82 660980.0
38.96 661000.0
37.82 661020.0
37.82 661040.0
38.96 661060.0
37.82 661080.0
37.82 661100.0
37.82 661120.0
37.82 661140.0
37.82 661160.0
37.82 661180.0
37.82 661200.0
37.82 661220.0
37.82 661240.0
38.96 661260.0
37.82 661280.0
37.82 661300.0
37.82 661320.0
37.82 661340.0
37.82 661360.0
36.68 661380.0
37.82 661400.0
37.82 661420.0
37.82 661440.0
37.82 661460.0
37.82 661480.0
37.82 661500.0
37.82 661520.0
37.82 661540.0
37.82 661560.0
37.82 661580.0
37.82 661600.0
37.82 661620.0
37.82 661640.0
37.82 661660.0
37.82 661680.0
37.82 661700.0
37.82 661720.0
37.82 661740.0
37.82 661760.0
37.82 661780.0
37.82 661800.0
37.82 661820.0
37.82 661840.0
37.82 661860.0
37.82 661880.0
37.82 661900.0
37.82 661920.0
37.82 661940.0
37.82 661960.0
37.82 661980.0
37.82 662000.0
37.82 662020.0
37.82 662040.0
37.82 662060.0
37.82 662080.0
37.82 662100.0
37.82 662120.0
37.82 662140.0
37.82 662160.0
37.82 662180.0
37.82 662200.0
37.82 662220.0
37.82 662240.0
37.82 662260.0
37.82 662280.0
37.82 662300.0
37.82 662320.0
37.82 662340.0
37.82 662360.0
37.82 662380.0
37.82 662400.0
38.96 662420.0
37.82 662440.0
37.82 662460.0
37.82 662480.0
36.68 662500.0
36.68 662520.0
37.82 662540.0
37.82 662560.0
37.82 662580.0
37.82 662600.0
37.82 662620.0
37.82 662640.0
37.82 662660.0
37.82 662680.0
37.82 662700.0
38.96 662720.0
37.82 662740.0
37.82 662760.0
37.82 662780.0
38.96 662800.0
38.96 662820.0
37.82 662840.0
37.82 662860.0
37.82 662880.0
37.82 662900.0
37.82 662920.0
37.82 662940.0
38.96 662960.0
37.82 662980.0
38.96 663000.0
37.82 663020.0
37.82 663040.0
37.82 663060.0
38.96 663080.0
37.82 663100.0
37.82 663120.0
37.82 663140.0
37.82 663160.0
37.82 663180.0
37.82 663200.0
37.82 663220.0
37.82 663240.0
37.82 663260.0
37.82 663280.0
37.82 663300.0
37.82 663320.0
37.82 663340.0
37.82 663360.0
37.82 663380.0
37.82 663400.0
38.96 663420.0
38.96 663440.0
36.68 663460.0
37.82 663480.0
37.82 663500.0
37.82 663520.0
37.82 663540.0
37.82 663560.0
38.96 663580.0
38.96 663600.0
37.82 663620.0
37.82 663640.0
37.82 663660.0
37.82 663680.0
37.82 663700.0
37.82 663720.0
37.82 663740.0
37.82 663760.0
37.82 663780.0
37.82 663800.0
37.82 663820.0
37.82 663840.0
37.82 663860.0
37.82 663880.0
37.82 663900.0
37.82 663920.0
38.96 663940.0
37.82 663960.0
38.96 663980.0
37.82 664000.0
37.82 664020.0
37.82 664040.0
37.82 664060.0
37.82 664080.0
38.96 664100.0
37.82 664120.0
37.82 664140.0
37.82 664160.0
37.82 664180.0
37.82 664200.0
37.82 664220.0
37.82 664240.0
37.82 664260.0
37.82 664280.0
37.82 664300.0
38.96 664320.0
37.82 664340.0
37.82 664360.0
37.82 664380.0
38.96 664400.0
37.82 664420.0
37.82 664440.0
37.82 664460.0
37.82 664480.0
37.82 664500.0
37.82 664520.0
37.82 664540.0
38.96 664560.0
37.82 664580.0
37.82 664600.0
37.82 664620.0
37.82 664640.0
38.96 664660.0
37.82 664680.0
37.82 664700.0
37.82 664720.0
37.82 664740.0
37.82 664760.0
37.82 664780.0
37.82 664800.0
37.82 664820.0
37.82 664840.0
37.82 664860.0
37.82 664880.0
37.82 664900.0
37.82 664920.0
38.96 664940.0
37.82 664960.0
37.82 664980.0
37.82 665000.0
37.82 665020.0
37.82 665040.0
37.82 665060.0
37.82 665080.0
38.96 665100.0
37.82 665120.0
37.82 665140.0
37.82 665160.0
37.82 665180.0
38.96 665200.0
37.82 665220.0
37.82 665240.0
37.82 665260.0
37.82 665280.0
37.82 665300.0
37.82 665320.0
37.82 665340.0
37.82 665360.0
37.82 665380.0
37.82 665400.0
37.82 665420.0
37.82 665440.0
37.82 665460.0
37.82 665480.0
37.82 665500.0
38.96 665520.0
37.82 665540.0
37.82 665560.0
37.82 665580.0
37.82 665600.0
37.82 665620.0
37.82 665640.0
37.82 665660.0
37.82 665680.0
37.82 665700.0
37.82 665720.0
37.82 665740.0
37.82 665760.0
37.82 665780.0
37.82 665800.0
37.82 665820.0
37.82 665840.0
36.68 665860.0
37.82 665880.0
37.82 665900.0
37.82 665920.0
37.82 665940.0
37.82 665960.0
37.82 665980.0
37.82 666000.0
37.82 666020.0
37.82 666040.0
37.82 666060.0
38.96 666080.0
37.82 666100.0
37.82 666120.0
37.82 666140.0
37.82 666160.0
37.82 666180.0
38.96 666200.0
37.82 666220.0
37.82 666240.0
37.82 666260.0
37.82 666280.0
37.82 666300.0
37.82 666320.0
37.82 666340.0
37.82 666360.0
37.82 666380.0
37.82 666400.0
36.68 666420.0
37.82 666440.0
37.82 666460.0
37.82 666480.0
38.96 666500.0
37.82 666520.0
37.82 666540.0
38.96 666560.0
37.82 666580.0
37.82 666600.0
37.82 666620.0
36.68 666640.0
37.82 666660.0
37.82 666680.0
37.82 666700.0
37.82 666720.0
37.82 666740.0
37.82 666760.0
37.82 666780.0
37.82 666800.0
37.82 666820.0
37.82 666840.0
37.82 666860.0
37.82 666880.0
37.82 666900.0
37.82 666920.0
37.82 666940.0
37.82 666960.0
37.82 666980.0
37.82 667000.0
37.82 667020.0
38.96 667040.0
37.82 667060.0
37.82 667080.0
37.82 667100.0
38.96 667120.0
38.96 667140.0
37.82 667160.0
37.82 667180.0
37.82 667200.0
37.82 667220.0
37.82 667240.0
37.82 667260.0
37.82 667280.0
37.82 667300.0
37.82 667320.0
37.82 667340.0
37.82 667360.0
37.82 667380.0
37.82 667400.0
37.82 667420.0
37.82 667440.0
37.82 667460.0
37.82 667480.0
37.82 667500.0
38.96 667520.0
37.82 667540.0
37.82 667560.0
37.82 667580.0
37.82 667600.0
37.82 667620.0
37.82 667640.0
38.96 667660.0
37.82 667680.0
37.82 667700.0
38.96 667720.0
37.82 667740.0
37.82 667760.0
37.82 667780.0
37.82 667800.0
37.82 667820.0
37.82 667840.0
37.82 667860.0
37.82 667880.0
37.82 667900.0
37.82 667920.0
37.82 667940.0
38.96 667960.0
37.82 667980.0
37.82 668000.0
37.82 668020.0
37.82 668040.0
37.82 668060.0
37.82 668080.0
37.82 668100.0
37.82 668120.0
37.82 668140.0
37.82 668160.0
37.82 668180.0
37.82 668200.0
37.82 668220.0
36.68 668240.0
37.82 668260.0
38.96 668280.0
37.82 668300.0
37.82 668320.0
38.96 668340.0
37.82 668360.0
37.82 668380.0
37.82 668400.0
37.82 668420.0
37.82 668440.0
38.96 668460.0
37.82 668480.0
37.82 668500.0
38.96 668520.0
38.96 668540.0
37.82 668560.0
37.82 668580.0
37.82 668600.0
37.82 668620.0
37.82 668640.0
37.82 668660.0
37.82 668680.0
37.82 668700.0
37.82 668720.0
37.82 668740.0
37.82 668760.0
37.82 668780.0
37.82 668800.0
37.82 668820.0
37.82 668840.0
37.82 668860.0
37.82 668880.0
37.82 668900.0
37.82 668920.0
37.82 668940.0
37.82 668960.0
37.82 668980.0
37.82 669000.0
37.82 669020.0
37.82 669040.0
37.82 669060.0
37.82 669080.0
37.82 669100.0
37.82 669120.0
37.82 669140.0
37.82 669160.0
37.82 669180.0
37.82 669200.0
37.82 669220.0
37.82 669240.0
37.82 669260.0
37.82 669280.0
37.82 669300.0
37.82 669320.0
37.82 669340.0
37.82 669360.0
38.96 669380.0
37.82 669400.0
37.82 669420.0
37.82 669440.0
37.82 669460.0
37.82 669480.0
37.82 669500.0
37.82 669520.0
37.82 669540.0
37.82 669560.0
37.82 669580.0
37.82 669600.0
38.96 669620.0
37.82 669640.0
37.82 669660.0
37.82 669680.0
37.82 669700.0
37.82 669720.0
37.82 669740.0
37.82 669760.0
37.82 669780.0
37.82 669800.0
38.96 669820.0
37.82 669840.0
37.82 669860.0
37.82 669880.0
37.82 669900.0
37.82 669920.0
37.82 669940.0
37.82 669960.0
37.82 669980.0
37.82 670000.0
37.82 670020.0
37.82 670040.0
37.82 670060.0
37.82 670080.0
37.82 670100.0
37.82 670120.0
37.82 670140.0
37.82 670160.0
37.82 670180.0
37.82 670200.0
37.82 670220.0
36.68 670240.0
37.82 670260.0
37.82 670280.0
37.82 670300.0
37.82 670320.0
37.82 670340.0
37.82 670360.0
37.82 670380.0
37.82 670400.0
37.82 670420.0
37.82 670440.0
37.82 670460.0
37.82 670480.0
37.82 670500.0
37.82 670520.0
37.82 670540.0
37.82 670560.0
37.82 670580.0
37.82 670600.0
37.82 670620.0
37.82 670640.0
38.96 670660.0
37.82 670680.0
37.82 670700.0
37.82 670720.0
37.82 670740.0
37.82 670760.0
37.82 670780.0
37.82 670800.0
37.82 670820.0
37.82 670840.0
37.82 670860.0
37.82 670880.0
37.82 670900.0
37.82 670920.0
37.82 670940.0
37.82 670960.0
37.82 670980.0
37.82 671000.0
37.82 671020.0
37.82 671040.0
37.82 671060.0
37.82 671080.0
38.96 671100.0
37.82 671120.0
37.82 671140.0
37.82 671160.0
37.82 671180.0
37.82 671200.0
37.82 671220.0
37.82 671240.0
37.82 671260.0
37.82 671280.0
37.82 671300.0
37.82 671320.0
37.82 671340.0
37.82 671360.0
37.82 671380.0
37.82 671400.0
37.82 671420.0
37.82 671440.0
37.82 671460.0
37.82 671480.0
38.96 671500.0
37.82 671520.0
37.82 671540.0
37.82 671560.0
37.82 671580.0
37.82 671600.0
38.96 671620.0
37.82 671640.0
38.96 671660.0
37.82 671680.0
37.82 671700.0
37.82 671720.0
37.82 671740.0
37.82 671760.0
37.82 671780.0
37.82 671800.0
37.82 671820.0
37.82 671840.0
37.82 671860.0
37.82 671880.0
37.82 671900.0
37.82 671920.0
37.82 671940.0
37.82 671960.0
37.82 671980.0
37.82 672000.0
37.82 672020.0
37.82 672040.0
37.82 672060.0
37.82 672080.0
37.82 672100.0
37.82 672120.0
37.82 672140.0
37.82 672160.0
37.82 672180.0
37.82 672200.0
37.82 672220.0
37.82 672240.0
37.82 672260.0
37.82 672280.0
37.82 672300.0
38.96 672320.0
37.82 672340.0
37.82 672360.0
37.82 672380.0
37.82 672400.0
37.82 672420.0
37.82 672440.0
37.82 672460.0
37.82 672480.0
37.82 672500.0
37.82 672520.0
37.82 672540.0
38.96 672560.0
37.82 672580.0
37.82 672600.0
37.82 672620.0
37.82 672640.0
37.82 672660.0
37.82 672680.0
37.82 672700.0
37.82 672720.0
37.82 672740.0
37.82 672760.0
37.82 672780.0
37.82 672800.0
37.82 672820.0
37.82 672840.0
37.82 672860.0
37.82 672880.0
37.82 672900.0
37.82 672920.0
37.82 672940.0
37.82 672960.0
37.82 672980.0
37.82 673000.0
37.82 673020.0
37.82 673040.0
37.82 673060.0
37.82 673080.0
37.82 673100.0
37.82 673120.0
37.82 673140.0
37.82 673160.0
36.68 673180.0
37.82 673200.0
37.82 673220.0
37.82 673240.0
37.82 673260.0
37.82 673280.0
37.82 673300.0
36.68 673320.0
37.82 673340.0
37.82 673360.0
38.96 673380.0
37.82 673400.0
37.82 673420.0
37.82 673440.0
37.82 673460.0
37.82 673480.0
38.96 673500.0
37.82 673520.0
37.82 673540.0
37.82 673560.0
37.82 673580.0
37.82 673600.0
37.82 673620.0
37.82 673640.0
37.82 673660.0
37.82 673680.0
37.82 673700.0
37.82 673720.0
37.82 673740.0
37.82 673760.0
37.82 673780.0
37.82 673800.0
37.82 673820.0
37.82 673840.0
38.96 673860.0
37.82 673880.0
37.82 673900.0
38.96 673920.0
37.82 673940.0
37.82 673960.0
37.82 673980.0
37.82 674000.0
37.82 674020.0
37.82 674040.0
37.82 674060.0
38.96 674080.0
37.82 674100.0
37.82 674120.0
37.82 674140.0
37.82 674160.0
38.96 674180.0
37.82 674200.0
38.96 674220.0
37.82 674240.0
37.82 674260.0
37.82 674280.0
36.68 674300.0
37.82 674320.0
37.82 674340.0
37.82 674360.0
37.82 674380.0
37.82 674400.0
38.96 674420.0
37.82 674440.0
37.82 674460.0
37.82 674480.0
37.82 674500.0
37.82 674520.0
37.82 674540.0
37.82 674560.0
37.82 674580.0
38.96 674600.0
37.82 674620.0
37.82 674640.0
37.82 674660.0
37.82 674680.0
38.96 674700.0
37.82 674720.0
37.82 674740.0
37.82 674760.0
37.82 674780.0
37.82 674800.0
37.82 674820.0
37.82 674840.0
37.82 674860.0
37.82 674880.0
37.82 674900.0
37.82 674920.0
38.96 674940.0
37.82 674960.0
37.82 674980.0
37.82 675000.0
37.82 675020.0
37.82 675040.0
37.82 675060.0
37.82 675080.0
37.82 675100.0
37.82 675120.0
37.82 675140.0
37.82 675160.0
37.82 675180.0
37.82 675200.0
37.82 675220.0
37.82 675240.0
37.82 675260.0
38.96 675280.0
37.82 675300.0
37.82 675320.0
37.82 675340.0
37.82 675360.0
37.82 675380.0
37.82 675400.0
38.96 675420.0
38.96 675440.0
37.82 675460.0
37.82 675480.0
37.82 675500.0
37.82 675520.0
37.82 675540.0
37.82 675560.0
37.82 675580.0
37.82 675600.0
37.82 675620.0
37.82 675640.0
38.96 675660.0
37.82 675680.0
37.82 675700.0
37.82 675720.0
37.82 675740.0
37.82 675760.0
37.82 675780.0
37.82 675800.0
37.82 675820.0
38.96 675840.0
37.82 675860.0
37.82 675880.0
37.82 675900.0
37.82 675920.0
37.82 675940.0
37.82 675960.0
37.82 675980.0
37.82 676000.0
37.82 676020.0
37.82 676040.0
37.82 676060.0
37.82 676080.0
37.82 676100.0
37.82 676120.0
37.82 676140.0
38.96 676160.0
37.82 676180.0
36.68 676200.0
37.82 676220.0
37.82 676240.0
37.82 676260.0
37.82 676280.0
37.82 676300.0
37.82 676320.0
36.68 676340.0
37.82 676360.0
37.82 676380.0
37.82 676400.0
37.82 676420.0
37.82 676440.0
38.96 676460.0
37.82 676480.0
37.82 676500.0
37.82 676520.0
37.82 676540.0
37.82 676560.0
37.82 676580.0
37.82 676600.0
38.96 676620.0
37.82 676640.0
37.82 676660.0
37.82 676680.0
37.82 676700.0
37.82 676720.0
37.82 676740.0
37.82 676760.0
37.82 676780.0
37.82 676800.0
37.82 676820.0
37.82 676840.0
37.82 676860.0
38.96 676880.0
37.82 676900.0
37.82 676920.0
37.82 676940.0
37.82 676960.0
36.68 676980.0
37.82 677000.0
37.82 677020.0
37.82 677040.0
37.82 677060.0
37.82 677080.0
37.82 677100.0
37.82 677120.0
38.96 677140.0
37.82 677160.0
37.82 677180.0
37.82 677200.0
37.82 677220.0
37.82 677240.0
37.82 677260.0
38.96 677280.0
37.82 677300.0
37.82 677320.0
37.82 677340.0
37.82 677360.0
37.82 677380.0
38.96 677400.0
37.82 677420.0
37.82 677440.0
37.82 677460.0
37.82 677480.0
37.82 677500.0
37.82 677520.0
37.82 677540.0
37.82 677560.0
37.82 677580.0
37.82 677600.0
37.82 677620.0
37.82 677640.0
37.82 677660.0
38.96 677680.0
37.82 677700.0
37.82 677720.0
37.82 677740.0
37.82 677760.0
37.82 677780.0
37.82 677800.0
37.82 677820.0
37.82 677840.0
37.82 677860.0
37.82 677880.0
37.82 677900.0
37.82 677920.0
37.82 677940.0
37.82 677960.0
37.82 677980.0
37.82 678000.0
37.82 678020.0
38.96 678040.0
37.82 678060.0
37.82 678080.0
37.82 678100.0
37.82 678120.0
37.82 678140.0
37.82 678160.0
37.82 678180.0
37.82 678200.0
37.82 678220.0
37.82 678240.0
37.82 678260.0
37.82 678280.0
37.82 678300.0
37.82 678320.0
37.82 678340.0
37.82 678360.0
37.82 678380.0
37.82 678400.0
37.82 678420.0
37.82 678440.0
37.82 678460.0
37.82 678480.0
37.82 678500.0
37.82 678520.0
37.82 678540.0
37.82 678560.0
37.82 678580.0
37.82 678600.0
38.96 678620.0
37.82 678640.0
37.82 678660.0
37.82 678680.0
37.82 678700.0
36.68 678720.0
37.82 678740.0
38.96 678760.0
37.82 678780.0
37.82 678800.0
37.82 678820.0
37.82 678840.0
37.82 678860.0
37.82 678880.0
37.82 678900.0
37.82 678920.0
37.82 678940.0
37.82 678960.0
37.82 678980.0
37.82 679000.0
37.82 679020.0
37.82 679040.0
38.96 679060.0
37.82 679080.0
37.82 679100.0
38.96 679120.0
37.82 679140.0
37.82 679160.0
37.82 679180.0
36.68 679200.0
37.82 679220.0
37.82 679240.0
38.96 679260.0
37.82 679280.0
38.96 679300.0
37.82 679320.0
37.82 679340.0
37.82 679360.0
37.82 679380.0
38.96 679400.0
37.82 679420.0
37.82 679440.0
37.82 679460.0
37.82 679480.0
37.82 679500.0
37.82 679520.0
37.82 679540.0
37.82 679560.0
37.82 679580.0
37.82 679600.0
37.82 679620.0
37.82 679640.0
37.82 679660.0
37.82 679680.0
37.82 679700.0
37.82 679720.0
37.82 679740.0
37.82 679760.0
37.82 679780.0
37.82 679800.0
37.82 679820.0
37.82 679840.0
37.82 679860.0
37.82 679880.0
37.82 679900.0
37.82 679920.0
37.82 679940.0
37.82 679960.0
38.96 679980.0
37.82 680000.0
37.82 680020.0
37.82 680040.0
37.82 680060.0
37.82 680080.0
37.82 680100.0
37.82 680120.0
38.96 680140.0
37.82 680160.0
38.96 680180.0
37.82 680200.0
37.82 680220.0
37.82 680240.0
37.82 680260.0
37.82 680280.0
37.82 680300.0
37.82 680320.0
37.82 680340.0
37.82 680360.0
37.82 680380.0
37.82 680400.0
37.82 680420.0
37.82 680440.0
38.96 680460.0
37.82 680480.0
37.82 680500.0
37.82 680520.0
37.82 680540.0
37.82 680560.0
37.82 680580.0
37.82 680600.0
37.82 680620.0
37.82 680640.0
37.82 680660.0
37.82 680680.0
37.82 680700.0
37.82 680720.0
37.82 680740.0
37.82 680760.0
37.82 680780.0
37.82 680800.0
37.82 680820.0
37.82 680840.0
36.68 680860.0
37.82 680880.0
37.82 680900.0
37.82 680920.0
37.82 680940.0
37.82 680960.0
37.82 680980.0
37.82 681000.0
37.82 681020.0
36.68 681040.0
37.82 681060.0
37.82 681080.0
37.82 681100.0
37.82 681120.0
37.82 681140.0
37.82 681160.0
37.82 681180.0
38.96 681200.0
38.96 681220.0
37.82 681240.0
37.82 681260.0
37.82 681280.0
37.82 681300.0
37.82 681320.0
37.82 681340.0
37.82 681360.0
37.82 681380.0
37.82 681400.0
37.82 681420.0
37.82 681440.0
37.82 681460.0
36.68 681480.0
37.82 681500.0
38.96 681520.0
37.82 681540.0
37.82 681560.0
37.82 681580.0
37.82 681600.0
37.82 681620.0
37.82 681640.0
37.82 681660.0
37.82 681680.0
37.82 681700.0
37.82 681720.0
37.82 681740.0
37.82 681760.0
38.96 681780.0
37.82 681800.0
37.82 681820.0
37.82 681840.0
37.82 681860.0
37.82 681880.0
37.82 681900.0
37.82 681920.0
37.82 681940.0
37.82 681960.0
37.82 681980.0
37.82 682000.0
37.82 682020.0
37.82 682040.0
37.82 682060.0
37.82 682080.0
37.82 682100.0
37.82 682120.0
37.82 682140.0
37.82 682160.0
37.82 682180.0
37.82 682200.0
37.82 682220.0
37.82 682240.0
38.96 682260.0
37.82 682280.0
37.82 682300.0
36.68 682320.0
37.82 682340.0
37.82 682360.0
37.82 682380.0
37.82 682400.0
37.82 682420.0
37.82 682440.0
38.96 682460.0
37.82 682480.0
37.82 682500.0
37.82 682520.0
37.82 682540.0
37.82 682560.0
37.82 682580.0
37.82 682600.0
37.82 682620.0
37.82 682640.0
37.82 682660.0
37.82 682680.0
37.82 682700.0
37.82 682720.0
37.82 682740.0
38.96 682760.0
37.82 682780.0
37.82 682800.0
37.82 682820.0
37.82 682840.0
37.82 682860.0
38.96 682880.0
37.82 682900.0
37.82 682920.0
37.82 682940.0
37.82 682960.0
37.82 682980.0
37.82 683000.0
37.82 683020.0
37.82 683040.0
37.82 683060.0
37.82 683080.0
37.82 683100.0
37.82 683120.0
37.82 683140.0
37.82 683160.0
37.82 683180.0
37.82 683200.0
37.82 683220.0
37.82 683240.0
37.82 683260.0
38.96 683280.0
37.82 683300.0
38.96 683320.0
37.82 683340.0
37.82 683360.0
36.68 683380.0
37.82 683400.0
37.82 683420.0
37.82 683440.0
37.82 683460.0
37.82 683480.0
37.82 683500.0
37.82 683520.0
37.82 683540.0
37.82 683560.0
37.82 683580.0
37.82 683600.0
37.82 683620.0
37.82 683640.0
37.82 683660.0
37.82 683680.0
37.82 683700.0
37.82 683720.0
37.82 683740.0
37.82 683760.0
37.82 683780.0
37.82 683800.0
37.82 683820.0
37.82 683840.0
37.82 683860.0
37.82 683880.0
38.96 683900.0
37.82 683920.0
37.82 683940.0
37.82 683960.0
37.82 683980.0
37.82 684000.0
37.82 684020.0
37.82 684040.0
37.82 684060.0
