42.38 12.73
44.66 12.79
44.66 12.78
44.66 12.8
45.8 12.78
44.66 12.78
44.66 12.88
45.8 12.88
45.8 12.86
45.8 12.87
45.8 12.6
45.8 12.83
45.8 12.9
45.8 12.88
45.8 12.89
45.8 12.83
45.8 12.85
45.8 12.85
46.94 12.82
45.8 12.78
45.8 12.77
45.8 12.94
45.8 12.86
45.8 12.95
45.8 12.93
45.8 12.8
45.8 12.85
46.94 12.83
45.8 12.87
45.8 12.86
46.94 12.54
46.94 12.91
45.8 12.82
46.94 12.83
46.94 12.83
45.8 12.85
45.8 12.82
46.94 12.87
46.94 12.86
46.94 12.75
46.94 12.82
46.94 12.8
45.8 12.75
48.08 12.91
46.94 12.84
45.8 12.85
46.94 12.87
46.94 12.77
46.94 12.92
46.94 12.81
46.94 12.95
46.94 12.87
46.94 12.9
46.94 12.94
46.94 12.82
46.94 12.86
46.94 12.82
46.94 12.88
46.94 12.6
46.94 12.79
46.94 12.89
46.94 12.64
46.94 12.95
46.94 12.95
46.94 12.82
46.94 12.87
48.08 12.88
46.94 12.88
46.94 12.88
46.94 12.84
46.94 12.91
46.94 12.85
46.94 12.79
46.94 12.9
46.94 12.83
46.94 12.88
48.08 12.8
46.94 12.81
46.94 12.8
48.08 12.87
46.94 12.93
46.94 12.85
48.08 12.83
48.08 12.8
46.94 12.85
48.08 12.8
46.94 12.75
48.08 12.78
48.08 12.85
48.08 12.8
48.08 12.84
46.94 12.88
46.94 12.79
46.94 12.78
46.94 12.92
46.94 12.87
48.08 12.77
48.08 12.82
48.08 12.84
46.94 12.82
48.08 12.9
48.08 12.8
48.08 12.76
48.08 12.86
48.08 12.89
48.08 12.86
46.94 12.77
48.08 12.76
48.08 12.77
46.94 12.69
48.08 12.83
46.94 12.84
48.08 12.76
48.08 12.76
48.08 12.78
48.08 12.76
46.94 12.76
48.08 12.7
48.08 12.78
46.94 12.82
46.94 12.78
48.08 12.79
48.08 12.72
46.94 12.8
48.08 12.76
48.08 12.76
48.08 12.86
48.08 12.75
48.08 12.85
48.08 12.77
46.94 12.84
48.08 12.77
48.08 12.69
48.08 12.78
46.94 12.73
48.08 12.84
48.08 12.82
48.08 12.81
48.08 12.87
48.08 12.75
48.08 12.77
48.08 12.8
48.08 12.83
48.08 12.87
48.08 12.78
48.08 12.82
48.08 12.89
48.08 12.8
48.08 12.82
48.08 12.86
48.08 12.84
48.08 12.84
48.08 12.92
48.08 12.81
48.08 12.79
48.08 13.04
48.08 12.85
48.08 12.84
46.94 12.91
48.08 12.94
48.08 13.01
48.08 12.86
46.94 12.94
49.22 12.94
48.08 12.82
48.08 12.89
48.08 12.9
48.08 12.92
46.94 12.88
48.08 13.0
48.08 12.91
48.08 12.97
48.08 12.82
48.08 12.97
49.22 13.0
48.08 13.05
48.08 12.72
48.08 12.97
48.08 12.93
48.08 12.99
48.08 12.98
48.08 12.51
48.08 12.96
48.08 13.02
48.08 12.91
48.08 13.01
48.08 12.8
48.08 13.05
48.08 12.97
48.08 12.97
48.08 13.03
48.08 13.03
48.08 13.04
48.08 13.06
48.08 13.06
48.08 13.08
49.22 13.04
48.08 13.05
48.08 13.05
48.08 13.1
48.08 13.06
48.08 13.01
48.08 13.08
48.08 13.04
48.08 13.02
48.08 13.06
48.08 13.15
48.08 13.03
48.08 13.07
48.08 13.03
48.08 13.14
48.08 13.11
48.08 13.09
48.08 13.08
48.08 13.09
48.08 13.15
48.08 13.06
48.08 13.13
48.08 13.05
48.08 13.02
48.08 13.14
48.08 13.21
48.08 13.11
48.08 13.09
48.08 13.18
48.08 13.16
48.08 13.12
49.22 13.07
48.08 13.16
48.08 13.14
48.08 13.05
48.08 13.16
48.08 13.07
48.08 13.15
48.08 13.13
48.08 13.09
48.08 13.03
48.08 13.08
48.08 13.11
48.08 13.11
48.08 13.07
48.08 13.12
48.08 13.11
48.08 13.11
48.08 13.12
48.08 13.09
48.08 13.11
48.08 13.09
48.08 13.07
48.08 13.14
48.08 13.12
48.08 13.07
48.08 13.08
48.08 13.13
48.08 13.05
48.08 13.06
48.08 12.98
48.08 13.08
48.08 13.08
48.08 13.03
48.08 13.07
48.08 13.04
46.94 13.12
48.08 12.98
48.08 13.03
48.08 13.15
48.08 13.08
48.08 13.1
48.08 12.96
48.08 13.08
48.08 13.09
48.08 13.09
48.08 12.98
48.08 13.09
49.22 13.1
48.08 13.04
48.08 13.12
49.22 13.02
48.08 13.0
48.08 13.06
48.08 13.04
48.08 13.11
48.08 13.11
48.08 13.05
48.08 13.13
48.08 13.08
48.08 12.98
48.08 13.02
48.08 13.18
48.08 12.96
48.08 13.14
48.08 13.06
48.08 13.01
48.08 13.06
48.08 13.04
48.08 12.91
46.94 13.03
48.08 13.06
46.94 13.03
48.08 13.04
48.08 13.06
48.08 13.12
48.08 13.02
48.08 13.04
48.08 13.09
48.08 13.01
48.08 13.09
48.08 13.04
48.08 13.07
48.08 13.09
48.08 13.04
48.08 13.04
49.22 13.12
48.08 13.08
46.94 13.07
46.94 13.0
48.08 12.96
48.08 12.79
48.08 13.02
48.08 12.89
48.08 13.11
48.08 13.07
48.08 13.11
48.08 12.98
48.08 12.97
48.08 13.01
48.08 13.01
48.08 13.08
48.08 13.07
48.08 13.05
48.08 13.03
48.08 13.02
48.08 12.98
48.08 13.02
48.08 13.06
48.08 12.99
48.08 12.95
48.08 12.98
49.22 13.08
48.08 13.04
48.08 13.04
48.08 13.01
48.08 13.02
48.08 13.06
48.08 13.1
48.08 13.18
48.08 13.02
49.22 13.11
48.08 12.98
48.08 13.05
48.08 12.98
48.08 13.0
48.08 13.07
48.08 13.06
48.08 13.0
48.08 13.05
48.08 13.09
48.08 12.94
48.08 13.08
48.08 13.12
48.08 13.01
48.08 13.08
48.08 12.98
48.08 13.01
48.08 13.1
48.08 13.02
48.08 13.09
48.08 13.07
48.08 12.99
48.08 12.8
49.22 13.05
48.08 13.03
48.08 13.08
49.22 13.11
48.08 13.05
48.08 13.07
48.08 12.96
48.08 13.08
49.22 13.07
48.08 13.09
48.08 13.09
48.08 13.07
48.08 13.0
48.08 13.01
48.08 13.07
48.08 13.01
48.08 13.09
48.08 12.99
48.08 12.97
48.08 13.07
48.08 13.06
48.08 13.02
48.08 13.01
49.22 12.95
48.08 13.05
48.08 12.98
48.08 13.03
48.08 13.0
48.08 13.08
48.08 13.05
48.08 13.08
48.08 12.99
48.08 12.98
48.08 13.09
48.08 13.14
48.08 12.98
48.08 13.01
48.08 13.03
48.08 13.04
48.08 13.0
48.08 12.99
48.08 13.02
48.08 13.12
48.08 13.09
48.08 13.09
48.08 13.05
48.08 12.96
48.08 13.04
48.08 12.99
48.08 13.06
48.08 13.07
48.08 13.05
48.08 13.06
48.08 13.06
48.08 13.1
48.08 13.12
48.08 12.98
48.08 12.97
48.08 12.98
48.08 13.14
48.08 13.07
48.08 13.09
48.08 13.08
48.08 13.0
49.22 13.02
48.08 13.05
48.08 13.01
48.08 13.14
48.08 13.01
48.08 13.03
48.08 13.07
48.08 13.13
48.08 12.97
48.08 13.11
48.08 13.07
48.08 13.18
48.08 13.05
48.08 13.13
48.08 13.12
48.08 13.13
48.08 13.11
48.08 13.12
48.08 12.99
48.08 13.12
49.22 13.13
