31.151 -13.962999999999997
31.143310000000014 -14.061829999999995
31.052033100000006 -14.048318299999998
31.11952033100002 -14.035683182999996
31.051795203310025 -14.009856831830001
30.640717952033132 -13.987698568318294
30.317407179520337 -13.91537698568319
30.530774071795236 -13.898353769856833
30.441707740717963 -13.842883537698576
30.805617077407202 -13.858428835376987
30.67245617077408 -13.852684288353776
31.127124561707753 -13.850826842883547
31.211471245617094 -13.841208268428838
31.337714712456183 -13.843112082684293
31.247777147124566 -13.805931120826854
31.349477771471246 -13.830859311208275
31.41889477771472 -13.836508593112091
31.339788947777155 -13.83536508593113
31.327597889477783 -13.808553650859322
31.31607597889479 -13.810785536508602
31.213360759788966 -13.79050785536509
31.2123336075979 -13.769905078553668
31.155323336076 -13.752599050785552
31.34855323336076 -13.757325990507859
31.441685532333608 -13.76597325990509
31.454016855323335 -13.757859732599064
31.36294016855324 -13.733978597326004
31.327829401685545 -13.708939785973266
31.38447829401686 -13.737289397859742
31.305244782940175 -13.708272893978597
31.281652447829416 -13.676582728939797
31.327016524478303 -13.683565827289403
31.259070165244793 -13.656535658272892
31.189990701652462 -13.627665356582735
31.177899907016535 -13.646176653565833
31.26897899907018 -13.635161766535662
31.32688978999071 -13.628851617665363
31.44146889789991 -13.618788516176657
31.442614688979003 -13.606987885161777
31.305826146889803 -13.606269878851624
31.372858261468906 -13.586862698788526
31.430528582614688 -13.57396862698789
31.57930528582614 -13.574239686269884
31.512393052858258 -13.590342396862704
31.614323930528567 -13.556403423968634
31.603943239305273 -13.561164034239692
31.546839432393053 -13.561111640342405
31.52346839432393 -13.563511116403424
31.84243468394321 -13.559835111164032
32.00522434683939 -13.546998351111643
32.052452243468345 -13.529669983511129
32.246724522434626 -13.572696699835113
32.260067245224285 -13.56832696699836
32.38560067245218 -13.559383269669986
32.31845600672446 -13.556193832696708
32.386184560067186 -13.577061938326976
32.55786184560061 -13.570070619383275
32.513978618455944 -13.530300706193842
32.39953978618449 -13.539303007061946
32.364195397861785 -13.553393030070625
32.398041953978556 -13.555733930300711
32.47818041953975 -13.544157339303013
32.604381804195356 -13.562341573393027
32.651243818041905 -13.553323415733944
32.58331243818036 -13.535933234157351
32.52563312438174 -13.548659332341577
32.54785633124377 -13.545086593323424
32.73047856331241 -13.546950865933235
32.69810478563307 -13.541669508659337
32.914381047856324 -13.554116695086593
33.09894381047857 -13.583341166950875
32.97538943810479 -13.553133411669513
32.905753894381036 -13.533431334116697
33.178657538943845 -13.551034313341175
33.23838657538947 -13.529710343133427
33.35298386575394 -13.579497103431343
33.36552983865758 -13.562094971034316
33.399855298386626 -13.590720949710349
33.37739855298391 -13.614007209497109
33.09217398552983 -13.604140072094983
32.97532173985528 -13.592041400720955
33.21355321739857 -13.574020414007212
33.04493553217399 -13.589240204140081
33.3396493553218 -13.588692402041405
