23.23940000000001 14.467300000000002
24.452194000000034 14.607473000000002
24.897521940000015 14.423374729999992
25.28957521940002 14.559533747299998
25.56709575219402 14.530195337473002
25.752270957521958 14.485601953374726
25.959322709575254 14.43925601953374
26.337593227095784 14.401692560195336
26.478175932270993 14.38131692560195
26.661981759322742 14.390413169256014
26.812019817593253 14.381704131692556
26.767920198175965 14.354417041316921
26.767479201981786 14.382344170413162
26.778874792019845 14.336423441704124
26.90438874792022 14.347964234417043
27.031043887479214 14.370079642344171
27.20331043887479 14.369600796423443
27.42163310438873 14.352696007964221
27.731616331043853 14.341926960079638
27.88291616331039 14.328319269600797
27.975629161633066 14.308383192696006
28.04495629161629 14.132483831926955
28.079849562916117 14.293124838319267
28.13719849562912 14.316231248383184
28.103571984956258 14.277462312483827
28.194435719849526 14.287774623124823
28.52594435719846 14.277277746231237
28.734459443571954 14.2663727774623
28.884744594435684 14.265463727774616
28.954647445944325 14.215154637277744
28.989546474459413 14.224951546372768
29.024095464744565 14.20634951546372
29.149840954647424 14.18406349515463
29.15109840954647 14.177640634951542
29.21951098409545 14.166176406349507
29.25439510984094 14.158361764063484
29.288943951098386 14.159483617640634
29.540089439510954 14.143294836176405
29.61100089439511 14.165832948361759
29.70291000894395 14.124458329483618
29.692429100089438 14.118944583294828
29.487124291000892 14.11318944583294
29.70167124291001 13.977631894458327
29.806416712429094 14.12877631894458
29.955664167124304 14.098687763189437
29.945756641671252 14.114586877631893
29.865857566416707 14.09354586877632
29.876458575664184 14.089935458687755
29.83096458575666 14.102499354586874
29.87610964585755 14.101224993545863
29.785361096458587 14.103612249935452
29.841453610964578 14.104336122499358
29.85341453610965 14.112543361224994
29.81933414536111 14.118425433612249
30.02419334145364 13.955284254336117
29.900841933414544 14.114452842543363
29.92240841933416 14.09244452842542
30.059424084193353 14.083424445284251
30.08359424084196 14.068734244452845
30.118035942408447 14.105387342444521
30.175380359424103 14.109653873424438
30.24435380359426 14.08249653873425
30.142443538035963 14.10572496538734
30.107224435380385 14.111857249653863
30.141072244353822 14.107018572496532
30.30101072244356 14.110870185724957
30.25701010722446 14.101908701857246
30.279370101072267 13.955619087018574
30.199793701010748 14.09275619087018
30.335797937010124 13.957927561908697
30.291557979370126 14.090979275619082
30.199915579793718 14.132409792756189
30.46119915579795 14.09632409792756
30.783011991557995 14.115063240979268
30.934430119915593 14.054150632409796
30.799144301199178 14.0760415063241
30.603991443012006 14.086060415063235
30.81863991443014 13.959960604150629
30.90058639914431 14.140599606041508
31.04960586399146 14.128405996060415
31.016896058639936 14.139284059960596
30.970968960586426 14.162792840599598
30.75390968960589 14.128227928405995
30.740339096896072 14.134682279284057
31.013803390968974 14.131646822792836
31.1305380339097 14.128216468227924
31.211505380339112 14.125182164682272
31.2921150538034 14.119751821646819
