
13.85|13.80|13.88|13.81|13.74|13.68|13.66|13.62|13.63|13.61|13.57|13.56|13.52|13.47|13.45|13.43|13.41|13.40|13.37|13.36|13.38|13.33|13.33|13.25|13.27|13.29|13.25|13.25|13.22|13.21|13.19|13.18|13.18|13.12|13.14|13.10|13.13|13.03|13.11|13.05|13.11|13.07|13.06|13.06|13.05|13.04|12.96|13.01|12.93|12.95|12.96|12.90|12.94|12.92|12.94|12.95|12.83|12.84|12.94|12.86|12.86|12.84|12.85|12.81|12.83|12.78|12.77|12.78|12.78|12.74|12.75|12.73|12.76|12.72|12.73|12.73|12.71|12.69|12.70|12.72|12.66|12.66|12.66|12.64|12.60|12.64|12.53|12.55|12.58|12.61|12.61|12.54|12.58|12.52|12.56|12.53|12.53|12.54|12.53|12.48|12.51|12.47|12.52|12.49|12.47|12.43|12.50|12.49|12.45|12.43|12.45|12.47|12.42|12.41|12.41|12.41|12.39|12.37|12.38|12.34|12.37|12.36|12.38|12.36|12.37|12.35|12.32|12.34|12.27|12.29|12.30|12.29|12.29|12.32|12.29|12.24|12.27|12.25|12.26|12.21|12.27|12.19|12.23|12.21|12.21|12.17|12.22|12.21|12.24|12.14|12.23|12.12|12.20|12.18|12.18|12.15|12.15|12.16|12.10|12.07|12.11|12.10|12.11|12.11|12.08|12.09|12.08|12.05|12.10|12.12|12.08|12.10|12.08|12.07|12.05|12.00|12.05|12.05|11.99|12.04|12.06|12.05|12.05|12.03|12.02|11.98|11.95|11.97|11.97|11.94|11.97|11.93|11.97|12.00|11.98|11.95|11.90|11.93|11.92|11.98|11.93|11.95|11.90|11.93|11.87|11.90|11.87|11.89|11.87|11.90|11.87|11.83|11.87|11.85|11.86|11.88|11.83|11.84|11.81|11.78|11.83|11.80|11.81|11.79|11.82|11.75|11.78|11.79|11.81|11.74|11.82|11.73|11.74|11.78|11.74|11.79|11.75|11.72|11.69|11.75|11.73|11.75|11.77|11.74|11.75|11.77|11.66|11.74|11.76|11.69|11.70|11.71|11.71|11.72|11.66|11.67|11.71|11.62|11.64|11.69|11.67|11.70|11.65|11.68|11.67|11.63|11.66|11.64|11.62|11.65|11.63|11.60|11.60|11.58|11.59|11.54|11.65|11.59|11.66|11.58|11.54|11.68|11.57|11.37|11.60|11.58|11.55|11.52|11.52|11.55|11.52|11.54|11.53|11.54|11.56|11.54|11.48|11.51|11.54|11.49|11.52|11.45|11.53|11.49|11.49|11.52|11.49|11.49|11.43|11.46|11.51|11.44|11.50|11.42|11.43|11.48|11.45|11.43|11.44|11.45|11.43|11.39|11.40|11.46|11.44|11.38|11.39|11.40|11.45|11.38|11.41|11.42|11.41|11.39|11.36|11.40|11.41|11.39|11.39|11.37|11.37|11.39|11.40|11.37|11.36|11.28|11.36|11.33|11.40|11.40|11.32|11.30|11.37|11.33|11.30|11.31|11.29|11.36|11.32|11.29|11.29|11.33|11.26|11.32|11.30|11.27|11.28|11.27|11.26|11.24|11.21|11.29|11.28|11.34|11.27|11.28|11.22|11.25|11.25|11.23|11.26|11.27|11.23|11.24|11.24|11.20|11.26|11.19|11.27|11.23|11.23|11.22|11.22|11.20|11.21|11.22|11.22|11.17|11.20|11.16|11.16|11.16|11.17|11.20|11.17|11.14|11.17|11.15|11.13|11.15|11.17|11.16|11.17|11.13|11.10|11.14|11.17|11.14|11.07|11.13|11.13|11.09|11.09|11.12|11.13|11.11|11.12|11.10|11.10|11.11|11.11|11.13|11.07|11.05|11.08|11.07|11.09|11.09|11.07|11.08|11.06|11.07|11.07|11.06|11.09|11.05|11.06|11.13|11.01|11.02|11.03|11.05|11.02|11.01|11.04|11.04|11.02|11.05|11.03|11.04|11.04|11.03|11.02|10.99|11.04|11.04|11.00|11.03|11.01|10.99|11.00|10.98|10.93|10.97|10.96|10.98|10.98|10.97|10.98|10.97|10.96|10.94|10.91|10.98|10.92|10.95|10.97|10.98|10.94|10.97|10.89|10.94|10.95|10.93|10.91|10.96|10.96|10.91|10.95|10.94|10.96|10.89|10.88|10.95|10.89|10.88|10.89|10.96|10.92|10.87|10.90|10.90|10.93|10.87|10.89|10.91|10.88|10.87|10.90|10.91|10.90|10.88|10.91|10.87|10.88|10.90|10.85|10.89|10.84|10.83|10.86|10.84|10.86|10.84|10.86|10.83|10.87|10.86|10.85|10.81|10.83|10.84|10.86|10.85|10.88|10.82|10.84|10.79|10.76|10.85|10.81|10.80|10.81|10.84|10.78|10.85|10.83|10.82|10.82|10.75|10.80|10.86|10.85|10.76|10.78|10.79|10.86|10.82|10.84|10.80|10.81|10.82|10.81|10.76|10.76|10.80|10.75|10.78|10.77|10.74|10.77|10.81|10.78|10.70|10.74|10.77|10.80|10.72|10.72|10.81|10.77|10.72|10.80|10.80|10.80|10.72|10.71|10.76|10.79|10.77|10.70|10.75|10.72|10.75|10.76|10.76|10.75|10.76|10.74|10.72|10.73|10.67|10.72|10.72|10.68|10.73|10.65|10.76|10.68|10.71|10.69|10.68|10.63|10.70|10.67|10.71|10.69|10.65|10.68|10.71|10.72|10.69|10.67|10.73|10.72|10.64|10.66|10.68|10.65|10.65|10.64|10.65|10.62|10.71|10.69|10.64|10.63|10.64|10.63|10.66|10.62|10.65|10.65|10.62|10.64|10.59|10.67|10.62|10.64|10.59|10.62|10.64|10.64|10.62|10.60|10.63|10.60|10.61|10.65|10.65|10.58|10.61|10.58|10.60|10.60|10.53|10.59|10.61|10.64|10.61|10.57|10.56|10.62|10.54|10.60|10.57|10.58|10.58|10.57|10.58|10.52|10.55|10.60|10.68|10.61|10.60|10.59|10.56|10.51|10.59|10.55|10.61|10.53|10.57|10.62|10.54|10.61|10.55|10.51|10.53|10.57|10.58|10.58|10.54|10.58|10.61|10.57|10.53|10.53|10.61|10.55|10.54|10.51|10.53|10.53|10.55|10.58|10.54|10.55|10.56|10.47|10.48|10.48|10.50|10.52|10.52|10.51|10.53|10.44|10.48|10.52|10.47|10.49|10.51|10.47|10.52|10.50|10.52|10.56|10.54|10.47|10.42|10.47|10.51|10.53|10.53|10.49|10.48|10.44|10.45|10.51|10.49|10.45|10.45|10.48|10.44|10.50|10.46|10.51|10.53|10.44|10.46|10.46|10.47|10.40|10.43|10.44|10.48|10.46|10.47|10.46|10.46|10.42|10.42|10.43|10.41|10.42|10.48|10.44|10.39|10.41|10.43|10.43|10.40|10.47|10.43|10.44|10.38|10.42|10.47|

13.62|13.60|13.51|13.49|13.46|13.47|13.44|13.38|13.44|13.37|13.32|13.32|13.31|13.32|13.27|13.25|13.28|13.25|13.24|13.16|13.12|13.18|13.13|13.14|13.12|13.06|13.15|13.08|13.11|13.07|13.07|13.06|13.05|13.02|13.00|13.05|13.04|13.01|12.94|12.91|

13.62|13.60|13.51|13.49|13.46|13.47|13.44|13.38|13.44|13.37|13.32|13.32|13.31|13.32|13.27|13.25|13.28|13.25|13.24|13.16|13.12|13.18|13.13|13.14|13.12|13.06|13.15|13.08|13.11|13.07|13.07|13.06|13.05|13.02|13.00|13.05|13.04|13.01|12.94|12.91|

13.62|13.60|13.51|13.49|13.46|13.47|13.44|13.38|13.44|13.37|13.32|13.32|13.31|13.32|13.27|13.25|13.28|13.25|13.24|13.16|13.12|13.18|13.13|13.14|13.12|13.06|13.15|13.08|13.11|13.07|13.07|13.06|13.05|13.02|13.00|13.05|13.04|13.01|12.94|12.91|

14.10|14.00|13.89|13.77|13.81|13.79|13.83|13.85|13.82|13.78|13.68|13.68|13.64|13.51|13.61|13.50|13.57|13.64|13.57|13.57|13.62|13.59|13.58|13.53|

13.90|13.83|13.81|13.72|13.55|13.58|13.52|13.63|13.56|13.61|13.56|13.51|13.47|13.38|13.46|13.33|13.42|13.30|13.32|13.36|13.25|13.31|13.32|13.38|13.42|13.34|13.25|13.31|13.18|13.17|13.10|13.12|13.04|13.15|13.12|13.11|13.08|13.05|13.14|13.02|

15.65|15.54|15.48|15.37|15.20|15.27|15.31|15.33|15.32|15.27|15.13|15.10|14.99|15.01|15.09|15.13|15.05|15.05|15.09|14.98|14.99|14.89|14.89|14.88|14.76|14.77|14.85|14.74|14.79|14.76|14.81|14.78|14.89|14.81|14.81|14.74|14.76|14.75|14.67|14.61|

15.65|15.54|15.48|15.37|15.20|15.27|15.31|15.33|15.32|15.27|15.13|15.10|14.99|15.01|15.09|15.13|15.05|15.05|15.09|14.98|14.99|14.89|14.89|14.88|14.76|14.77|14.85|14.74|14.79|14.76|14.81|14.78|14.89|14.81|14.81|14.74|14.76|14.75|14.67|14.61|

15.65|15.54|15.48|15.37|15.20|15.27|15.31|15.33|15.32|15.27|15.13|15.10|14.99|15.01|15.09|15.13|15.05|15.05|15.09|14.98|14.99|14.89|14.89|14.88|14.76|14.77|14.85|14.74|14.79|14.76|14.81|14.78|14.89|14.81|14.81|14.74|14.76|14.75|14.67|14.61|

15.65|15.54|15.48|15.37|15.20|15.27|15.31|15.33|15.32|15.27|15.13|15.10|14.99|15.01|15.09|15.13|15.05|15.05|15.09|14.98|14.99|14.89|14.89|14.88|14.76|14.77|14.85|14.74|14.79|14.76|14.81|14.78|14.89|14.81|14.81|14.74|14.76|14.75|14.67|14.61|
