 5.38 38.03
 5.51 38.14
 5.61 38.05
 5.70 38.14
 5.68 38.14
 5.88 38.12
 5.78 38.21
 5.67 38.21
 5.78 38.18
 5.85 38.05
 5.71 38.14
 5.91 38.12
 5.82 38.16
 5.73 38.14
 5.72 38.28
 5.85 38.39
 5.67 38.32
 5.72 38.30
 5.85 38.28
 5.77 38.34
 6.02 38.62
 5.77 38.41
 5.89 38.39
 6.01 38.25
 5.94 38.32
 5.85 38.48
 5.83 38.25
 5.96 38.28
 6.13 38.37
 6.05 38.44
 5.94 38.30
 6.04 38.32
 6.17 38.32
 6.03 38.44
 6.30 38.55
 6.18 38.41
 6.26 38.44
 6.32 38.46
 6.43 38.41
 6.22
