25.14
 6.82 26.28
 6.79 26.85
 6.76 27.40
 6.77 27.79
 6.71 28.15
 6.70 28.54
 6.64 28.81
 6.62 28.95
 6.60 29.32
 6.55 29.57
 6.50 29.75
 6.48 29.82
 6.42 29.98
 6.38 30.09
 6.36 30.36
 6.33 30.34
 6.31 30.62
 6.25 30.80
 6.24 30.89
 6.25 30.96
 6.20 31.03
 6.17 31.12
 6.24 31.00
 6.20 31.14
 6.12 31.21
 6.11 31.37
 6.09 31.41
 6.12 31.50
 6.10 31.53
 6.02 31.80
 6.07 32.01
 6.06 31.98
 6.00 32.05
 6.02 32.07
 5.98 32.03
 6.02 32.10
 5.96 32.14
 5.83 32.19
 5.93 32.26
 5.97 32.26
 5.88 32.51
 5.94 32.39
 5.89 32.58
 5.86 32.60
 5.85 32.96
 5.82 32.83
 5.87 32.67
 5.83 32.92
 5.74 32.94
 5.77 32.94
 5.73 33.01
 5.75 33.08
 5.77 33.12
 5.76 33.15
 5.71 33.24
 5.74 33.31
 5.71 33.21
 5.72 33.26
 5.75 33.40
 5.73 33.26
 5.70 33.26
 5.72 33.26
 5.62 33.35
 5.58 33.31
 5.63 33.42
 5.64 33.56
 5.61 33.53
 5.58 33.53
 5.57 33.72
 5.58 33.67
 5.59 33.72
 5.56 33.62
 5.53 34.04
 5.49 33.83
 5.45 33.88
 5.49 34.08
 5.49 33.94
 5.50 34.08
 5.49 34.15
 5.51 34.15
 5.42 34.13
 5.45 34.10
 5.50 34.24
 5.51 34.31
 5.50 34.26
 5.42 34.33
 5.47 34.29
 5.42 34.33
 5.42 34.40
 5.46 34.40
 5.38 34.38
 5.45 34.40
 5.34 34.45
 5.43 34.40
 5.37 34.51
 5.37 34.49
 5.35 34.45
 5.32 34.54
 5.37 34.54
 5.32 34.51
 5.30 34.81
 5.30 34.74
 5.30 34.74
 5.31 34.72
 5.31 34.79
 5.33 34.83
 5.29 34.81
 5.26 34.88
 5.28 34.95
 5.29 34.92
 5.23 35.04
 5.27 34.90
 5.26 35.11
 5.25 35.20
 5.20 35.24
 5.24 35.20
 5.23 34.97
 5.26 35.33
 5.24 35.36
 5.19 35.33
 5.21 35.54
 5.21 35.49
 5.17 35.38
 5.20 35.45
 5.18 35.49
 5.22 35.47
 5.17 35.43
 5.19 35.49
 5.14 35.54
 5.18 35.59
 5.16 35.56
 5.11 35.56
 5.19 35.47
 5.09 35.54
 5.13 35.61
 5.09 35.56
 5.08 35.59
 5.12 35.81
 5.07 35.68
 5.09 35.70
 5.06 35.75
 5.07 35.79
 5.06 35.77
 5.02 35.72
 5.03 35.95
 5.01 35.79
 4.98 35.93
 5.06 35.90
 5.04 35.84
 5.04 36.02
 5.02 36.13
 5.01 36.16
 5.04 35.97
 5.04 36.16
 5.02 36.06
 5.00 36.43
 5.07 36.18
 5.01 36.25
 4.94 36.29
 4.98 36.27
 4.99 36.18
 4.94 36.32
 4.93 36.45
 5.00 36.22
 4.98 36.43
 4.94 36.61
 4.96 36.68
 4.96 36.45
 4.98 36.45
 4.93 36.59
 4.94 36.43
 4.94 36.45
 4.90 36.54
 4.89 36.59
 4.92 36.63
 4.93 36.63
 4.91 36.63
 4.87 36.61
 4.89 36.70
 4.84 36.70
 4.92 36.66
 4.90 36.68
 4.82 36.73
 4.90 36.73
 4.83 36.66
 4.89 36.73
 4.81 36.77
 4.78 36.79
 4.87 36.73
 4.83 36.82
 4.75 36.82
 4.83 36.82
 4.79 37.02
 4.87 36.98
 4.85 36.93
 4.83 36.89
 4.76 36.82
 4.79 36.98
 4.76 36.93
 4.75 36.93
 4.81 37.00
 4.81 37.02
 4.75 37.11
 4.78 37.11
 4.78 36.93
 4.77 36.93
 4.70 37.11
 4.76 37.00
 4.73 37.02
 4.77 37.14
 4.73 37.34
 4.75 37.30
 4.77 37.39
 4.68 37.34
 4.72 37.27
 4.70 37.55
 4.75 37.48
 4.77 37.50
 4.63 37.55
 4.68 37.61
 4.74 37.64
 4.71 37.71
 4.72 37.64
 4.66 37.66
 4.67 37.57
 4.69 37.61
 4.70 37.64
 4.64 37.77
 4.65 37.66
 4.67 37.73
 4.62 37.71
 4.66 37.80
 4.62 37.66
 4.64 37.66
 4.62 37.71
 4.63 37.84
 4.61 37.84
 4.56 37.80
 4.55 37.80
 4.55 37.84
 4.55 37.84
 4.62 37.84
 4.61 37.89
 4.62 37.84
 4.61 37.93
 4.53 38.09
 4.59 37.91
 4.49 37.98
 4.59 37.98
 4.54 38.00
 4.54 38.09
 4.49 38.23
 4.54 38.23
 4.52 38.23
 4.55 38.14
 4.54 38.07
 4.52 38.16
 4.53 38.23
 4.53 38.07
 4.55 38.09
 4.51 38.32
 4.48 38.30
 4.53 38.16
 4.44 38.48
 4.53 38.28
 4.51 38.25
 4.54 38.39
 4.47 38.46
 4.52 38.23
 4.50 38.53
 4.49 38.37
 4.41 38.41
 4.50 38.18
 4.47 38.50
 4.52 38.44
 4.47 38.60
 4.45 38.57
 4.42 38.53
 4.45 38.75
 4.46 38.55
 4.46 38.73
 4.39 38.64
 4.47 38.60
 4.40 38.60
 4.37 38.71
 4.37 38.69
 4.44 38.71
 4.34 38.78
 4.43 38.82
 4.39 38.71
 4.33 38.91
 4.41 38.87
 4.37 38.87
 4.39 38.91
 4.43 38.87
 4.39 38.85
 4.35 38.78
 4.35 38.80
 4.38 38.85
 4.36 38.89
 4.35 38.96
 4.37 38.87
 4.37 38.94
 4.29 38.89
 4.30 38.91
 4.30 38.98
 4.31 38.94
 4.32 38.94
 4.30 39.03
 4.29 39.03
 4.25 39.05
 4.24 39.01
 4.29 39.01
 4.29 38.96
 4.32 39.01
 4.31 39.01
 4.28 38.94
 4.26 39.05
 4.28 39.05
 4.26 39.12
 4.30 39.10
 4.30 39.05
 4.33 38.98
 4.21 39.17
 4.29 39.12
 4.23 39.26
 4.30 39.07
 4.29 39.14
 4.29 39.17
 4.22 39.23
 4.29 39.37
 4.27 39.26
 4.22 39.19
 4.27 39.26
 4.25 39.07
 4.22 39.28
 4.27 39.30
 4.23 39.26
 4.24 39.30
 4.25 39.35
 4.25 39.51
 4.23 39.53
 4.23 39.67
 4.21 39.60
 4.25 39.44
 4.22 39.67
 4.27 39.46
 4.19 39.42
 4.21 39.53
 4.22 39.55
 4.23 39.69
 4.19 39.78
 4.18 39.69
 4.18 39.64
 4.15 39.80
 4.19 39.60
 4.13 39.87
 4.20 39.83
 4.23 39.87
 4.19 39.62
 4.12 39.89
 4.16 39.83
 4.19 39.99
 4.18 39.94
 4.10 39.89
 4.12 39.89
 4.14 39.87
 4.10 39.99
 4.10 39.85
 4.07 39.96
 4.09 40.05
 4.08 39.92
 4.13 40.01
 4.09 39.94
 4.13 40.01
 4.10 39.87
 4.14 39.99
 4.11 40.05
 4.15 39.94
 4.13 39.96
 4.11 39.99
 4.09 40.01
 4.10 39.96
 4.11 39.96
 4.10 40.10
 4.05 40.01
 4.04 40.03
 4.08 39.99
 4.05 40.03
 4.09 39.99
 4.07 40.05
 4.01 40.01
 4.03 40.10
 4.01 40.15
 4.02 39.99
 3.99 40.12
 4.08 40.15
 4.07 40.19
 4.04 40.15
 4.04 40.12
 4.05 40.21
 4.00 40.15
 4.03 40.21
 4.07 40.15
 4.03 40.17
 4.05 40.15
 4.02 40.28
 4.03 40.26
 4.01 40.21
 4.03 40.26
 3.98 40.31
 4.02 40.12
 4.05 40.24
 3.90 40.21
 3.94 40.28
 3.99 40.28
 4.03 40.12
 3.99 40.24
 4.02 40.17
 3.96 40.37
 3.99 40.40
 3.96 40.26
 3.99 40.26
 3.99 40.17
 3.94 40.26
 3.96 40.28
 3.99 40.37
 3.98 40.44
 3.96 40.44
 3.97 40.46
 3.97 40.53
 4.00 40.67
 3.95 40.37
 3.97 40.44
 3.92 40.53
 3.95 40.60
 3.98 40.35
 3.90 40.40
 3.94 40.60
 3.91 40.69
 3.88 40.56
 3.93 40.51
 3.94 40.42
 3.97 40.56
 3.89 40.51
 3.92 40.69
 3.90 40.56
 3.88 40.72
 3.94 40.74
 3.92 40.74
 3.94 40.78
 3.85 40.72
 3.91 40.76
 3.95 40.85
 3.86 40.78
 3.88 40.88
 3.98 40.83
 3.89 40.85
 3.89 40.88
 3.86 40.94
 3.88 40.92
 3.91 40.90
 3.83 41.06
 3.87 40.90
 3.85 40.85
 3.84 40.90
 3.91 41.03
 3.91 40.94
 3.84 41.08
 3.83 41.08
 3.83 41.17
 3.87 41.10
 3.88 41.10
 3.84 41.19
 3.81 41.17
 3.84 41.19
 3.83 41.13
 3.82 41.13
 3.87 41.13
 3.83 41.17
 3.86 41.17
 3.85 41.22
 3.81 41.15
 3.77 41.10
 3.77 41.13
 3.77 41.24
 3.79 41.03
 3.82 41.22
 3.79 41.15
 3.84 41.17
 3.78 41.13
 3.79 41.08
 3.77 41.19
 3.86 41.26
 3.77 41.15
 3.81 41.15
 3.80 41.29
 3.76 41.19
 3.85 41.19
 3.76 41.17
 3.79 41.29
 3.81 41.15
 3.75 41.26
 3.75 41.22
 3.76 41.17
 3.78 41.15
 3.71 41.19
 3.78 41.22
 3.74 41.19
 3.72 41.29
 3.76 41.22
 3.77 41.22
 3.74 41.17
 3.72 41.19
 3.73 41.38
 3.76 41.35
 3.74 41.19
 3.72 41.31
 3.75 41.33
 3.74 41.40
 3.70 41.29
 3.70 41.22
 3.70 41.22
 3.73 41.35
 3.71 41.35
 3.66 41.33
 3.68 41.26
 3.76 41.38
 3.76 41.26
 3.70 41.29
 3.70 41.31
 3.70 41.40
 3.69 41.35
 3.71 41.38
 3.73 41.47
 3.77 41.38
 3.67 41.40
 3.70 41.31
 3.68 41.54
 3.71 41.35
 3.67 41.45
 3.72 41.51
 3.68 41.38
 3.70 41.47
 3.66 41.49
 3.71 41.45
 3.67 41.49
 3.69 41.56
 3.59 41.63
 3.70 41.40
 3.73 41.56
 3.65 41.38
 3.62 41.49
 3.67 41.60
 3.73 41.49
 3.67 41.47
 3.71 41.60
 3.70 41.60
 3.66 41.54
 3.65 41.45
 3.68 41.47
 3.67 41.54
 3.62 41.56
 3.62 41.65
 3.54 41.49
 3.62 41.67
 3.59 41.72
 3.58 41.56
 3.63 41.72
 3.61 41.58
 3.62 41.58
 3.60 41.58
 3.61 41.49
 3.63 41.79
 3.68 41.67
 3.60 41.86
 3.59 41.83
 3.64 41.99
 3.60 41.70
 3.61 41.58
 3.64 41.92
 3.59 41.74
 3.63 42.02
 3.58 41.83
 3.64 41.92
 3.58 42.04
 3.58 41.86
 3.61 41.90
 3.62 41.86
 3.58 41.97
 3.54 42.02
 3.57 41.92
 3.49 41.90
 3.57 41.81
 3.60 41.88
 3.51 41.88
 3.54 41.97
 3.57 42.20
 3.54 42.06
 3.57 42.08
 3.55 42.02
 3.54 41.97
 3.53 42.02
 3.56 42.13
 3.53 41.92
 3.55 42.04
 3.54 42.22
 3.62 42.04
 3.51 42.22
 3.55 42.22
 3.54 42.11
 3.56 42.15
 3.52 42.13
 3.55 42.11
 3.49 42.27
 3.56 42.17
 3.50 42.24
 3.52 42.31
 3.52 42.20
 3.45 42.27
 3.50 42.20
 3.52 42.27
 3.51 42.29
 3.48 42.29
 3.52 42.24
 3.57 42.13
 3.49 42.20
 3.51 42.31
 3.47 42.22
 3.51 42.31
 3.50 42.33
 3.45 42.52
 3.45 42.43
 3.47 42.29
 3.51 42.29
 3.48 42.33
 3.45 42.38
 3.45 42.31
 3.50 42.36
 3.35 42.38
 3.46 42.27
 3.44 42.36
 3.42 42.36
 3.43 42.36
 3.50 42.33
 3.48 42.22
 3.44 42.22
 3.45 42.27
 3.49 42.38
 3.49 42.43
 3.49 42.33
 3.44 42.49
 3.47 42.52
 3.43 42.45
 3.42 42.36
 3.43 42.38
 3.48 42.31
 3.48 42.43
 3.45 42.43
 3.39 42.49
 3.46 42.24
 3.49 42.45
 3.39 