51
65|220|0|207|188|3|0|0|0|0|0|207|188|8|0|0|0|0|0|207|188|3|51|92|178|91|73|164|79|172|69|75|164|173|78|23|77|164|0|64|125|68|0|0|200|
52
-464433745
65|220|0|207|188|4|0|0|0|0|0|207|188|8|0|0|0|0|0|207|188|1|52|163|55|56|101|164|79|26|239|102|164|179|64|193|104|164|0|64|125|68|0|0|200|
52
65|220|0|207|188|4|0|0|0|0|0|207|188|8|0|0|0|0|0|207|188|3|52|163|55|56|101|164|79|26|239|102|164|179|64|193|104|164|0|64|125|68|0|0|200|
54
65|220|0|207|188|6|0|0|0|0|0|207|188|8|0|0|0|0|0|207|188|3|54|163|55|56|101|164|79|26|239|102|164|179|64|193|104|164|0|64|125|68|0|0|200|
55
-373893361
65|220|0|207|188|7|0|0|0|0|0|207|188|8|0|0|068
65|220|0|207|188|4|0|0|0|0|0|207|188|8|0|0|0|0|0|207|188|3|68|248|238|78|196|198|79|70|59|198|198|73|99|16|200|198|0|64|125|68|0|0|200|
71
-369492434
65|220|0|207|188|7|0|0|0|0|0|207|188|8|0|0|0|0|0|207|188|1|71|249|226|246|223|198|79|2|174|225|198|176|222|152|227|198|0|64|125|68|0|0|200|
71
65|220|0|207|188|7|0|0|0|0|0|207|188|8|0|0|0|0|0|207|188|3|71|249|226|246|223|198|79|2|174|225|198|176|222|152|227|198|0|64|125|68|0|0|200|
74
-381823803
65|220|0|207|188|2|0|0|0|0|0|207|188|8|0|0|0|0|0|207|188|1|74|74|155|223|246|198|79|118|149|248|198|122|96|104|250|198|0|64|125|68|0|0|200|
78
-501378681
65|220|0|207|188|6|0|0|0|0|0|207|188|8|0|0|0|0|0|207|188|1|78|74|155|223|246|198|79|118|149|248|198|122|96|104|250|198|0|64|125|68|0|0|200|
78
65|220|0|207|188|6|0|0|0|0|0|207|188|8|0|0|0|0|0|207|188|3|78|74|155|223|246|198|79|118|149|248|198|122|96|104|250|198|0|64|125|68|0|0|200|
79
-157523022
65|220|0|207|188|7|0|0|0|0|0|207|188|8|0|0|0|0|0|207|188|1|79|74|155|223|246|198|79|118|149|248|198|122|96|104|250|198|0|64|125|68|0|0|200|
82
65|220|0|207|188|2|0|0|0|0|0|207|188|8|0|0|0|0|0|207|188|3|82|74|155|223|246|198|79|118|149|248|198|122|96|104|250|198|0|64|125|68|0|0|200|
83
65|220|0|207|188|3|0|0|0|0|0|207|188|8|0|0|0|0|0|207|188|3|83|74|155|223|246|198|79|118|149|248|198|122|96|104|250|198|0|64|125|68|0|0|200|
84
-559442036
65|220|0|207|188|4|0|0|0|0|0|207|188|8|0|0|0|0|0|207|188|1|84|50|204|74|63|199|79|180|52|65|199|127|118|6|67|199|0|64|125|68|0|0|200|
84
65|220|0|207|188|4|0|0|0|0|0|207|188|8|0|0|0|0|0|207|188|3|84|50|204|74|63|199|79|180|52|65|199|127|118|6|67|199|0|64|125|68|0|0|200|
85
-125606792
65|220|0|207|188|5|0|0|0|0|0|207|188|8|0|0|0|0|0|207|188|1|85|99|222|179|70|199|79|146|156|72|199|150|50|110|74|199|0|64|125|68|0|0|200|
85
65|220|0|207|188|5|0|0|0|0|0|207|188|8|0|0|0|0|0|207|188|3|85|99|222|179|70|199|79|146|156|72|199|150|50|110|74|199|0|64|125|68|0|0|200|
87
-248260506
65|220|0|207|188|7|0|0|0|0|0|207|188|8|0|0|0|0|0|207|188|1|87|99|222|179|70|199|79|146|156|72|199|150|50|110|74|199|0|64|125|68|0|0|200|
88
-93274670
65|220|0|207|188|0|0|0|0|0|0|207|188|8|0|0|0|0|0|207|188|1|88|99|222|179|70|199|79|146|156|72|199|150|50|110|74|199|0|64|125|68|0|0|200|
88
65|220|0|207|188|0|0|0|0|0|0|207|188|8|0|0|0|0|0|207|188|3|88|99|222|179|70|199|79|146|156|72|199|150|50|110|74|199|0|64|125|68|0|0|200|
89
-120839131
65|220|0|207|188|1|0|0|0|0|0|207|188|8|0|0|0|0|0|207|188|1|89|120|247|139|98|199|79|92|65|100|199|145|122|19|102|199|0|64|125|68|0|0|200|
90
-93345747
65|220|0|207|188|2|0|0|0|0|0|207|188|8|0|0|0|0|0|207|188|1|90|120|247|139|98|199|79|92|65|100|199|145|122|19|102|199|0|64|125|68|0|0|200|
90
65|220|0|207|188|2|0|0|0|0|0|207|188|8|0|0|0|0|0|207|188|3|90|120|247|139|98|199|79|92|65|100|199|145|122|19|102|199|0|64|125|68|0|0|200|
91
-152564006
65|220|0|207|188|3|0|0|0|0|0|207|188|8|0|0|0|0|0|207|188|1|91|120|247|139|98|199|79|92|65|100|199|145|122|19|102|199|0|64|125|68|0|0|200|
92
65|220|0|207|188|4|0|0|0|0|0|207|188|8|0|0|0|0|0|207|188|3|92|120|247|139|98|199|79|92|65|100|199|145|122|19|102|199|0|64|125|68|0|0|200|
93
-214549028
65|220|0|207|188|5|0|0|0|0|0|207|188|8|0|0|0|0|0|207|188|1|93|92|44|253|125|199|79|126|179|127|199|145|175|133|129|199|0|64|125|68|0|0|200|
94
-95718122
65|220|0|207|188|6|0|0|0|0|0|207|188|8|0|0|0|0|0|207|188|1|94|92|44|253|125|199|79|126|179|127|199|145|175|133|129|199|0|64|125|68|0|0|200|
94
65|220|0|207|188|6|0|0|0|0|0|207|188|8|0|0|0|0|0|207|188|3|94|92|44|253|125|199|79|126|179|127|199|145|175|133|129|199|0|64|125|68|0|0|200|
95
-153475841
65|220|0|207|188|7|0|0|0|0|0|207|188|8|0|0|0|0|0|207|188|1|95|92|44|253|125|199|79|126|179|127|199|145|175|133|129|199|0|64|125|68|0|0|200|
99
-401905332
65|220|0|207|188|3|0|0|0|0|0|207|188|8|0|0|0|0|0|207|188|1|99|92|44|253|125|199|79|126|179|127|199|145|175|133|129|199|0|64|125|68|0|0|200|
99
65|220|0|207|188|3|0|0|0|0|0|207|188|8|0|0|0|0|0|207|188|3|99|92|44|253|125|199|79|126|179|127|199|145|175|133|129|199|0|64|125|68|0|0|200|
100
-124537537
65|220|0|207|188|4|0|0|0|0|0|207|188|8|0|0|0|0|0|207|188|1|100|92|44|253|125|199|79|126|179|127|199|145|175|133|129|199|0|64|125|68|0|0|200|
107
-748192237
65|220|0|207|188|3|0|0|0|0|0|207|188|8|0|0|0|0|0|207|188|1|107|92|44|253|125|199|79|126|179|127|199|145|175|133|129|199|0|64|125|68|0|0|200|
107
65|220|0|207|188|3|0|0|0|0|0|207|188|8|0|0|0|0|0|207|188|3|107|92|44|253|125|199|79|126|179|127|199|145|175|133|129|199|0|64|125|68|0|0|200|
108
-153503505
65|220|0|207|188|4|0|0|0|0|0|207|188|8|0|0|0|0|0|207|188|1|108|92|44|253|125|199|79|126|179|127|199|145|175|133|129|199|0|64|125|68|0|0|200|
112
65|220|0|207|188|0|0|0|0|0|0|207|188|8|0|0|0|0|0|207|188|3|112|92|44|253|125|199|79|126|179|127|199|145|175|133|129|199|0|64|125|68|0|0|200|
113
-555983294
65|220|0|207|188|1|0|0|0|0|0|207|188|8|0|0|0|0|0|207|188|1|113|92|44|253|125|199|79|126|179|127|199|145|175|133|129|199|0|64|125|68|0|0|200|
114
65|220|0|207|188|2|0|0|0|0|0|207|188|8|0|0|0|0|0|207|188|3|114|92|44|253|125|199|79|126|179|127|199|145|175|133|129|199|0|64|125|68|0|0|200|
116
65|220|0|207|188|4|0|0|0|0|0|207|188|8|0|0|0|0|0|207|188|3|116|92|44|253|125|199|79|126|179|127|199|145|175|133|129|199|0|64|125|68|0|0|200|
117
-462116201
65|220|0|207|188|5|0|0|0|0|0|207|188|8|0|0|0|0|0|207|188|1|117|205|9|157|30|200|79|90|82|32|200|7|81|42|34|200|0|64|125|68|0|0|200|
117
65|220|0|207|188|5|0|0|0|0|0|207|188|8|0|0|0|0|0|207|188|3|117|205|9|157|30|200|79|90|82|32|200|7|81|42|34|200|0|64|125|68|0|0|200|
118
-125273968
65|220|0|207|188|6|0|0|0|0|0|207|188|8|0|0|0|0|0|207|188|1|118|7|115|219|37|200|79|132|197|39|200|88|181|152|41|200|0|64|125|68|0|0|200|
119
-93989456
65|220|0|207|188|7|0|0|0|0|0|207|188|8|0|0|0|0|0|207|188|1|119|7|115|219|37|200|79|132|197|39|200|88|181|152|41|200|0|64|125|68|0|0|200|
119
65|220|0|207|188|7|0|0|0|0|0|207|188|8|0|0|0|0|0|207|188|3|119|7|115|219|37|200|79|132|197|39|200|88|181|152|41|200|0|64|125|68|0|0|200|
120
-121979415
65|220|0|207|188|0|0|0|0|0|0|207|188|8|0|0|0|0|0|207|188|1|120|248|45|237|50|200|79|228|164|52|200|46|171|121|54|200|0|64|125|68|0|0|200|
121
-123685067
65|220|0|207|188|1|0|0|0|0|0|207|188|8|0|0|0|0|0|207|188|1|121|100|117|50|58|200|79|138|16|60|200|114|173|226|61|200|0|64|125|68|0|0|200|
121
65|220|0|207|188|1|0|0|0|0|0|207|188|8|0|0|0|0|0|207|188|3|121|100|117|50|58|200|79|138|16|60|200|114|173|226|61|200|0|64|125|68|0|0|200|
122
-124845805
65|220|0|207|188|2|0|0|0|0|0|207|188|8|0|0|0|0|0|207|188|1|122|107|195|145|65|200|79|6|124|67|200|219|233|86|69|200|0|64|125|68|0|0|200|
126
-433513368
65|220|0|207|188|6|0|0|0|0|0|207|188|8|0|0|0|0|0|207|188|1|126|107|195|145|65|200|79|6|124|67|200|219|233|86|69|200|0|64|125|68|0|0|200|
129
-308457034
65|220|0|207|188|1|0|0|0|0|0|207|188|8|0|0|0|0|0|207|188|1|129|134|128|4|110|200|79|236|188|111|200|195|181|144|113|200|0|64|125|68|0|0|200|
134
65|220|0|207|188|6|0|0|0|0|0|207|188|8|0|0|0|0|0|207|188|3|134|134|128|4|110|200|79|236|188|111|200|195|181|144|113|200|0|64|125|68|0|0|200|
137
-896366464
65|220|0|207|188|1|0|0|0|0|0|207|188|8|0|0|0|0|0|207|188|1|137|134|128|4|110|200|79|236|188|111|200|195|181|144|113|200|0|64|125|68|0|0|200|
138
65|220|0|207|188|2|0|0|0|0|0|207|188|8|0|0|0|0|0|207|188|3|138|134|128|4|110|200|79|236|188|111|200|195|181|144|113|200|0|64|125|68|0|0|200|
140
65|220|0|207|188|4|0|0|0|0|0|207|188|8|0|0|0|0|0|207|188|3|140|134|128|4|110|200|79|236|188|111|200|195|181|144|113|200|0|64|125|68|0|0|200|
141
-461495135
65|220|0|207|188|5|0|0|0|0|0|207|188|8|0|0|0|0|0|207|188|1|141|123|97|235|190|200|79|184|162|192|200|178|52|122|194|200|0|64|125|68|0|0|200|
141
65|220|0|207|188|5|0|0|0|0|0|207|188|8|0|0|0|0|0|207|188|3|141|123|97|235|190|200|79|184|162|192|200|178|52|122|194|200|0|64|125|68|0|0|200|
145
-465961639
65|220|0|207|188|1|0|0|0|0|0|207|188|8|0|0|0|0|0|207|188|1|145|38|242|179|218|200|79|152|107|220|200|130|17|70|222|200|0|64|125|68|0|0|200|
145
65|220|0|207|188|1|0|0|0|0|0|207|188|8|0|0|0|0|0|207|188|3|145|38|242|179|218|200|79|152|107|220|200|130|17|70|222|200|0|64|125|68|0|0|200|
146
65|220|0|207|188|2|0|0|0|0|0|207|188|8|0|0|0|0|0|207|188|3|146|125|29|242|225|200|79|116|221|227|200|205|189|178|229|200|0|64|125|68|0|0|200|
147
-281319658
65|220|0|207|188|3|0|0|0|0|0|207|188|8|0|0|0|0|0|207|188|1|147|125|29|242|225|200|79|116|221|227|200|205|189|178|229|200|0|64|125|68|0|0|200|
148
-94252136
65|220|0|207|188|4|0|0|0|0|0|207|188|8|0|0|0|0|0|207|188|1|148|125|29|242|225|200|79|116|221|227|200|205|189|178|229|200|0|64|125|68|0|0|200|
148
65|220|0|207|188|4|0|0|0|0|0|207|188|8|0|0|0|0|0|207|188|3|148|125|29|242|225|200|79|116|221|227|200|205|189|178|229|200|0|64|125|68|0|0|200|
149
-152976603
65|220|0|207|188|5|0|0|0|0|0|207|188|8|0|0|0|0|0|207|188|1|149|125|29|242|225|200|79|116|221|227|200|205|189|178|229|200|0|64|125|68|0|0|200|
150
-93612621
65|220|0|207|188|6|0|0|0|0|0|207|188|8|0|0|0|0|0|207|188|1|150|125|29|242|225|200|79|116|221|227|200|205|189|178|229|200|0|64|125|68|0|0|200|
150
65|220|0|207|188|6|0|0|0|0|0|207|188|8|0|0|0|0|0|207|188|3|150|125|29|242|225|200|79|116|221|227|200|205|189|178|229|200|0|64|125|68|0|0|200|
151
-121213439
65|220|0|207|188|7|0|0|0|0|0|207|188|8|0|0|0|0|0|207|188|1|151|175|164|7|7|201|79|188|190|8|201|1|22|150|10|201|0|64|125|68|0|0|200|
152
-156920313
65|220|0|207|188|0|0|0|0|0|0|207|188|8|0|0|0|0|0|207|188|1|152|175|164|7|7|201|79|188|190|8|201|1|22|150|10|201|0|64|125|68|0|0|200|
154
-214767168
65|220|0|207|188|2|0|0|0|0|0|207|188|8|0|0|0|0|0|207|188|1|154|175|164|7|7|201|79|188|190|8|201|1|22|150|10|201|0|64|125|68|0|0|200|
155
65|220|0|207|188|3|0|0|0|0|0|207|188|8|0|0|0|0|0|207|188|3|155|175|164|7|7|201|79|188|190|8|201|1|22|150|10|201|0|64|125|68|0|0|200|
156
-225687881
65|220|0|207|188|4|0|0|0|0|0|207|188|8|0|0|0|0|0|207|188|1|156|165|157|153|42|201|79|18|79|44|201|3|195|41|46|201|0|64|125|68|0|0|200|
157
-93584882
65|220|0|207|188|5|0|0|0|0|0|207|188|8|0|0|0|0|0|207|188|1|157|165|157|153|42|201|79|18|79|44|201|3|195|41|46|201|0|64|125|68|0|0|200|
157
65|220|0|207|188|5|0|0|0|0|0|207|188|8|0|0|0|0|0|207|188|3|157|165|157|153|42|201|79|18|79|44|201|3|195|41|46|201|0|64|125|68|0|0|200|
158
-153028897
65|220|0|207|188|6|0|0|0|0|0|207|188|8|0|0|0|0|0|207|188|1|158|165|157|153|42|201|79|18|79|44|201|3|195|41|46|201|0|64|125|68|0|0|200|
159
-93388871
65|220|0|207|188|7|0|0|0|0|0|207|188|8|0|0|0|0|0|207|188|1|159|165|157|153|42|201|79|18|79|44|201|3|195|41|46|201|0|64|125|68|0|0|200|
161
65|220|0|207|188|1|0|0|0|0|0|207|188|8|0|0|0|0|0|207|188|3|161|165|157|153|42|201|79|18|79|44|201|3|195|41|46|201|0|64|125|68|0|0|200|
166
65|220|0|207|188|6|0|0|0|0|0|207|188|8|0|0|0|0|0|207|188|3|166|108|227|67|81|201|79|20|253|82|201|195|190|211|84|201|0|64|125|68|0|0|200|
167
-960882454
65|220|0|207|188|7|0|0|0|0|0|207|188|8|0|0|0|0|0|207|188|1|167|108|227|67|81|201|79|20|253|82|201|195|190|211|84|201|0|64|125|68|0|0|200|
170
65|220|0|207|188|2|0|0|0|0|0|207|188|8|0|0|0|0|0|207|188|3|170|108|227|67|81|201|79|20|253|82|201|195|190|211|84|201|0|64|125|68|0|0|200|
171
-433211847
65|220|0|207|188|3|0|0|0|0|0|207|188|8|0|0|0|0|0|207|188|1|171|108|227|67|81|201|79|20|253|82|201|195|190|211|84|201|0|64|125|68|0|0|200|
171
65|220|0|207|188|3|0|0|0|0|0|207|188|8|0|0|0|0|0|207|188|3|171|108|227|67|81|201|79|20|253|82|201|195|190|211|84|201|0|64|125|68|0|0|200|
172
-155911084
65|220|0|207|188|4|0|0|0|0|0|207|188|8|0|0|0|0|0|207|188|1|172|108|227|67|81|201|79|20|253|82|201|195|190|211|84|201|0|64|125|68|0|0|200|
173
-93258788
65|220|0|207|188|5|0|0|0|0|0|207|188|8|0|0|0|0|0|207|188|1|173|108|227|67|81|201|79|20|253|82|201|195|190|211|84|201|0|64|125|68|0|0|200|
173
65|220|0|207|188|5|0|0|0|0|0|207|188|8|0|0|0|0|0|207|188|3|173|108|227|67|81|201|79|20|253|82|201|195|190|211|84|201|0|64|125|68|0|0|200|
174
-152733910
65|220|0|207|188|6|0|0|0|0|0|207|188|8|0|0|0|0|0|207|188|1|174|108|227|67|81|201|79|20|253|82|201|195|190|211|84|201|0|64|125|68|0|0|200|
175
-94011446
65|220|0|207|188|7|0|0|0|0|0|207|188|8|0|0|0|0|0|207|188|1|175|108|227|67|81|201|79|20|253|82|201|195|190|211|84|201|0|64|125|68|0|0|200|
175
65|220|0|207|188|7|0|0|0|0|0|207|188|8|0|0|0|0|0|207|188|3|175|108|227|67|81|201|79|20|253|82|201|195|190|211|84|201|0|64|125|68|0|0|200|
177
65|220|0|207|188|1|0|0|0|0|0|207|188|8|0|0|0|0|0|207|188|3|177|108|227|67|81|201|79|20|253|82|201|195|190|211|84|201|0|64|125|68|0|0|200|
182
-802691895
65|220|0|207|188|6|0|0|0|0|0|207|188|8|0|0|0|0|0|207|188|1|182|206|165|67|223|201|79|116|6|225|201|183|197|242|226|201|0|64|125|68|0|0|200|
182
65|220|0|207|188|6|0|0|0|0|0|207|188|8|0|0|0|0|0|207|188|3|182|206|165|67|223|201|79|116|6|225|201|183|197|242|226|201|0|64|125|68|0|0|200|
183
65|220|0|207|188|7|0|0|0|0|0|207|188|8|0|0|0|0|0|207|188|3|183|206|165|67|223|201|79|116|6|225|201|183|197|242|226|201|0|64|125|68|0|0|200|
184
-251054178
65|220|0|207|188|0|0|0|0|0|0|207|188|8|0|0|0|0|0|207|188|1|184|176|16|46|238|201|79|56|24|240|201|249|114|235|241|201|0|64|125|68|0|0|200|
185
65|220|0|207|188|1|0|0|0|0|0|207|188|8|0|0|0|0|0|207|188|3|185|176|16|46|238|201|79|56|24|240|201|249|114|235|241|201|0|64|125|68|0|0|200|
186
65|220|0|207|188|2|0|0|0|0|0|207|188|8|0|0|0|0|0|207|188|3|186|68|89|48|251|201|79|72|230|252|201|154|172|189|254|201|0|64|125|68|0|0|200|
191
65|220|0|207|188|7|0|0|0|0|0|207|188|8|0|0|0|0|0|207|188|3|191|68|89|48|251|201|79|72|230|252|201|154|172|189|254|201|0|64|125|68|0|0|200|
192
-899326498
65|220|0|207|188|0|0|0|0|0|0|207|188|8|0|0|0|0|0|207|188|1|192|68|89|48|251|201|79|72|230|252|201|154|172|189|254|201|0|64|125|68|0|0|200|
194
65|220|0|207|188|2|0|0|0|0|0|207|188|8|0|0|0|0|0|207|188|3|194|68|89|48|251|201|79|72|230|252|201|154|172|189|254|201|0|64|125|68|0|0|200|
195
65|220|0|207|188|3|0|0|0|0|0|207|188|8|0|0|0|0|0|207|188|3|195|25|188|85|54|202|79|74|12|56|202|114|25|230|57|202|0|64|125|68|0|0|200|
196
-436740636
65|220|0|207|188|4|0|0|0|0|0|207|188|8|0|0|0|0|0|207|188|1|196|157|11|157|61|202|79|52|132|63|202|7|91|143|65|202|0|64|125|68|0|0|200|
196
65|220|0|207|188|4|0|0|0|0|0|207|188|8|0|0|0|0|0|207|188|3|196|157|11|157|61|202|79|52|132|63|202|7|91|143|65|202|0|64|125|68|0|0|200|
199
-311935440
65|220|0|207|188|7|0|0|0|0|0|207|188|8|0|0|0|0|0|207|188|1|199|251|70|58|69|202|79|140|41|71|202|93|53|252|72|202|0|64|125|68|0|0|200|
200
-93279282
65|220|0|207|188|0|0|0|0|0|0|207|188|8|0|0|0|0|0|207|188|1|200|251|70|58|69|202|79|140|41|71|202|93|53|252|72|202|0|64|125|68|0|0|200|
205
65|220|0|207|188|5|0|0|0|0|0|207|188|8|0|0|0|0|0|207|188|3|205|251|70|58|69|202|79|140|41|71|202|93|53|252|72|202|0|64|125|68|0|0|200|
206
-653730621
65|220|0|207|188|6|0|0|0|0|0|207|188|8|0|0|0|0|0|207|188|1|206|48|238|34|125|202|79|234|214|126|202|109|165|173|128|202|0|64|125|68|0|0|200|
206
65|220|0|207|188|6|0|0|0|0|0|207|188|8|0|0|0|0|0|207|188|3|206|48|238|34|125|202|79|234|214|126|202|109|165|173|128|202|0|64|125|68|0|0|200|
213
-744564423
65|220|0|207|188|5|0|0|0|0|0|207|188|8|0|0|0|0|0|207|188|1|213|22|243|134|169|202|79|246|61|171|202|56|34|16|173|202|0|64|125|68|0|0|200|
213
65|220|0|207|188|5|0|0|0|0|0|207|188|8|0|0|0|0|0|207|188|3|213|22|243|134|169|202|79|246|61|171|202|56|34|16|173|202|0|64|125|68|0|0|200|
221
-932389224
65|220|0|207|188|5|0|0|0|0|0|207|188|8|0|0|0|0|0|207|188|1|221|22|243|134|169|202|79|246|61|171|202|56|34|16|173|202|0|64|125|68|0|0|200|
222
-93273652
65|220|0|207|188|6|0|0|0|0|0|207|188|8|0|0|0|0|0|207|188|1|222|22|243|134|169|202|79|246|61|171|202|56|34|16|173|202|0|64|125|68|0|0|200|
224
65|220|0|207|188|0|0|0|0|0|0|207|188|8|0|0|0|0|0|207|188|3|224|22|243|134|169|202|79|246|61|171|202|56|34|16|173|202|0|64|125|68|0|0|200|
227
65|220|0|207|188|3|0|0|0|0|0|207|188|8|0|0|0|0|0|207|188|3|227|22|243|134|169|202|79|246|61|171|202|56|34|16|173|202|0|64|125|68|0|0|200|
228
-658842773
65|220|0|207|188|4|0|0|0|0|0|207|188|8|0|0|0|0|0|207|188|1|228|22|243|134|169|202|79|246|61|171|202|56|34|16|173|202|0|64|125|68|0|0|200|
228
65|220|0|207|188|4|0|0|0|0|0|207|188|8|0|0|0|0|0|207|188|3|228|22|243|134|169|202|79|246|61|171|202|56|34|16|173|202|0|64|125|68|0|0|200|
229
-124210922
65|220|0|207|188|5|0|0|0|0|0|207|188|8|0|0|0|0|0|207|188|1|229|192|192|33|21|203|79|224|11|23|203|23|33|222|24|203|0|64|125|68|0|0|200|
230
-124526832
65|220|0|207|188|6|0|0|0|0|0|207|188|8|0|0|0|0|0|207|188|1|230|192|192|33|21|203|79|224|11|23|203|23|33|222|24|203|0|64|125|68|0|0|200|
230
65|220|0|207|188|6|0|0|0|0|0|207|188|8|0|0|0|0|0|207|188|3|230|192|192|33|21|203|79|224|11|23|203|23|33|222|24|203|0|64|125|68|0|0|200|
237
-807017502
65|220|0|207|188|5|0|0|0|0|0|207|188|8|0|0|0|0|0|207|188|1|237|159|148|199|76|203|79|130|132|78|203|34|94|92|80|203|0|64|125|68|0|0|200|
237
65|220|0|207|188|5|0|0|0|0|0|207|188|8|0|0|0|0|0|207|188|3|237|159|148|199|76|203|79|130|132|78|203|34|94|92|80|203|0|64|125|68|0|0|200|
238
-126593444
65|220|0|207|188|6|0|0|0|0|0|207|188|8|0|0|0|0|0|207|188|1|238|35|122|15|84|203|79|120|247|85|203|48|249|236|87|203|0|64|125|68|0|0|200|
239
-124828929
65|220|0|207|188|7|0|0|0|0|0|207|188|8|0|0|0|0|0|207|188|1|239|37|41|155|91|203|79|234|134|93|203|91|219|88|95|203|0|64|125|68|0|0|200|
239
65|220|0|207|188|7|0|0|0|0|0|207|188|8|0|0|0|0|0|207|188|3|239|37|41|155|91|203|79|234|134|93|203|91|219|88|95|203|0|64|125|68|0|0|200|
248
-1052732703
65|220|0|207|188|0|0|0|0|0|0|207|188|8|0|0|0|0|0|207|188|1|248|37|41|155|91|203|79|234|134|93|203|91|219|88|95|203|0|64|125|68|0|0|200|
249
65|220|0|207|188|1|0|0|0|0|0|207|188|8|0|0|0|0|0|207|188|3|249|37|41|155|91|203|79|234|134|93|203|91|219|88|95|203|0|64|125|68|0|0|200|
250
-215340651
65|220|0|207|188|2|0|0|0|0|0|207|188|8|0|0|0|0|0|207|188|1|250|46|198|94|167|203|79|8|22|169|203|125|155|236|170|203|0|64|125|68|0|0|200|
251
-96225527
65|220|0|207|188|3|0|0|0|0|0|207|188|8|0|0|0|0|0|207|188|1|251|46|198|94|167|203|79|8|22|169|203|125|155|236|170|203|0|64|125|68|0|0|200|
252
-93468219
65|220|0|207|188|4|0|0|0|0|0|207|188|8|0|0|0|0|0|207|188|1|252|46|198|94|167|203|79|8|22|169|203|125|155|236|170|203|0|64|125|68|0|0|200|
252
65|220|0|207|188|4|0|0|0|0|0|207|188|8|0|0|0|0|0|207|188|3|252|46|198|94|167|203|79|8|22|169|203|125|155|236|170|203|0|64|125|68|0|0|200|
253
-153496838
65|220|0|207|188|5|0|0|0|0|0|207|188|8|0|0|0|0|0|207|188|1|253|46|198|94|167|203|79|8|22|169|203|125|155|236|170|203|0|64|125|68|0|0|200|
255
65|220|0|207|188|7|0|0|0|0|0|207|188|8|0|0|0|0|0|207|188|3|255|46|198|94|167|203|79|8|22|169|203|125|155|236|170|203|0|64|125|68|0|0|200|
4
-712613847
65|220|0|207|188|4|0|0|0|0|0|207|188|8|0|0|0|0|0|207|188|1|4|46|198|94|167|203|79|8|22|169|203|125|155|236|170|203|0|64|125|68|0|0|200|
4
65|220|0|207|188|4|0|0|0|0|0|207|188|8|0|0|0|0|0|207|188|3|4|46|198|94|167|203|79|8|22|169|203|125|155|236|170|203|0|64|125|68|0|0|200|
5
-121002460
65|220|0|207|188|5|0|0|0|0|0|207|188|8|0|0|0|0|0|207|188|1|5|221|222|143|237|203|79|218|71|239|203|26|168|27|241|203|0|64|125|68|0|0|200|
6
-93659203
65|220|0|207|188|6|0|0|0|0|0|207|188|8|0|0|0|0|0|207|188|1|6|221|222|143|237|203|79|218|71|239|203|26|168|27|241|203|0|64|125|68|0|0|200|
8
65|220|0|207|188|0|0|0|0|0|0|207|188|8|0|0|0|0|0|207|188|3|8|221|222|143|237|203|79|218|71|239|203|26|168|27|241|203|0|64|125|68|0|0|200|
9
65|220|0|207|188|1|0|0|0|0|0|207|188|8|0|0|0|0|0|207|188|3|9|221|222|143|237|203|79|218|71|239|203|26|168|27|241|203|0|64|125|68|0|0|200|
10
65|220|0|207|188|2|0|0|0|0|0|207|188|8|0|0|0|0|0|207|188|3|10|143|227|83|16|204|79|18|48|18|204|119|89|2|20|204|0|64|125|68|0|0|200|
13
-862397370
65|220|0|207|188|5|0|0|0|0|0|207|188|8|0|0|0|0|0|207|188|1|13|143|227|83|16|204|79|18|48|18|204|119|89|2|20|204|0|64|125|68|0|0|200|
20
-836300940
65|220|0|207|188|4|0|0|0|0|0|207|188|8|0|0|0|0|0|207|188|1|20|143|227|83|16|204|79|18|48|18|204|119|89|2|20|204|0|64|125|68|0|0|200|
21
65|220|0|207|188|5|0|0|0|0|0|207|188|8|0|0|0|0|0|207|188|3|21|143|227|83|16|204|79|18|48|18|204|119|89|2|20|204|0|64|125|68|0|0|200|
22
-215081551
65|220|0|207|188|6|0|0|0|0|0|207|188|8|0|0|0|0|0|207|188|1|22|217|87|48|101|204|79|20|231|102|204|24|225|189|104|204|0|64|125|68|0|0|200|
23
-101965453
65|220|0|207|188|7|0|0|0|0|0|207|188|8|0|0|0|0|0|207|188|1|23|217|87|48|101|204|79|20|231|102|204|24|225|189|104|204|0|64|125|68|0|0|200|
25
65|220|0|207|188|1|0|0|0|0|0|207|188|8|0|0|0|0|0|207|188|3|25|217|87|48|101|204|79|20|231|102|204|24|225|189|104|204|0|64|125|68|0|0|200|
26
-308071017
65|220|0|207|188|2|0|0|0|0|0|207|188|8|0|0|0|0|0|207|188|1|26|98|230|159|125|204|79|50|86|127|204|190|247|46|129|204|0|64|125|68|0|0|200|
26
65|220|0|207|188|2|0|0|0|0|0|207|188|8|0|0|0|0|0|207|188|3|26|98|230|159|125|204|79|50|86|127|204|190|247|46|129|204|0|64|125|68|0|0|200|
34
-899902036
65|220|0|207|188|2|0|0|0|0|0|207|188|8|0|0|0|0|0|207|188|1|34|98|230|159|125|204|79|50|86|127|204|190|247|46|129|204|0|64|125|68|0|0|200|
35
-133775225
65|220|0|207|188|3|0|0|0|0|0|207|188|8|0|0|0|0|0|207|188|1|35|98|230|159|125|204|79|50|86|127|204|190|247|46|129|204|0|64|125|68|0|0|200|
37
65|220|0|207|188|5|0|0|0|0|0|207|188|8|0|0|0|0|0|207|188|3|37|98|230|159|125|204|79|50|86|127|204|190|247|46|129|204|0|64|125|68|0|0|200|
38
-370705896
65|220|0|207|188|6|0|0|0|0|0|207|188|8|0|0|0|0|0|207|188|1|38|98|230|159|125|204|79|50|86|127|204|190|247|46|129|204|0|64|125|68|0|0|200|
43
-557847666
65|220|0|207|188|3|0|0|0|0|0|207|188|8|0|0|0|0|0|207|188|1|43|98|230|159|125|204|79|50|86|127|204|190|247|46|129|204|0|64|125|68|0|0|200|
44
65|220|0|207|188|4|0|0|0|0|0|207|188|8|0|0|0|0|0|207|188|3|44|98|230|159|125|204|79|50|86|127|204|190|247|46|129|204|0|64|125|68|0|0|200|
46
-351786665
65|220|0|207|188|6|0|0|0|0|0|207|188|8|0|0|0|0|0|207|188|1|46|233|52|124|255|204|79|136|64|1|205|223|178|46|3|205|0|64|125|68|0|0|200|
47
-93551169
65|220|0|207|188|7|0|0|0|0|0|207|188|8|0|0|0|0|0|207|188|1|47|233|52|124|255|204|79|136|64|1|205|223|178|46|3|205|0|64|125|68|0|0|200|
48
-122207279
65|220|0|207|188|0|0|0|0|0|0|207|188|0|0|0|0|0|0|207|188|2|48|233|52|124|255|204|79|136|64|1|205|223|178|46|3|205|0|64|125|68|0|0|200|
56
65|220|0|207|188|0|0|0|0|0|0|207|188|8|0|0|0|0|0|207|188|3|56|233|52|124|255|204|79|136|64|1|205|223|178|46|3|205|0|64|125|68|0|0|200|
62
-1551981364
65|220|0|207|188|6|0|0|0|0|0|207|188|8|0|0|0|0|0|207|188|1|62|233|52|124|255|204|79|136|64|1|205|223|178|46|3|205|0|64|125|68|0|0|200|
64
65|220|0|207|188|0|0|0|0|0|0|207|188|8|0|0|0|0|0|207|188|3|64|233|52|124|255|204|79|136|64|1|205|223|178|46|3|205|0|64|125|68|0|0|200|
66
65|220|0|207|188|2|0|0|0|0|0|207|188|8|0|0|0|0|0|207|188|3|66|233|52|124|255|204|79|136|64|1|205|223|178|46|3|205|0|64|125|68|0|0|200|
71
65|220|0|207|188|7|0|0|0|0|0|207|188|8|0|0|0|0|0|207|188|3|71|239|228|207|169|205|79|190|135|171|205|43|136|91|173|205|0|64|125|68|0|0|200|
72
-1169129441
65|220|0|207|188|0|0|0|0|0|0|207|188|8|0|0|0|0|0|207|188|3|72|36|216|146|182|205|79|170|73|184|205|152|165|34|186|205|0|64|125|68|0|0|200|
72
65|220|0|207|188|0|0|0|0|0|0|207|188|8|0|0|0|0|0|207|188|3|72|36|216|146|182|205|79|170|73|184|205|152|165|34|186|205|0|64|125|68|0|0|200|
74
-267684112
65|220|0|207|188|2|0|0|0|0|0|207|188|8|0|0|0|0|0|207|188|1|74|36|216|146|182|205|79|170|73|184|205|152|165|34|186|205|0|64|125|68|0|0|200|
74
65|220|0|207|188|2|0|0|0|0|0|207|188|8|0|0|0|0|0|207|188|3|76|36|216|146|182|205|79|170|73|184|205|152|165|34|186|205|0|64|125|68|0|0|200|
76
65|220|0|207|188|4|0|0|0|0|0|207|188|8|0|0|0|0|0|207|188|3|76|36|216|146|182|205|79|170|73|184|205|152|165|34|186|205|0|64|125|68|0|0|200|
84
-1083670024
65|220|0|207|188|4|0|0|0|0|0|207|188|8|0|0|0|0|0|207|188|1|84|135|155|46|7|206|79|44|228|8|206|171|102|182|10|206|0|64|125|68|0|0|200|
84
65|220|0|207|188|4|0|0|0|0|0|207|188|8|0|0|0|0|0|207|188|3|84|135|155|46|7|206|79|44|228|8|206|171|102|182|10|206|0|64|125|68|0|0|200|
85
-124645126
65|220|0|207|188|5|0|0|0|0|0|207|188|8|0|0|0|0|0|207|188|1|85|152|180|101|14|206|79|252|84|16|206|0|133|40|18|206|0|64|125|68|0|0|200|
86
-93606441
65|220|0|207|188|6|0|0|0|0|0|207|188|8|0|0|0|0|0|207|188|1|86|152|180|101|14|206|79|252|84|16|206|0|133|40|18|206|0|64|125|68|0|0|200|
87
-122301024
65|220|0|207|188|7|0|0|0|0|0|207|188|8|0|0|0|0|0|207|188|1|87|58|255|103|27|206|79|108|33|29|206|129|74|248|30|206|0|64|125|68|0|0|200|
87
65|220|0|207|188|7|0|0|0|0|0|207|188|8|0|0|0|0|0|207|188|3|87|58|255|103|27|206|79|108|33|29|206|129|74|248|30|206|0|64|125|68|0|0|200|
88
-129710672
65|220|0|207|188|0|0|0|0|0|0|207|188|8|0|0|0|0|0|207|188|1|88|200|46|178|34|206|79|146|144|36|206|179|178|189|38|206|0|64|125|68|0|0|200|
88
65|220|0|207|188|0|0|0|0|0|0|207|188|8|0|0|0|0|0|207|188|3|88|200|46|178|34|206|79|146|144|36|206|179|178|189|38|206|0|64|125|68|0|0|200|
89
-124183259
65|220|0|207|188|1|0|0|0|0|0|207|188|8|0|0|0|0|0|207|188|1|89|178|110|109|42|206|79|192|87|44|206|246|198|41|46|206|0|64|125|68|0|0|200|
90
65|220|0|207|188|2|0|0|0|0|0|207|188|8|0|0|0|0|0|207|188|3|90|178|110|109|42|206|79|192|87|44|206|246|198|41|46|206|0|64|125|68|0|0|200|
91
-247120182
65|220|0|207|188|3|0|0|0|0|0|207|188|8|0|0|0|0|0|207|188|1|91|178|110|109|42|206|79|192|87|44|206|246|198|41|46|206|0|64|125|68|0|0|200|
94
-341532634
65|220|0|207|188|6|0|0|0|0|0|207|188|8|0|0|0|0|0|207|188|1|94|178|110|109|42|206|79|192|87|44|206|246|198|41|46|206|0|64|125|68|0|0|200|
96
-186873393
65|220|0|207|188|0|0|0|0|0|0|207|188|8|0|0|0|0|0|207|188|1|96|178|110|109|42|206|79|192|87|44|206|246|198|41|46|206|0|64|125|68|0|0|200|
96
65|220|0|207|188|0|0|0|0|0|0|207|188|8|0|0|0|0|0|207|188|3|96|178|110|109|42|206|79|192|87|44|206|246|198|41|46|206|0|64|125|68|0|0|200|
97
-121206263
65|220|0|207|188|1|0|0|0|0|0|207|188|8|0|0|0|0|0|207|188|1|97|178|110|109|42|206|79|192|87|44|206|246|198|41|46|206|0|64|125|68|0|0|200|
98
-97466743
65|220|0|207|188|2|0|0|0|0|0|207|188|2|0|0|0|0|0|207|188|2|98|178|110|109|42|206|79|192|87|44|206|246|198|41|46|206|0|64|125|68|0|0|200|
138
65|220|0|207|188|2|0|0|0|0|0|207|188|8|0|0|0|0|0|207|188|3|138|178|110|109|42|206|79|192|87|44|206|246|198|41|46|206|0|64|125|68|0|0|200|
139
-342596447
65|220|0|207|188|3|0|0|0|0|0|207|188|8|0|0|0|0|0|207|188|1|139|180|98|77|122|207|79|122|4|124|207|12|112|215|125|207|0|64|125|68|0|0|200|
141
-217104620
65|220|0|207|188|5|0|0|0|0|0|207|188|8|0|0|0|0|0|207|188|1|141|164|192|47|135|207|79|164|229|136|207|250|241|191|138|207|0|64|125|68|0|0|200|
142
65|220|0|207|188|6|0|0|0|0|0|207|188|8|0|0|0|0|0|207|188|3|142|164|192|47|135|207|79|164|229|136|207|250|241|191|138|207|0|64|125|68|0|0|200|
144
-312220032
65|220|0|207|188|0|0|0|0|0|0|207|188|8|0|0|0|0|0|207|188|1|144|226|122|34|148|207|79|90|216|149|207|41|236|175|151|207|0|64|125|68|0|0|200|
144
65|220|0|207|188|0|0|0|0|0|0|207|188|8|0|0|0|0|0|207|188|3|144|226|122|34|148|207|79|90|216|149|207|41|236|175|151|207|0|64|125|68|0|0|200|
146
65|220|0|207|188|2|0|0|0|0|0|207|188|8|0|0|0|0|0|207|188|3|146|8|27|16|161|207|79|162|200|162|207|98|180|160|164|207|0|64|125|68|0|0|200|
147
-368453984
65|220|0|207|188|3|0|0|0|0|0|207|188|8|0|0|0|0|0|207|188|1|147|8|27|16|161|207|79|162|200|162|207|98|180|160|164|207|0|64|125|68|0|0|200|
150
65|220|0|207|188|6|0|0|0|0|0|207|188|8|0|0|0|0|0|207|188|3|150|8|27|16|161|207|79|162|200|162|207|98|180|160|164|207|0|64|125|68|0|0|200|
151
-402888939
65|220|0|207|188|7|0|0|0|0|0|207|188|8|0|0|0|0|0|207|188|1|151|30|55|202|199|207|79|156|129|201|207|102|144|87|203|207|0|64|125|68|0|0|200|
151
65|220|0|207|188|7|0|0|0|0|0|207|188|8|0|0|0|0|0|207|188|3|151|30|55|202|199|207|79|156|129|201|207|102|144|87|203|207|0|64|125|68|0|0|200|
152
-124541627
65|220|0|207|188|0|0|0|0|0|0|207|188|8|0|0|0|0|0|207|188|1|152|123|254|9|207|207|79|22|242|208|207|191|56|199|210|207|0|64|125|68|0|0|200|
152
65|220|0|207|188|0|0|0|0|0|0|207|188|0|0|0|0|0|0|207|188|4|152|177|94|118|214|207|79|140|99|216|207|26|177|56|218|207|0|64|125|68|0|0|200|
181
945450448
65|220|0|207|188|5|0|0|0|0|0|207|188|8|0|0|0|0|0|207|188|1|181|195|216|233|150|208|79|30|161|152|208|238|137|112|154|208|0|64|125|68|0|0|200|
181
65|220|0|207|188|5|0|0|0|0|0|207|188|8|0|0|0|0|0|207|188|3|181|195|216|233|150|208|79|30|161|152|208|238|137|112|154|208|0|64|125|68|0|0|200|
182
-125017875
65|220|0|207|188|6|0|0|0|0|0|207|188|8|0|0|0|0|0|207|188|1|182|211|127|28|158|208|79|164|9|160|208|46|138|221|161|208|0|64|125|68|0|0|200|
183
-124870391
65|220|0|207|188|7|0|0|0|0|0|207|188|8|0|0|0|0|0|207|188|1|183|211|127|28|158|208|79|164|9|160|208|46|138|221|161|208|0|64|125|68|0|0|200|
183
65|220|0|207|188|7|0|0|0|0|0|207|188|8|0|0|0|0|0|207|188|3|183|211|127|28|158|208|79|164|9|160|208|46|138|221|161|208|0|64|125|68|0|0|200|
184
-155673552
65|220|0|207|188|0|0|0|0|0|0|207|188|8|0|0|0|0|0|207|188|1|184|211|127|28|158|208|79|164|9|160|208|46|138|221|161|208|0|64|125|68|0|0|200|
185
65|220|0|207|188|1|0|0|0|0|0|207|188|8|0|0|0|0|0|207|188|3|185|211|127|28|158|208|79|164|9|160|208|46|138|221|161|208|0|64|125|68|0|0|200|
186
-215366759
65|220|0|207|188|2|0|0|0|0|0|207|188|8|0|0|0|0|0|207|188|1|186|36|57|216|187|208|79|140|142|189|208|117|236|104|191|208|0|64|125|68|0|0|200|
188
65|220|0|207|188|4|0|0|0|0|0|207|188|8|0|0|0|0|0|207|188|3|188|36|57|216|187|208|79|140|142|189|208|117|236|104|191|208|0|64|125|68|0|0|200|
189
-370402283
65|220|0|207|188|5|0|0|0|0|0|207|188|8|0|0|0|0|0|207|188|1|189|36|57|216|187|208|79|140|142|189|208|117|236|104|191|208|0|64|125|68|0|0|200|
189
65|220|0|207|188|5|0|0|0|0|0|207|188|8|0|0|0|0|0|207|188|3|189|36|57|216|187|208|79|140|142|189|208|117|236|104|191|208|0|64|125|68|0|0|200|
190
-125204744
65|220|0|207|188|6|0|0|0|0|0|207|188|8|0|0|0|0|0|207|188|1|190|36|57|216|187|208|79|140|142|189|208|117|236|104|191|208|0|64|125|68|0|0|200|
191
-94743186
65|220|0|207|188|8|0|0|0|0|0|207|188|7|0|0|0|0|0|207|188|2|191|36|57|216|187|208|79|140|142|189|208|117|236|104|191|208|0|64|125|68|0|0|200|
225
65|220|0|207|188|1|0|0|0|0|0|207|188|8|0|0|0|0|0|207|188|3|225|36|57|216|187|208|79|140|142|189|208|117|236|104|191|208|0|64|125|68|0|0|200|
226
241358439
65|220|0|207|188|2|0|0|0|0|0|207|188|8|0|0|0|0|0|207|188|1|226|36|57|216|187|208|79|140|142|189|208|117|236|104|191|208|0|64|125|68|0|0|200|
227
-93813870
65|220|0|207|188|3|0|0|0|0|0|207|188|8|0|0|0|0|0|207|188|1|227|36|57|216|187|208|79|140|142|189|208|117|236|104|191|208|0|64|125|68|0|0|200|
230
65|220|0|207|188|6|0|0|0|0|0|207|188|8|0|0|0|0|0|207|188|3|230|36|57|216|187|208|79|140|142|189|208|117|236|104|191|208|0|64|125|68|0|0|200|
231
-401098379
65|220|0|207|188|7|0|0|0|0|0|207|188|8|0|0|0|0|0|207|188|1|231|68|69|56|238|209|79|26|240|239|209|119|88|194|241|209|0|64|125|68|0|0|200|
232
-128584624
65|220|0|207|188|0|0|0|0|0|0|207|188|8|0|0|0|0|0|207|188|1|232|76|8|109|245|209|79|232|91|247|209|233|31|103|249|209|0|64|125|68|0|0|200|
232
65|220|0|207|188|0|0|0|0|0|0|207|188|8|0|0|0|0|0|207|188|3|232|76|8|109|245|209|79|232|91|247|209|233|31|103|249|209|0|64|125|68|0|0|200|
233
-124936548
65|220|0|207|188|1|0|0|0|0|0|207|188|1|0|0|0|0|0|207|188|2|233|227|25|23|253|209|79|30|0|255|209|41|80|210|0|210|0|64|125|68|0|0|200|
253
1993411574
65|220|0|207|188|5|0|0|0|0|0|207|188|8|0|0|0|0|0|207|188|1|253|60|150|73|134|210|79|252|57|136|210|153|58|12|138|210|0|64|125|68|0|0|200|
253
65|220|0|207|188|5|0|0|0|0|0|207|188|8|0|0|0|0|0|207|188|3|253|60|150|73|134|210|79|252|57|136|210|153|58|12|138|210|0|64|125|68|0|0|200|
254
-132034293
65|220|0|207|188|6|0|0|0|0|0|207|188|8|0|0|0|0|0|207|188|1|254|159|214|184|141|210|79|162|165|143|210|88|21|231|145|210|0|64|125|68|0|0|200|
254
65|220|0|207|188|6|0|0|0|0|0|207|188|8|0|0|0|0|0|207|188|3|254|159|214|184|141|210|79|162|165|143|210|88|21|231|145|210|0|64|125|68|0|0|200|
255
-125234924
65|220|0|207|188|7|0|0|0|0|0|207|188|8|0|0|0|0|0|207|188|1|255|70|139|151|149|210|79|142|130|151|210|137|217|84|153|210|0|64|125|68|0|0|200|
0
-123710206
65|220|0|207|188|0|0|0|0|0|0|207|188|8|0|0|0|0|0|207|188|1|0|212|127|14|157|210|79|182|242|158|210|231|113|196|160|210|0|64|125|68|0|0|200|
0
65|220|0|207|188|0|0|0|0|0|0|207|188|8|0|0|0|0|0|207|188|3|0|212|127|14|157|210|79|182|242|158|210|231|113|196|160|210|0|64|125|68|0|0|200|
1
-125164281
65|220|0|207|188|1|0|0|0|0|0|207|188|8|0|0|0|0|0|207|188|1|1|203|47|110|164|210|79|132|91|166|210|42|148|47|168|210|0|64|125|68|0|0|200|
5
-403230536
65|220|0|207|188|5|0|0|0|0|0|207|188|8|0|0|0|0|0|207|188|1|5|203|47|110|164|210|79|132|91|166|210|42|148|47|168|210|0|64|125|68|0|0|200|
5
65|220|0|207|188|5|0|0|0|0|0|207|188|8|0|0|0|0|0|207|188|3|5|203|47|110|164|210|79|132|91|166|210|42|148|47|168|210|0|64|125|68|0|0|200|
6
-155818399
65|220|0|207|188|6|0|0|0|0|0|207|188|8|0|0|0|0|0|207|188|1|6|203|47|110|164|210|79|132|91|166|210|42|148|47|168|210|0|64|125|68|0|0|200|
12
65|220|0|207|188|4|0|0|0|0|0|207|188|8|0|0|0|0|0|207|188|3|12|203|47|110|164|210|79|132|91|166|210|42|148|47|168|210|0|64|125|68|0|0|200|
13
-773575441
65|220|0|207|188|5|0|0|0|0|0|207|188|6|0|0|0|0|0|207|188|2|14|203|47|110|164|210|79|132|91|166|210|42|148|47|168|210|0|64|125|68|0|0|200|
42
1043704147
65|220|0|207|188|2|0|0|0|0|0|207|188|8|0|0|0|0|0|207|188|1|42|203|47|110|164|210|79|132|91|166|210|42|148|47|168|210|0|64|125|68|0|0|200|
50
65|220|0|207|188|2|0|0|0|0|0|207|188|8|0|0|0|0|0|207|188|3|50|64|64|25|224|211|79|118|207|225|211|152|37|170|227|211|0|64|125|68|0|0|200|
51
-1020157494
65|220|0|207|188|3|0|0|0|0|0|207|188|8|0|0|0|0|0|207|188|1|51|64|64|25|224|211|79|118|207|225|211|152|37|170|227|211|0|64|125|68|0|0|200|
51
65|220|0|207|188|3|0|0|0|0|0|207|188|8|0|0|0|0|0|207|188|3|51|64|64|25|224|211|79|118|207|225|211|152|37|170|227|211|0|64|125|68|0|0|200|
52
65|220|0|207|188|4|0|0|0|0|0|207|188|8|0|0|0|0|0|207|188|3|52|84|240|235|249|211|79|8|211|251|211|158|56|165|253|211|0|64|125|68|0|0|200|
53
-280647784
65|220|0|207|188|5|0|0|0|0|0|207|188|8|0|0|0|0|0|207|188|1|55|84|240|235|249|211|79|8|211|251|211|158|56|165|253|211|0|64|125|68|0|0|200|
55
-186534507
65|220|0|207|188|7|0|0|0|0|0|207|188|8|0|0|0|0|0|207|188|1|55|84|240|235|249|211|79|8|211|251|211|158|56|165|253|211|0|64|125|68|0|0|200|
64
65|220|0|207|188|0|0|0|0|0|0|207|188|8|0|0|0|0|0|207|188|3|64|84|240|235|249|211|79|8|211|251|211|158|56|165|253|211|0|64|125|68|0|0|200|
65
65|220|0|207|188|1|0|0|0|0|0|207|188|8|0|0|0|0|0|207|188|3|65|153|176|210|82|212|79|226|142|84|212|27|242|105|86|212|0|64|125|68|0|0|200|
66
-1302247866
65|220|0|207|188|2|0|0|0|0|0|207|188|8|0|0|0|0|0|207|188|1|66|153|176|210|82|212|79|226|142|84|212|27|242|105|86|212|0|64|125|68|0|0|200|
69
65|220|0|207|188|5|0|0|0|0|0|207|188|8|0|0|0|0|0|207|188|3|69|153|176|210|82|212|79|226|142|84|212|27|242|105|86|212|0|64|125|68|0|0|200|
70
-401413706
65|220|0|207|188|6|0|0|0|0|0|207|188|8|0|0|0|0|0|207|188|1|70|153|176|210|82|212|79|226|142|84|212|27|242|105|86|212|0|64|125|68|0|0|200|
71
-96067910
65|220|0|207|188|7|0|0|0|0|0|207|188|8|0|0|0|0|0|207|188|1|71|153|176|210|82|212|79|226|142|84|212|27|242|105|86|212|0|64|125|68|0|0|200|
72
65|220|0|207|188|0|0|0|0|0|0|207|188|8|0|0|0|0|0|207|188|3|72|153|176|210|82|212|79|226|142|84|212|27|242|105|86|212|0|64|125|68|0|0|200|
73
-214698569
65|220|0|207|188|1|0|0|0|0|0|207|188|8|0|0|0|0|0|207|188|3|77|138|237|153|134|212|79|70|80|136|212|196|160|38|138|212|0|64|125|68|0|0|200|
77
65|220|0|207|188|5|0|0|0|0|0|207|188|8|0|0|0|0|0|207|188|3|77|138|237|153|134|212|79|70|80|136|212|196|160|38|138|212|0|64|125|68|0|0|200|
99
1419460831
65|220|0|207|188|3|0|0|0|0|0|207|188|8|0|0|0|0|0|207|188|1|99|138|237|153|134|212|79|70|80|136|212|196|160|38|138|212|0|64|125|68|0|0|200|
100
-104659809
65|220|0|207|188|4|0|0|0|0|0|207|188|8|0|0|0|0|0|207|188|1|100|138|237|153|134|212|79|70|80|136|212|196|160|38|138|212|0|64|125|68|0|0|200|
101
-124046018
65|220|0|207|188|5|0|0|0|0|0|207|188|8|0|0|0|0|0|207|188|1|101|138|237|153|134|212|79|70|80|136|212|196|160|38|138|212|0|64|125|68|0|0|200|
102
-94423169
65|220|0|207|188|6|0|0|0|0|0|207|188|8|0|0|0|0|0|207|188|1|102|138|237|153|134|212|79|70|80|136|212|196|160|38|138|212|0|64|125|68|0|0|200|
103
-121269761
65|220|0|207|188|7|0|0|0|0|0|207|188|8|0|0|0|0|0|207|188|1|103|22|143|126|76|213|79|76|53|78|213|103|12|13|80|213|0|64|125|68|0|0|200|
103
65|220|0|207|188|7|0|0|0|0|0|207|188|8|0|0|0|0|0|207|188|3|103|22|143|126|76|213|79|76|53|78|213|103|12|13|80|213|0|64|125|68|0|0|200|
104
-124869899
65|220|0|207|188|0|0|0|0|0|0|207|188|8|0|0|0|0|0|207|188|1|104|76|2|185|83|213|79|18|169|85|213|182|68|123|87|213|0|64|125|68|0|0|200|
104
65|220|0|207|188|0|0|0|0|0|0|207|188|8|0|0|0|0|0|207|188|3|104|76|2|185|83|213|79|18|169|85|213|182|68|123|87|213|0|64|125|68|0|0|200|
105
65|220|0|207|188|1|0|0|0|0|0|207|188|8|0|0|0|0|0|207|188|3|105|196|100|42|91|213|79|130|25|93|213|11|171|235|94|213|0|64|125|68|0|0|200|
107
-343235076
65|220|0|207|188|3|0|0|0|0|0|207|188|8|0|0|0|0|0|207|188|1|107|14|235|150|98|213|79|186|133|100|213|107|117|89|102|213|0|64|125|68|0|0|200|
108
-121192019
65|220|0|207|188|4|0|0|0|0|0|207|188|8|0|0|0|0|0|207|188|1|108|14|235|150|98|213|79|186|133|100|213|107|117|89|102|213|0|64|125|68|0|0|200|
108
65|220|0|207|188|4|0|0|0|0|0|207|188|8|0|0|0|0|0|207|188|3|108|14|235|150|98|213|79|186|133|100|213|107|117|89|102|213|0|64|125|68|0|0|200|
113
-620346371
65|220|0|207|188|1|0|0|0|0|0|207|188|8|0|0|0|0|0|207|188|1|113|23|40|143|148|213|79|116|75|150|213|124|17|35|152|213|0|64|125|68|0|0|200|
114
-124498165
65|220|0|207|188|2|0|0|0|0|0|207|188|8|0|0|0|0|0|207|188|1|114|129|231|210|155|213|79|50|189|157|213|189|207|142|159|213|0|64|125|68|0|0|200|
115
-93275691
65|220|0|207|188|3|0|0|0|0|0|207|188|8|0|0|0|0|0|207|188|1|115|129|231|210|155|213|79|50|189|157|213|189|207|142|159|213|0|64|125|68|0|0|200|
115
65|220|0|207|188|3|0|0|0|0|0|207|188|8|0|0|0|0|0|207|188|3|115|129|231|210|155|213|79|50|189|157|213|189|207|142|159|213|0|64|125|68|0|0|200|
120
-530069141
65|220|0|207|188|0|0|0|0|0|0|207|188|8|0|0|0|0|0|207|188|1|120|129|231|210|155|213|79|50|189|157|213|189|207|142|159|213|0|64|125|68|0|0|200|
162
-526676441
65|220|0|207|188|2|0|0|0|0|0|207|188|8|0|0|0|0|0|207|188|1|162|129|231|210|155|213|79|50|189|157|213|189|207|142|159|213|0|64|125|68|0|0|200|
163
-94121565
65|220|0|207|188|3|0|0|0|0|0|207|188|8|0|0|0|0|0|207|188|1|163|129|231|210|155|213|79|50|189|157|213|189|207|142|159|213|0|64|125|68|0|0|200|
167
65|220|0|207|188|7|0|0|0|0|0|207|188|8|0|0|0|0|0|207|188|3|167|129|231|210|155|213|79|50|189|157|213|189|207|142|159|213|0|64|125|68|0|0|200|
169
-680112347
65|220|0|207|188|1|0|0|0|0|0|207|188|8|0|0|0|0|0|207|188|1|169|129|231|210|155|213|79|50|189|157|213|189|207|142|159|213|0|64|125|68|0|0|200|
178
65|220|0|207|188|2|0|0|0|0|0|207|188|8|0|0|0|0|0|207|188|3|178|129|231|210|155|213|79|50|189|157|213|189|207|142|159|213|0|64|125|68|0|0|200|
180
-1211982876
65|220|0|207|188|4|0|0|0|0|0|207|188|8|0|0|0|0|0|207|188|1|180|129|231|210|155|213|79|50|189|157|213|189|207|142|159|213|0|64|125|68|0|0|200|
181
65|220|0|207|188|5|0|0|0|0|0|207|188|7|0|0|0|0|0|207|188|2|183|129|231|210|155|213|79|50|189|157|213|189|207|142|159|213|0|64|125|68|0|0|200|
187
65|220|0|207|188|3|0|0|0|0|0|207|188|8|0|0|0|0|0|207|188|3|187|129|231|210|155|213|79|50|189|157|213|189|207|142|159|213|0|64|125|68|0|0|200|
188
-926283762
65|220|0|207|188|4|0|0|0|0|0|207|188|8|0|0|0|0|0|207|188|1|188|187|122|30|142|215|79|30|216|143|215|42|180|178|145|215|0|64|125|68|0|0|200|
190
65|220|0|207|188|6|0|0|0|0|0|207|188|8|0|0|0|0|0|207|188|3|190|187|122|30|142|215|79|30|216|143|215|42|180|178|145|215|0|64|125|68|0|0|200|
191
-372836597
65|220|0|207|188|7|0|0|0|0|0|207|188|8|0|0|0|0|0|207|188|1|191|16|151|70|164|215|79|6|252|165|215|70|224|210|167|215|0|64|125|68|0|0|200|
192
-128011703
65|220|0|207|188|0|0|0|0|0|0|207|188|8|0|0|0|0|0|207|188|1|192|205|68|158|171|215|79|38|106|173|215|7|54|136|175|215|0|64|125|68|0|0|200|
193
65|220|0|207|188|1|0|0|0|0|0|207|188|8|0|0|0|0|0|207|188|3|193|205|68|158|171|215|79|38|106|173|215|7|54|136|175|215|0|64|125|68|0|0|200|
194
-215480945
65|220|0|207|188|2|0|0|0|0|0|207|188|8|0|0|0|0|0|207|188|1|194|135|54|214|184|215|79|210|141|186|215|197|243|99|188|215|0|64|125|68|0|0|200|
194
65|220|0|207|188|2|0|0|0|0|0|207|188|8|0|0|0|0|0|207|188|3|194|135|54|214|184|215|79|210|141|186|215|197|243|99|188|215|0|64|125|68|0|0|200|
195
-124438189
65|220|0|207|188|3|0|0|0|0|0|207|188|8|0|0|0|0|0|207|188|1|195|226|155|23|192|215|79|76|254|193|215|15|250|210|195|215|0|64|125|68|0|0|200|
195
65|220|0|207|188|3|0|0|0|0|0|207|188|8|0|0|0|0|0|207|188|3|195|240|1|0|0|64|63|0|0|0|0|0|0|0|0|215|0|64|125|68|0|0|200|
203
-933495342
65|220|0|207|188|3|0|0|0|0|0|207|188|8|0|0|0|0|0|207|188|1|203|240|1|0|0|64|63|0|0|0|0|0|0|0|0|215|0|64|125|68|0|0|200|
205
-215596675
65|220|0|207|188|5|0|0|0|0|0|207|188|8|0|0|0|0|0|207|188|1|205|240|1|0|0|64|63|0|0|0|0|0|0|0|0|215|0|64|125|68|0|0|200|
206
-124456665
65|220|0|207|188|6|0|0|0|0|0|207|188|8|0|0|0|0|0|207|188|1|206|240|1|0|0|64|63|0|0|0|0|0|0|0|0|215|0|64|125|68|0|0|200|
207
-93302317
65|220|0|207|188|7|0|0|0|0|0|207|188|8|0|0|0|0|0|207|188|1|207|240|1|0|0|64|63|0|0|0|0|0|0|0|0|215|0|64|125|68|0|0|200|
207
65|220|0|207|188|7|0|0|0|0|0|207|188|8|0|0|0|0|0|207|188|3|207|240|1|0|0|64|63|0|0|0|0|0|0|0|0|215|0|64|125|68|0|0|200|
212
65|220|0|207|188|4|0|0|0|0|0|207|188|8|0|0|0|0|0|207|188|3|212|240|1|0|0|64|63|0|0|0|0|0|0|0|0|215|0|64|125|68|0|0|200|
233
1351201176
65|220|0|207|188|1|0|0|0|0|0|207|188|8|0|0|0|0|0|207|188|1|233|240|1|0|0|64|63|0|0|0|0|0|0|0|0|215|0|64|125|68|0|0|200|
233
65|220|0|207|188|1|0|0|0|0|0|207|188|8|0|0|0|0|0|207|188|3|233|240|1|0|0|64|63|0|0|0|0|0|0|0|0|215|0|64|125|68|0|0|200|
235
-246208788
65|220|0|207|188|3|0|0|0|0|0|207|188|8|0|0|0|0|0|207|188|1|235|240|1|0|0|64|63|0|0|0|0|0|0|0|0|215|0|64|125|68|0|0|200|
236
65|220|0|207|188|4|0|0|0|0|0|207|188|8|0|0|0|0|0|207|188|3|236|240|1|0|0|64|63|0|0|0|0|0|0|0|0|215|0|64|125|68|0|0|200|
237
-215508087
65|220|0|207|188|5|0|0|0|0|0|207|188|8|0|0|0|0|0|207|188|1|237|15|210|184|220|216|79|116|110|222|216|30|113|64|224|216|0|64|125|68|0|0|200|
237
65|220|0|207|188|5|0|0|0|0|0|207|188|8|0|0|0|0|0|207|188|3|237|15|210|184|220|216|79|116|110|222|216|30|113|64|224|216|0|64|125|68|0|0|200|
242
-589410656
65|220|0|207|188|2|0|0|0|0|0|207|188|8|0|0|0|0|0|207|188|1|242|181|240|220|255|216|79|128|150|1|217|9|190|109|3|217|0|64|125|68|0|0|200|
244
-218368331
65|220|0|207|188|4|0|0|0|0|0|207|188|8|0|0|0|0|0|207|188|1|244|223|7|25|7|217|79|6|7|9|217|95|10|223|10|217|0|64|125|68|0|0|200|
244
65|220|0|207|188|4|0|0|0|0|0|207|188|8|0|0|0|0|0|207|188|3|244|223|7|25|7|217|79|6|7|9|217|95|10|223|10|217|0|64|125|68|0|0|200|
245
-122224195
65|220|0|207|188|5|0|0|0|0|0|207|188|8|0|0|0|0|0|207|188|1|245|134|26|29|20|217|79|110|214|21|217|219|57|174|23|217|0|64|125|68|0|0|200|
245
65|220|0|207|188|5|0|0|0|0|0|207|188|8|0|0|0|0|0|207|188|1|250|134|26|29|20|217|79|110|214|21|217|219|57|174|23|217|0|64|125|68|0|0|200|
250
-530229452
65|220|0|207|188|2|0|0|0|0|0|207|188|8|0|0|0|0|0|207|188|1|250|134|26|29|20|217|79|110|214|21|217|219|57|174|23|217|0|64|125|68|0|0|200|
10
-1880961553
65|220|0|207|188|2|0|0|0|0|0|207|188|8|0|0|0|0|0|207|188|1|10|66|194|217|163|217|79|248|145|165|217|177|237|106|167|217|0|64|125|68|0|0|200|
10
65|220|0|207|188|2|0|0|0|0|0|207|188|8|0|0|0|0|0|207|188|3|10|66|194|217|163|217|79|248|145|165|217|177|237|106|167|217|0|64|125|68|0|0|200|
11
-124673795
65|220|0|207|188|3|0|0|0|0|0|207|188|8|0|0|0|0|0|207|188|1|11|180|95|30|171|217|79|64|5|173|217|11|122|216|174|217|0|64|125|68|0|0|200|
11
65|220|0|207|188|3|0|0|0|0|0|207|188|8|0|0|0|0|0|207|188|3|11|180|95|30|171|217|79|64|5|173|217|11|122|216|174|217|0|64|125|68|0|0|200|
12
-124642033
65|220|0|207|188|4|0|0|0|0|0|207|188|8|0|0|0|0|0|207|188|1|12|180|95|30|171|217|79|64|5|173|217|11|122|216|174|217|0|64|125|68|0|0|200|
16
-465302150
65|220|0|207|188|0|0|0|0|0|0|207|188|8|0|0|0|0|0|207|188|1|16|180|95|30|171|217|79|64|5|173|217|11|122|216|174|217|0|64|125|68|0|0|200|
16
65|220|0|207|188|0|0|0|0|0|0|207|188|8|0|0|0|0|0|207|188|3|16|180|95|30|171|217|79|64|5|173|217|11|122|216|174|217|0|64|125|68|0|0|200|
18
-253205275
65|220|0|207|188|2|0|0|0|0|0|207|188|8|0|0|0|0|0|207|188|1|18|180|95|30|171|217|79|64|5|173|217|11|122|216|174|217|0|64|125|68|0|0|200|
19
-95427773
65|220|0|207|188|3|0|0|0|0|0|207|188|8|0|0|0|0|0|207|188|1|19|180|95|30|171|217|79|64|5|173|217|11|122|216|174|217|0|64|125|68|0|0|200|
22
-336816251
65|220|0|207|188|6|0|0|0|0|0|207|188|8|0|0|0|0|0|207|188|1|22|180|95|30|171|217|79|64|5|173|217|11|122|216|174|217|0|64|125|68|0|0|200|
42
65|220|0|207|188|2|0|0|0|0|0|207|188|8|0|0|0|0|0|207|188|3|42|180|95|30|171|217|79|64|5|173|217|11|122|216|174|217|0|64|125|68|0|0|200|
44
65|220|0|207|188|4|0|0|0|0|0|207|188|8|0|0|0|0|0|207|188|3|44|180|95|30|171|217|79|64|5|173|217|11|122|216|174|217|0|64|125|68|0|0|200|
45
1599267142
65|220|0|207|188|5|0|0|0|0|0|207|188|8|0|0|0|0|0|207|188|1|45|180|95|30|171|217|79|64|5|173|217|11|122|216|174|217|0|64|125|68|0|0|200|
45
65|220|0|207|188|0|0|0|0|0|0|207|188|8|0|0|0|0|0|207|188|1|48|180|95|30|171|217|79|64|5|173|217|11|122|216|174|217|0|64|125|68|0|0|200|
48
-343086605
65|220|0|207|188|0|0|0|0|0|0|207|188|8|0|0|0|0|0|207|188|2|52|180|95|30|171|217|79|64|5|173|217|11|122|216|174|217|0|64|125|68|0|0|200|
53
65|220|0|207|188|5|0|0|0|0|0|207|188|8|0|0|0|0|0|207|188|3|53|180|95|30|171|217|79|64|5|173|217|11|122|216|174|217|0|64|125|68|0|0|200|
54
-714386609
65|220|0|207|188|6|0|0|0|0|0|207|188|8|0|0|0|0|0|207|188|1|54|221|37|220|214|218|79|160|200|216|218|33|166|155|218|218|0|64|125|68|0|0|200|
54
65|220|0|207|188|6|0|0|0|0|0|207|188|8|0|0|0|0|0|207|188|3|54|221|37|220|214|218|79|160|200|216|218|33|166|155|218|218|0|64|125|68|0|0|200|
55
65|220|0|207|188|7|0|0|0|0|0|207|188|8|0|0|0|0|0|207|188|3|55|26|114|71|222|218|79|190|51|224|218|96|6|7|226|218|0|64|125|68|0|0|200|
60
-683384773
65|220|0|207|188|4|0|0|0|0|0|207|188|8|0|0|0|0|0|207|188|1|60|188|157|193|255|218|79|18|121|1|219|253|142|79|3|219|0|64|125|68|0|0|200|
60
65|220|0|207|188|4|0|0|0|0|0|207|188|8|0|0|0|0|0|207|188|3|60|188|157|193|255|218|79|18|121|1|219|253|142|79|3|219|0|64|125|68|0|0|200|
62
65|220|0|207|188|6|0|0|0|0|0|207|188|8|0|0|0|0|0|207|188|3|62|188|157|193|255|218|79|18|121|1|219|253|142|79|3|219|0|64|125|68|0|0|200|
64
-499394062
65|220|0|207|188|0|0|0|0|0|0|207|188|8|0|0|0|0|0|207|188|1|64|76|69|42|22|219|79|216|220|23|219|99|24|175|25|219|0|64|125|68|0|0|200|
66
-214909024
65|220|0|207|188|2|0|0|0|0|0|207|188|8|0|0|0|0|0|207|188|1|67|199|90|88|42|219|79|180|13|44|219|27|38|230|45|219|0|64|125|68|0|0|200|
67
-95242401
65|220|0|207|188|3|0|0|0|0|0|207|188|8|0|0|0|0|0|207|188|1|67|199|90|88|42|219|79|180|13|44|219|27|38|230|45|219|0|64|125|68|0|0|200|
79
-1296176626
65|220|0|207|188|7|0|0|0|0|0|207|188|8|0|0|0|0|0|207|188|1|79|253|140|81|125|219|79|198|9|127|219|90|14|224|128|219|0|64|125|68|0|0|200|
80
65|220|0|207|188|0|0|0|0|0|0|207|188|8|0|0|0|0|0|207|188|3|80|253|140|81|125|219|79|198|9|127|219|90|14|224|128|219|0|64|125|68|0|0|200|
81
-219495327
65|220|0|207|188|1|0|0|0|0|0|207|188|8|0|0|0|0|0|207|188|1|81|151|101|87|138|219|79|98|13|140|219|228|250|228|141|219|0|64|125|68|0|0|200|
82
-155492259
65|220|0|207|188|2|0|0|0|0|0|207|188|8|0|0|0|0|0|207|188|1|82|151|101|87|138|219|79|98|13|140|219|228|250|228|141|219|0|64|125|68|0|0|200|
83
-93493807
65|220|0|207|188|3|0|0|0|0|0|207|188|8|0|0|0|0|0|207|188|1|83|151|101|87|138|219|79|98|13|140|219|228|250|228|141|219|0|64|125|68|0|0|200|
84
-93602345
65|220|0|207|188|4|0|0|0|0|0|207|188|8|0|0|0|0|0|207|188|1|84|151|101|87|138|219|79|98|13|140|219|228|250|228|141|219|0|64|125|68|0|0|200|
87
65|220|0|207|188|7|0|0|0|0|0|207|188|8|0|0|0|0|0|207|188|3|87|151|101|87|138|219|79|98|13|140|219|228|250|228|141|219|0|64|125|68|0|0|200|
88
65|220|0|207|188|0|0|0|0|0|0|207|188|8|0|0|0|0|0|207|188|3|88|232|145|83|186|219|79|180|11|188|219|77|93|231|189|219|0|64|125|68|0|0|200|
89
-586943698
65|220|0|207|188|1|0|0|0|0|0|207|188|8|0|0|0|0|0|207|188|1|89|101|1|156|193|219|79|196|130|195|219|162|155|87|197|219|0|64|125|68|0|0|200|
92
65|220|0|207|188|4|0|0|0|0|0|207|188|8|0|0|0|0|0|207|188|3|92|212|253|146|206|219|79|50|73|208|219|225|72|27|210|219|0|64|125|68|0|0|200|
98
-989734315
65|220|0|207|188|2|0|0|0|0|0|207|188|8|0|0|0|0|0|207|188|1|98|115|142|196|252|219|79|238|121|254|219|151|153|81|0|220|0|64|125|68|0|0|200|
111
65|220|0|207|188|7|0|0|0|0|0|207|188|8|0|0|0|0|0|207|188|3|111|115|142|196|252|219|79|238|121|254|219|151|153|81|0|220|0|64|125|68|0|0|200|
112
-1669535400
65|220|0|207|188|0|0|0|0|0|0|207|188|8|0|0|0|0|0|207|188|1|112|76|100|76|96|220|79|30|6|98|220|145|93|216|99|220|0|64|125|68|0|0|200|
119
65|220|0|207|188|7|0|0|0|0|0|207|188|8|0|0|0|0|0|207|188|3|119|76|100|76|96|220|79|30|6|98|220|145|93|216|99|220|0|64|125|68|0|0|200|
120
-962659878
65|220|0|207|188|0|0|0|0|0|0|207|188|0|0|0|0|0|0|207|188|2|120|162|16|126|153|220|79|102|103|155|220|253|106|57|157|220|0|64|125|68|0|0|200|
121
65|220|0|207|188|1|0|0|0|0|0|207|188|8|0|0|0|0|0|207|188|3|121|162|16|126|153|220|79|102|103|155|220|253|106|57|157|220|0|64|125|68|0|0|200|
124
-464127570
65|220|0|207|188|4|0|0|0|0|0|207|188|8|0|0|0|0|0|207|188|1|124|162|16|126|153|220|79|102|103|155|220|253|106|57|157|220|0|64|125|68|0|0|200|
125
65|220|0|207|188|5|0|0|0|0|0|207|188|8|0|0|0|0|0|207|188|3|125|240|1|0|0|64|63|0|0|0|0|0|0|0|0|220|0|64|125|68|0|0|200|
127
65|220|0|207|188|7|0|0|0|0|0|207|188|8|0|0|0|0|0|207|188|3|127|240|1|0|0|64|63|0|0|0|0|0|0|0|0|220|0|64|125|68|0|0|200|
130
-747356085
65|220|0|207|188|2|0|0|0|0|0|207|188|8|0|0|0|0|0|207|188|1|130|38|138|165|225|220|79|242|147|227|220|147|194|107|229|220|0|64|125|68|0|0|200|
130
65|220|0|207|188|2|0|0|0|0|0|207|188|8|0|0|0|0|0|207|188|3|130|38|138|165|225|220|79|242|147|227|220|147|194|107|229|220|0|64|125|68|0|0|200|
131
-124620541
65|220|0|207|188|3|0|0|0|0|0|207|188|8|0|0|0|0|0|207|188|1|131|170|26|28|233|220|79|100|12|235|220|244|162|222|236|220|0|64|125|68|0|0|200|
133
-215284331
65|220|0|207|188|5|0|0|0|0|0|207|188|8|0|0|0|0|0|207|188|1|133|170|26|28|233|220|79|100|12|235|220|244|162|222|236|220|0|64|125|68|0|0|200|
136
65|220|0|207|188|0|0|0|0|0|0|207|188|8|0|0|0|0|0|207|188|3|136|138|178|94|253|220|79|160|72|255|220|205|230|27|1|221|0|64|125|68|0|0|200|
137
-532986758
65|220|0|207|188|1|0|0|0|0|0|207|188|8|0|0|0|0|0|207|188|1|137|138|178|94|253|220|79|160|72|255|220|205|230|27|1|221|0|64|125|68|0|0|200|
140
-308161123
65|220|0|207|188|4|0|0|0|0|0|207|188|8|0|0|0|0|0|207|188|1|140|138|178|94|253|220|79|160|72|255|220|205|230|27|1|221|0|64|125|68|0|0|200|
141
-125565760
65|220|0|207|188|5|0|0|0|0|0|207|188|8|0|0|0|0|0|207|188|1|141|138|178|94|253|220|79|160|72|255|220|205|230|27|1|221|0|64|125|68|0|0|200|
144
65|220|0|207|188|0|0|0|0|0|0|207|188|8|0|0|0|0|0|207|188|3|144|138|178|94|253|220|79|160|72|255|220|205|230|27|1|221|0|64|125|68|0|0|200|
157
-1762524858
65|220|0|207|188|5|0|0|0|0|0|207|188|8|0|0|0|0|0|207|188|1|157|138|178|94|253|220|79|160|72|255|220|205|230|27|1|221|0|64|125|68|0|0|200|
158
