21.86 18.7
23.0 18.68
23.0 18.62
23.0 18.51
23.0 18.58
24.14 18.64
23.0 18.61
24.14 17.55
24.14 18.52
24.14 18.51
24.14 18.43
24.14 18.47
25.28 18.47
24.14 18.41
24.14 18.5
24.14 18.38
24.14 18.42
25.28 18.39
25.28 17.45
24.14 18.42
25.28 18.27
24.14 17.41
25.28 18.39
25.28 18.34
25.28 18.33
25.28 18.32
25.28 18.3
26.42 18.27
25.28 18.28
25.28 18.3
25.28 18.28
25.28 18.33
25.28 18.23
25.28 18.29
25.28 18.24
25.28 18.22
25.28 18.22
25.28 18.2
25.28 18.28
26.42 18.25
25.28 18.24
25.28 18.21
26.42 18.26
25.28 18.12
25.28 18.24
25.28 18.23
26.42 18.17
26.42 18.14
26.42 17.25
25.28 18.21
26.42 18.21
25.28 18.19
26.42 18.11
26.42 18.13
26.42 18.16
26.42 18.15
26.42 18.14
26.42 18.15
26.42 18.14
26.42 18.01
25.28 18.13
26.42 18.03
25.28 18.07
26.42 18.09
26.42 18.01
26.42 18.07
26.42 18.12
27.56 18.12
27.56 18.1
27.56 18.08
27.56 18.02
26.42 18.02
27.56 18.02
26.42 18.04
27.56 18.03
26.42 18.12
26.42 18.0
27.56 18.1
26.42 17.96
27.56 18.01
26.42 18.06
26.42 17.99
27.56 17.99
27.56 17.98
26.42 17.96
27.56 18.01
26.42 17.94
26.42 17.93
26.42 17.92
26.42 18.03
27.56 17.98
27.56 18.02
27.56 18.01
27.56 18.01
27.56 17.92
27.56 17.91
27.56 17.87
27.56 17.89
27.56 17.98
27.56 17.99
27.56 17.93
27.56 17.88
27.56 17.91
26.42 17.96
27.56 17.89
27.56 17.94
27.56 17.9
27.56 17.89
27.56 17.9
27.56 17.87
27.56 17.87
27.56 16.96
27.56 17.85
27.56 17.82
27.56 17.92
27.56 17.84
27.56 17.8
27.56 17.81
27.56 17.82
27.56 17.81
27.56 17.88
28.7 17.88
27.56 17.84
27.56 17.88
27.56 17.88
27.56 17.87
27.56 17.86
27.56 17.8
28.7 17.81
27.56 17.86
27.56 17.98
27.56 17.79
27.56 17.84
27.56 17.88
28.7 17.78
27.56 17.79
28.7 17.8
27.56 17.85
27.56 17.81
27.56 17.84
28.7 17.84
