23.0 17.05
21.86 17.21
23.0 17.1
23.0 17.06
21.86 17.24
21.86 17.04
23.0 17.07
23.0 17.05
23.0 17.15
23.0 17.05
23.0 17.12
23.0 17.09
23.0 17.0
23.0 17.07
23.0 17.09
23.0 17.08
24.14 17.05
24.14 16.89
23.0 16.82
23.0 16.84
23.0 16.77
24.14 16.69
24.14 16.89
24.14 16.79
23.0 16.82
24.14 16.81
23.0 16.93
23.0 16.89
24.14 16.87
23.0 16.84
24.14 16.78
24.14 16.74
24.14 16.83
24.14 16.77
24.14 16.96
24.14 16.84
24.14 16.84
23.0 16.77
23.0 16.74
24.14 16.82
24.14 16.72
24.14 16.76
24.14 16.73
24.14 16.86
24.14 16.71
23.0 16.72
24.14 16.78
24.14 16.74
24.14 16.84
24.14 16.86
24.14 16.86
25.28 16.86
25.28 16.88
25.28 16.67
24.14 16.92
25.28 16.83
24.14 16.73
24.14 16.72
24.14 16.93
24.14 16.76
24.14 16.78
24.14 16.9
24.14 17.09
25.28 16.83
24.14 16.93
24.14 16.85
25.28 16.9
24.14 16.97
24.14 16.8
24.14 16.86
24.14 16.93
24.14 16.85
25.28 17.0
24.14 16.91
25.28 16.91
25.28 16.88
25.28 16.98
25.28 16.9
25.28 16.84
24.14 16.81
25.28 16.89
24.14 16.8
25.28 16.96
25.28 16.83
24.14 16.88
24.14 16.93
25.28 16.82
25.28 16.74
24.14 16.86
25.28 16.92
25.28 16.88
25.28 16.86
24.14 16.81
24.14 16.8
25.28 16.7
24.14 16.84
24.14 16.76
25.28 16.86
24.14 16.86
24.14 16.95
24.14 16.88
25.28 16.92
24.14 16.88
25.28 16.87
25.28 16.72
25.28 16.8
25.28 16.92
25.28 16.87
25.28 16.88
25.28 16.77
24.14 16.85
25.28 16.86
25.28 16.99
25.28 16.92
24.14 16.79
25.28 16.92
25.28 16.92
25.28 16.83
24.14 16.92
25.28 16.81
25.28 16.8
25.28 16.8
25.28 16.82
25.28 16.78
25.28 16.89
26.42 16.79
25.28 16.83
25.28 16.79
25.28 16.8
25.28 16.74
25.28 16.76
25.28 16.74
25.28 16.84
24.14 16.85
25.28 16.64
25.28 16.84
25.28 16.85
25.28 16.73
25.28 16.74
25.28 16.81
25.28 16.74
25.28 16.74
25.28 16.75
25.28 16.82
25.28 16.73
25.28 16.74
25.28 16.65
26.42 16.59
25.28 16.82
25.28 16.65
25.28 16.71
24.14 16.73
25.28 16.73
25.28 16.72
24.14 16.73
24.14 16.68
24.14 16.72
25.28 16.76
26.42 16.7
25.28 16.66
25.28 16.72
26.42 16.6
25.28 16.7
25.28 16.65
25.28 16.67
25.28 16.78
25.28 16.72
25.28 16.7
26.42 16.72
25.28 16.6
25.28 16.75
25.28 16.71
25.28 16.54
25.28 16.53
25.28 16.56
25.28 16.69
25.28 16.66
25.28 16.67
25.28 16.67
25.28 16.64
25.28 16.67
25.28 16.78
25.28 16.74
25.28 16.76
25.28 16.7
25.28 16.77
26.42 16.7
25.28 16.7
25.28 16.81
26.42 16.77
25.28 16.67
26.42 16.73
26.42 16.64
25.28 16.62
25.28 16.63
25.28 16.53
25.28 16.53
26.42 16.68
25.28 16.59
26.42 16.62
26.42 16.61
25.28 16.62
26.42 16.64
25.28 16.61
26.42 16.71
25.28 16.7
25.28 16.65
25.28 16.72
26.42 16.75
26.42 16.77
26.42 16.74
25.28 16.71
25.28 16.67
26.42 16.7
26.42 16.65
25.28 16.6
25.28 16.74
25.28 16.7
25.28 16.7
26.42 16.71
26.42 16.7
25.28 16.71
25.28 16.69
26.42 16.68
25.28 16.66
26.42 16.58
26.42 16.59
26.42 16.68
26.42 16.69
25.28 16.76
26.42 16.66
25.28 16.64
26.42 16.62
25.28 16.65
26.42 16.7
25.28 16.7
25.28 16.7
25.28 16.66
25.28 16.59
26.42 16.61
25.28 16.52
26.42 16.62
25.28 16.66
26.42 16.65
26.42 16.64
26.42 16.63
26.42 16.61
25.28 16.62
25.28 16.4
25.28 16.52
26.42 16.3
26.42 16.37
25.28 16.44
25.28 16.58
25.28 16.65
25.28 16.56
25.28 16.49
25.28 16.62
26.42 16.72
26.42 16.61
26.42 16.66
26.42 16.75
25.28 16.63
25.28 16.61
26.42 16.68
26.42 16.5
25.28 16.59
26.42 16.63
25.28 16.64
25.28 16.65
26.42 16.66
25.28 16.6
26.42 16.61
26.42 16.56
26.42 16.65
26.42 16.61
26.42 16.61
25.28 16.62
26.42 16.48
26.42 16.4
26.42 16.4
26.42 16.54
26.42 16.52
26.42 16.62
26.42 16.57
26.42 16.65
26.42 16.59
26.42 16.66
26.42 16.64
26.42 16.57
26.42 16.64
26.42 16.65
26.42 16.64
26.42 16.56
26.42 16.64
25.28 16.76
26.42 16.65
26.42 16.6
26.42 16.6
27.56 16.69
27.56 16.57
26.42 16.6
26.42 16.6
26.42 16.54
26.42 16.63
26.42 16.56
26.42 16.6
26.42 16.54
26.42 16.47
26.42 16.52
26.42 16.56
25.28 16.56
26.42 16.51
26.42 16.6
26.42 16.57
26.42 16.64
26.42 16.59
25.28 16.58
26.42 16.64
26.42 16.52
26.42 16.61
26.42 16.53
26.42 16.56
26.42 16.58
26.42 16.52
26.42 16.54
27.56 16.56
26.42 16.47
26.42 16.55
26.42 16.61
26.42 16.55
27.56 16.57
27.56 16.55
27.56 16.51
26.42 16.6
25.28 16.6
26.42 16.51
26.42 16.51
26.42 16.49
27.56 16.59
25.28 16.46
25.28 16.49
27.56 16.5
27.56 16.53
26.42 16.55
27.56 16.51
26.42 16.52
25.28 16.49
27.56 16.55
26.42 16.53
26.42 16.49
27.56 16.47
26.42 16.6
26.42 16.56
26.42 16.49
26.42 16.55
27.56 16.42
26.42 16.6
26.42 16.53
26.42 16.53
26.42 16.48
25.28 16.54
26.42 16.48
26.42 16.53
27.56 16.51
26.42 16.54
26.42 16.48
26.42 16.52
26.42 16.53
27.56 16.53
26.42 16.44
27.56 16.38
26.42 16.52
25.28 16.44
27.56 16.52
27.56 16.49
27.56 16.49
26.42 16.49
26.42 16.49
26.42 16.54
26.42 16.44
27.56 16.51
26.42 16.48
27.56 16.44
26.42 16.57
26.42 16.42
26.42 16.52
26.42 16.5
26.42 16.52
26.42 16.49
26.42 16.43
26.42 16.47
26.42 16.46
26.42 16.47
27.56 16.47
26.42 16.51
26.42 16.5
26.42 16.4
26.42 16.52
26.42 16.42
26.42 16.54
26.42 16.45
27.56 16.44
26.42 16.5
27.56 16.31
26.42 16.4
26.42 16.41
25.28 16.37
26.42 16.37
27.56 16.46
27.56 16.48
26.42 16.38
27.56 16.42
27.56 16.38
26.42 16.39
26.42 16.44
26.42 16.44
26.42 16.44
27.56 16.41
27.56 16.41
26.42 16.4
27.56 16.43
27.56 16.47
27.56 16.43
26.42 16.43
26.42 16.38
26.42 16.43
27.56 16.47
27.56 16.43
27.56 16.38
26.42 16.45
27.56 16.46
27.56 16.42
26.42 16.4
27.56 16.43
27.56 16.4
27.56 16.45
27.56 16.47
27.56 16.42
26.42 16.43
26.42 16.4
27.56 16.46
27.56 16.44
27.56 16.42
27.56 16.41
26.42 16.4
27.56 16.37
27.56 16.43
26.42 16.4
27.56 16.47
27.56 16.39
26.42 16.36
26.42 16.4
27.56 16.42
26.42 16.41
26.42 16.42
27.56 16.42
27.56 16.41
27.56 16.36
26.42 16.38
27.56 16.42
27.56 16.42
26.42 16.38
26.42 16.42
27.56 16.4
27.56 16.42
27.56 16.35
26.42 16.37
27.56 16.44
27.56 16.41
27.56 16.43
27.56 16.38
27.56 16.44
27.56 16.42
27.56 16.45
27.56 16.46
26.42 16.38
27.56 16.43
26.42 16.42
26.42 16.37
27.56 16.44
27.56 16.41
27.56 16.43
27.56 16.33
26.42 16.4
27.56 16.43
27.56 16.39
27.56 16.42
27.56 16.38
27.56 16.39
27.56 16.45
26.42 16.38
27.56 16.43
27.56 16.42
27.56 16.38
27.56 16.37
27.56 16.44
27.56 16.39
27.56 16.4
27.56 16.39
27.56 16.41
27.56 16.38
26.42 16.38
27.56 16.4
27.56 16.42
27.56 16.4
27.56 16.38
27.56 16.38
27.56 16.39
27.56 16.36
27.56 16.4
27.56 16.37
27.56 16.37
27.56 16.36
27.56 16.39
27.56 16.35
26.42 16.41
27.56 16.34
26.42 16.33
27.56 16.43
26.42 16.42
27.56 16.36
27.56 16.36
27.56 16.37
27.56 16.37
27.56 16.37
26.42 16.4
27.56 16.41
27.56 16.36
27.56 16.38
26.42 16.38
28.7 16.36
27.56 16.35
27.56 16.33
27.56 16.35
27.56 16.36
27.56 16.36
27.56 16.38
28.7 16.32
27.56 16.38
27.56 16.33
27.56 16.35
27.56 16.36
27.56 16.32
27.56 16.38
27.56 16.36
27.56 16.33
27.56 16.28
27.56 16.35
27.56 16.36
27.56 16.36
27.56 16.33
27.56 16.36
27.56 16.33
27.56 16.36
27.56 16.3
27.56 16.33
27.56 16.33
27.56 16.31
27.56 16.32
27.56 16.36
27.56 16.36
27.56 16.34
27.56 16.35
27.56 16.31
27.56 16.32
27.56 16.32
27.56 16.3
27.56 16.29
27.56 16.29
27.56 16.32
27.56 16.32
27.56 16.34
27.56 16.31
27.56 16.35
27.56 16.34
27.56 16.34
27.56 16.34
27.56 16.38
27.56 16.32
27.56 16.31
27.56 16.32
28.7 16.37
28.7 16.32
27.56 16.26
27.56 16.3
27.56 16.33
27.56 16.33
27.56 16.31
27.56 16.32
27.56 16.31
27.56 16.33
27.56 16.29
27.56 16.3
27.56 16.34
28.7 16.3
27.56 16.36
27.56 16.3
28.7 16.28
27.56 16.31
28.7 16.26
27.56 16.26
27.56 16.28
28.7 16.32
27.56 16.32
28.7 16.25
27.56 16.25
27.56 16.32
27.56 16.32
27.56 16.31
28.7 16.29
27.56 16.36
28.7 16.29
28.7 16.26
28.7 16.26
28.7 16.27
27.56 16.22
27.56 16.18
28.7 16.28
27.56 16.26
27.56 16.24
27.56 16.33
27.56 16.26
27.56 16.28
28.7 16.24
27.56 16.26
27.56 16.26
27.56 16.28
27.56 16.25
28.7 16.29
27.56 16.22
28.7 16.24
27.56 16.25
27.56 16.34
27.56 16.3
27.56 16.31
27.56 16.25
27.56 16.31
27.56 16.27
27.56 16.26
28.7 16.25
28.7 16.28
27.56 16.29
27.56 16.26
27.56 16.27
27.56 16.26
28.7 16.22
27.56 16.25
27.56 16.19
28.7 16.24
28.7 16.29
28.7 16.28
27.56 16.25
27.56 16.28
27.56 16.26
27.56 16.23
28.7 16.24
28.7 16.24
28.7 16.21
27.56 16.24
27.56 16.26
28.7 16.28
28.7 16.2
27.56 16.12
27.56 16.16
27.56 16.21
27.56 16.24
27.56 16.21
27.56 16.15
28.7 16.16
27.56 16.16
28.7 16.14
28.7 16.16
27.56 16.2
27.56 16.23
27.56 16.18
27.56 16.21
28.7 16.17
27.56 16.18
27.56 16.08
27.56 16.15
28.7 16.15
28.7 16.14
28.7 16.2
28.7 16.24
27.56 16.27
27.56 16.26
27.56 16.29
28.7 16.26
27.56 16.25
28.7 16.22
27.56 16.21
27.56 16.2
27.56 16.22
28.7 16.18
27.56 16.18
27.56 16.2
27.56 16.2
27.56 16.21
28.7 16.15
27.56 16.18
28.7 16.17
27.56 16.17
28.7 16.15
28.7 16.12
27.56 16.15
27.56 16.1
27.56 16.15
27.56 16.17
27.56 16.15
28.7 16.17
27.56 16.11
28.7 16.06
28.7 16.14
28.7 16.19
28.7 16.23
27.56 16.22
28.7 16.21
28.7 16.3
27.56 16.28
28.7 16.31
27.56 16.24
28.7 16.29
28.7 16.28
28.7 16.23
28.7 16.27
28.7 16.23
28.7 16.24
28.7 16.22
28.7 16.25
28.7 16.19
28.7 16.22
28.7 16.22
28.7 16.18
27.56 16.24
27.56 16.15
27.56 16.22
27.56 16.17
28.7 16.25
28.7 16.22
28.7 16.26
27.56 16.22
28.7 16.23
28.7 16.22
28.7 16.2
28.7 16.18
27.56 16.22
28.7 16.23
27.56 16.21
28.7 16.25
28.7 16.24
27.56 16.17
28.7 16.22
28.7 16.19
28.7 16.17
28.7 16.19
28.7 16.18
27.56 16.19
27.56 16.27
28.7 16.2
28.7 16.21
28.7 16.14
28.7 16.26
28.7 16.18
28.7 16.21
28.7 16.15
28.7 16.21
28.7 16.23
28.7 16.18
28.7 16.16
28.7 16.19
28.7 16.25
28.7 16.16
27.56 16.15
28.7 16.18
28.7 16.2
28.7 16.19
28.7 16.18
28.7 16.18
28.7 16.2
28.7 16.17
28.7 16.19
28.7 16.17
28.7 16.12
28.7 16.21
28.7 16.18
28.7 16.15
28.7 16.17
28.7 16.17
28.7 16.16
28.7 16.18
27.56 16.15
28.7 16.2
28.7 16.21
28.7 16.15
28.7 16.18
28.7 16.16
28.7 16.19
28.7 16.18
28.7 16.17
28.7 16.21
28.7 16.13
28.7 16.12
28.7 16.16
28.7 16.15
28.7 16.15
28.7 16.17
28.7 16.15
27.56 16.2
28.7 16.16
28.7 16.14
28.7 16.16
28.7 16.14
28.7 16.18
28.7 16.16
28.7 16.18
28.7 16.14
28.7 16.17
28.7 16.17
28.7 16.19
27.56 16.12
28.7 16.19
28.7 16.18
28.7 16.1
28.7 16.2
28.7 16.16
28.7 16.15
28.7 16.18
28.7 16.12
29.84 16.18
28.7 16.15
27.56 16.15
28.7 16.16
28.7 16.18
28.7 16.17
28.7 16.15
28.7 16.15
28.7 16.13
28.7 16.17
27.56 16.18
28.7 16.14
28.7 16.1
28.7 16.17
28.7 16.15
28.7 16.13
28.7 16.12
28.7 16.12
28.7 16.09
28.7 16.06
28.7 16.1
28.7 16.13
27.56 16.12
28.7 16.12
29.84 16.17
28.7 16.17
28.7 16.14
28.7 16.15
28.7 16.09
28.7 16.03
28.7 16.08
28.7 16.11
27.56 16.03
28.7 16.02
27.56 16.1
28.7 16.03
28.7 16.08
29.84 16.07
28.7 16.08
28.7 16.09
28.7 16.09
28.7 16.06
28.7 16.06
28.7 16.01
27.56 16.09
27.56 16.03
28.7 16.06
28.7 16.12
29.84 16.04
28.7 16.1
28.7 16.09
28.7 16.08
28.7 16.05
28.7 16.07
27.56 16.08
28.7 16.07
28.7 16.05
28.7 16.03
29.84 16.09
28.7 16.03
28.7 16.12
28.7 16.05
28.7 16.06
28.7 15.99
28.7 16.07
29.84 16.05
28.7 16.07
28.7 16.11
29.84 16.09
28.7 16.1
28.7 16.04
28.7 16.07
27.56 16.06
28.7 16.07
28.7 16.07
28.7 16.06
28.7 15.99
28.7 16.1
28.7 16.12
28.7 16.05
28.7 16.12
28.7 16.02
28.7 16.07
29.84 16.01
29.84 16.08
28.7 16.06
28.7 16.01
28.7 16.03
28.7 16.05
28.7 16.07
29.84 16.1
28.7 16.0
28.7 16.03
28.7 16.04
28.7 16.08
28.7 16.11
29.84 16.09
28.7 16.04
28.7 16.1
28.7 16.15
28.7 16.14
28.7 16.11
28.7 16.12
28.7 16.15
28.7 16.09
28.7 16.12
29.84 16.12
28.7 16.12
29.84 16.07
28.7 16.1
28.7 16.1
28.7 16.1
28.7 16.14
28.7 16.09
28.7 16.18
28.7 16.13
29.84 16.11
28.7 16.1
28.7 16.09
28.7 16.11
28.7 16.09
28.7 16.14
28.7 16.14
28.7 16.1
28.7 16.09
28.7 16.13
28.7 16.11
29.84 16.12
29.84 16.15
28.7 16.11
29.84 16.16
27.56 16.17
28.7 16.12
28.7 16.13
28.7 16.12
29.84 16.16
28.7 16.12
28.7 16.1
29.84 16.13
28.7 16.19
28.7 16.13
29.84 16.13
28.7 16.14
28.7 16.14
28.7 16.12
28.7 16.16
29.84 16.11
28.7 16.12
28.7 16.13
28.7 16.09
28.7 16.11
29.84 16.15
28.7 16.14
28.7 16.12
28.7 16.02
28.7 16.04
28.7 16.05
28.7 16.02
29.84 15.98
28.7 16.02
28.7 16.1
28.7 16.05
28.7 16.11
28.7 16.06
29.84 16.08
28.7 16.04
28.7 16.04
28.7 16.12
29.84 16.03
29.84 16.03
28.7 16.11
28.7 16.06
28.7 16.12
28.7 16.11
28.7 16.12
29.84 16.08
28.7 16.04
28.7 15.98
29.84 16.05
29.84 16.09
29.84 16.05
29.84 16.14
29.84 16.11
28.7 16.12
28.7 16.1
28.7 16.1
28.7 16.12
28.7 16.18
28.7 16.11
28.7 16.05
28.7 16.03
28.7 16.02
28.7 16.08
29.84 16.06
28.7 16.07
29.84 16.14
28.7 16.08
28.7 16.02
28.7 15.99
29.84 16.06
29.84 16.12
29.84 16.12
28.7 16.15
29.84 16.02
28.7 16.0
29.84 15.95
29.84 15.97
28.7 16.05
29.84 16.07
28.7 16.05
29.84 16.01
28.7 15.94
28.7 16.02
28.7 15.98
29.84 16.05
28.7 16.03
28.7 16.12
28.7 16.07
29.84 16.02
29.84 16.01
29.84 16.0
28.7 15.99
27.56 16.04
29.84 16.02
29.84 16.06
29.84 16.04
28.7 15.98
28.7 16.06
29.84 16.03
28.7 16.05
28.7 16.07
29.84 16.03
28.7 16.07
29.84 16.03
28.7 16.06
28.7 16.12
29.84 16.09
29.84 16.07
28.7 16.04
28.7 16.02
28.7 16.05
29.84 16.06
28.7 16.05
28.7 16.02
29.84 16.0
28.7 16.03
28.7 16.01
28.7 15.99
29.84 16.02
29.84 16.01
28.7 15.99
28.7 16.01
29.84 16.03
28.7 16.02
28.7 16.04
29.84 16.01
29.84 16.04
29.84 16.04
28.7 16.0
29.84 16.03
28.7 16.03
28.7 16.01
28.7 16.0
28.7 16.02
29.84 16.06
28.7 16.05
29.84 16.02
28.7 15.97
29.84 16.03
28.7 16.02
29.84 16.0
29.84 16.02
29.84 16.05
29.84 16.06
29.84 16.04
29.84 16.0
29.84 16.08
29.84 15.96
29.84 15.93
29.84 16.0
29.84 16.02
29.84 16.06
29.84 15.99
28.7 16.02
28.7 16.03
29.84 16.02
28.7 16.04
29.84 16.04
29.84 15.99
28.7 16.02
29.84 15.97
29.84 16.02
29.84 16.03
28.7 16.02
29.84 16.08
29.84 15.97
29.84 16.09
29.84 16.06
28.7 16.04
29.84 15.95
28.7 15.97
29.84 15.99
28.7 16.01
29.84 15.97
28.7 16.05
28.7 16.0
28.7 16.0
29.84 16.0
28.7 16.03
29.84 16.02
29.84 16.0
28.7 15.98
29.84 16.03
29.84 15.98
29.84 16.03
28.7 15.98
28.7 16.02
29.84 15.96
28.7 15.98
29.84 16.0
29.84 16.02
29.84 16.0
29.84 15.98
29.84 15.98
28.7 16.01
28.7 15.98
29.84 16.01
29.84 16.02
28.7 16.01
29.84 16.0
29.84 15.96
29.84 15.97
29.84 16.01
29.84 15.95
29.84 15.92
29.84 15.96
29.84 15.96
29.84 16.02
29.84 15.96
29.84 15.95
28.7 16.01
28.7 15.92
29.84 15.95
29.84 15.96
29.84 16.0
29.84 15.95
29.84 16.0
29.84 16.01
29.84 15.93
29.84 15.99
29.84 16.02
29.84 15.97
29.84 15.95
29.84 15.96
29.84 16.01
29.84 16.01
29.84 16.0
29.84 16.04
29.84 15.98
29.84 16.04
29.84 15.99
29.84 15.91
29.84 15.95
29.84 15.91
29.84 15.99
29.84 15.96
29.84 16.0
28.7 16.0
29.84 16.0
29.84 15.96
29.84 16.02
29.84 15.98
29.84 16.01
29.84 16.03
29.84 16.03
29.84 15.96
29.84 15.96
29.84 15.95
29.84 15.97
29.84 15.98
29.84 16.02
28.7 16.04
29.84 16.0
29.84 16.0
30.98 15.99
28.7 15.94
29.84 15.94
29.84 15.98
29.84 15.99
29.84 15.97
29.84 16.0
28.7 15.95
29.84 15.97
29.84 16.02
29.84 15.99
29.84 16.0
29.84 16.0
29.84 16.01
28.7 15.98
29.84 15.98
29.84 15.99
29.84 15.93
29.84 15.96
29.84 15.96
29.84 15.98
28.7 15.97
28.7 15.95
29.84 15.93
29.84 15.9
29.84 16.03
29.84 15.97
29.84 15.98
29.84 15.99
29.84 15.97
29.84 16.02
28.7 15.98
29.84 15.94
29.84 15.95
29.84 16.01
29.84 16.02
29.84 15.94
29.84 15.99
29.84 15.99
29.84 15.99
29.84 15.96
29.84 15.97
29.84 15.96
29.84 15.92
29.84 16.05
28.7 15.99
29.84 15.96
29.84 15.95
29.84 15.98
30.98 15.97
29.84 15.96
28.7 15.95
29.84 15.98
29.84 15.99
29.84 15.92
29.84 15.93
29.84 15.97
30.98 15.93
29.84 15.94
29.84 15.97
29.84 15.95
29.84 15.95
29.84 15.98
29.84 15.93
28.7 15.92
29.84 15.97
28.7 15.95
29.84 15.92
29.84 16.0
29.84 15.96
29.84 16.0
28.7 15.93
29.84 15.97
29.84 15.91
29.84 15.96
29.84 15.93
29.84 15.96
29.84 15.94
29.84 16.0
30.98 15.94
29.84 15.9
29.84 15.97
29.84 15.96
29.84 16.02
29.84 15.99
29.84 15.94
29.84 15.92
29.84 15.97
29.84 16.02
29.84 15.96
29.84 15.99
29.84 15.96
29.84 15.92
29.84 15.88
29.84 15.92
29.84 15.93
29.84 15.92
29.84 15.93
29.84 15.97
29.84 15.96
29.84 15.94
29.84 15.99
28.7 15.97
29.84 15.94
29.84 15.93
29.84 15.98
30.98 15.97
30.98 15.94
30.98 15.94
29.84 15.92
29.84 15.91
29.84 15.92
29.84 15.93
29.84 15.94
29.84 16.0
29.84 15.91
29.84 15.96
29.84 15.95
29.84 15.95
30.98 15.91
29.84 15.92
30.98 15.91
29.84 15.95
29.84 15.94
28.7 15.93
29.84 16.0
29.84 15.99
29.84 15.92
29.84 15.92
29.84 15.93
29.84 15.97
28.7 15.88
29.84 16.0
29.84 15.93
29.84 15.9
30.98 15.92
29.84 15.96
29.84 15.94
29.84 15.94
29.84 15.96
29.84 15.97
28.7 15.93
30.98 15.96
29.84 15.96
29.84 15.98
30.98 15.96
29.84 16.02
29.84 15.94
29.84 15.93
29.84 15.92
30.98 15.97
29.84 15.89
29.84 15.94
29.84 15.94
29.84 15.94
29.84 15.96
29.84 15.91
28.7 15.93
29.84 15.91
29.84 15.9
29.84 15.92
29.84 15.93
28.7 15.94
29.84 15.93
29.84 15.97
29.84 15.97
29.84 15.98
29.84 15.89
29.84 15.96
29.84 15.97
29.84 15.95
29.84 15.92
29.84 15.92
29.84 15.98
29.84 15.98
29.84 15.9
29.84 15.95
29.84 15.94
29.84 15.98
30.98 15.96
29.84 15.93
29.84 15.97
29.84 15.96
29.84 15.99
29.84 15.89
29.84 15.94
29.84 15.89
29.84 15.97
29.84 15.95
29.84 15.92
29.84 15.89
30.98 15.98
29.84 15.92
29.84 15.97
29.84 15.91
30.98 15.91
29.84 15.91
29.84 15.98
30.98 16.02
30.98 15.99
29.84 15.98
29.84 15.94
29.84 15.96
29.84 15.93
29.84 15.95
29.84 15.91
