50.36 424740.0
50.36 424760.0
51.5 424780.0
51.5 424800.0
51.5 424820.0
51.5 424840.0
50.36 424860.0
51.5 424880.0
50.36 424900.0
50.36 424920.0
50.36 424940.0
51.5 424960.0
50.36 424980.0
50.36 425000.0
51.5 425020.0
51.5 425040.0
50.36 425060.0
50.36 425080.0
50.36 425100.0
50.36 425120.0
51.5 425140.0
50.36 425160.0
51.5 425180.0
51.5 425200.0
51.5 425220.0
50.36 425240.0
51.5 425260.0
50.36 425280.0
50.36 425300.0
51.5 425320.0
50.36 425340.0
50.36 425360.0
51.5 425380.0
51.5 425400.0
51.5 425420.0
51.5 425440.0
51.5 425460.0
51.5 425480.0
50.36 425500.0
51.5 425520.0
51.5 425540.0
51.5 425560.0
50.36 425580.0
51.5 425600.0
50.36 425620.0
51.5 425640.0
51.5 425660.0
51.5 425680.0
50.36 425700.0
51.5 425720.0
51.5 425740.0
51.5 425760.0
51.5 425780.0
51.5 425800.0
51.5 425820.0
50.36 425840.0
50.36 425860.0
51.5 425880.0
51.5 425900.0
50.36 425920.0
50.36 425940.0
50.36 425960.0
50.36 425980.0
51.5 426000.0
51.5 426020.0
50.36 426040.0
51.5 426060.0
50.36 426080.0
51.5 426100.0
51.5 426120.0
51.5 426140.0
51.5 426160.0
51.5 426180.0
51.5 426200.0
51.5 426220.0
51.5 426240.0
51.5 426260.0
51.5 426280.0
51.5 426300.0
51.5 426320.0
50.36 426340.0
51.5 426360.0
50.36 426380.0
51.5 426400.0
51.5 426420.0
50.36 426440.0
51.5 426460.0
50.36 426480.0
50.36 426500.0
51.5 426520.0
50.36 426540.0
51.5 426560.0
51.5 426580.0
50.36 426600.0
51.5 426620.0
51.5 426640.0
50.36 426660.0
50.36 426680.0
51.5 426700.0
50.36 426720.0
50.36 426740.0
51.5 426760.0
51.5 426780.0
51.5 426800.0
50.36 426820.0
51.5 426840.0
50.36 426860.0
50.36 426880.0
51.5 426900.0
51.5 426920.0
50.36 426940.0
51.5 426960.0
51.5 426980.0
51.5 427000.0
51.5 427020.0
51.5 427040.0
50.36 427060.0
51.5 427080.0
51.5 427100.0
51.5 427120.0
51.5 427140.0
50.36 427160.0
50.36 427180.0
51.5 427200.0
50.36 427220.0
50.36 427240.0
50.36 427260.0
51.5 427280.0
51.5 427300.0
51.5 427320.0
51.5 427340.0
51.5 427360.0
51.5 427380.0
51.5 427400.0
51.5 427420.0
50.36 427440.0
50.36 427460.0
51.5 427480.0
51.5 427500.0
50.36 427520.0
51.5 427540.0
51.5 427560.0
51.5 427580.0
50.36 427600.0
51.5 427620.0
50.36 427640.0
50.36 427660.0
50.36 427680.0
51.5 427700.0
51.5 427720.0
50.36 427740.0
51.5 427760.0
50.36 427780.0
51.5 427800.0
51.5 427820.0
51.5 427840.0
51.5 427860.0
51.5 427880.0
50.36 427900.0
51.5 427920.0
51.5 427940.0
51.5 427960.0
51.5 427980.0
51.5 428000.0
50.36 428020.0
51.5 428040.0
50.36 428060.0
51.5 428080.0
50.36 428100.0
50.36 428120.0
51.5 428140.0
51.5 428160.0
51.5 428180.0
50.36 428200.0
51.5 428220.0
51.5 428240.0
51.5 428260.0
51.5 428280.0
51.5 428300.0
51.5 428320.0
51.5 428340.0
51.5 428360.0
50.36 428380.0
51.5 428400.0
51.5 428420.0
51.5 428440.0
51.5 428460.0
51.5 428480.0
51.5 428500.0
51.5 428520.0
51.5 428540.0
51.5 428560.0
51.5 428580.0
51.5 428600.0
50.36 428620.0
51.5 428640.0
51.5 428660.0
51.5 428680.0
51.5 428700.0
51.5 428720.0
51.5 428740.0
51.5 428760.0
51.5 428780.0
51.5 428800.0
51.5 428820.0
51.5 428840.0
51.5 428860.0
51.5 428880.0
51.5 428900.0
51.5 428920.0
51.5 428940.0
51.5 428960.0
50.36 428980.0
50.36 429000.0
51.5 429020.0
50.36 429040.0
50.36 429060.0
51.5 429080.0
51.5 429100.0
50.36 429120.0
50.36 429140.0
51.5 429160.0
51.5 429180.0
51.5 429200.0
51.5 429220.0
51.5 429240.0
51.5 429260.0
51.5 429280.0
50.36 429300.0
51.5 429320.0
51.5 429340.0
51.5 429360.0
51.5 429380.0
51.5 429400.0
51.5 429420.0
50.36 429440.0
51.5 429460.0
50.36 429480.0
51.5 429500.0
50.36 429520.0
51.5 429540.0
51.5 429560.0
50.36 429580.0
50.36 429600.0
50.36 429620.0
51.5 429640.0
51.5 429660.0
51.5 429680.0
51.5 429700.0
50.36 429720.0
51.5 429740.0
50.36 429760.0
51.5 429780.0
51.5 429800.0
50.36 429820.0
51.5 429840.0
51.5 429860.0
50.36 429880.0
51.5 429900.0
50.36 429920.0
51.5 429940.0
51.5 429960.0
51.5 429980.0
50.36 430000.0
51.5 430020.0
51.5 430040.0
50.36 430060.0
51.5 430080.0
51.5 430100.0
51.5 430120.0
51.5 430140.0
51.5 430160.0
50.36 430180.0
50.36 430200.0
51.5 430220.0
51.5 430240.0
50.36 430260.0
51.5 430280.0
51.5 430300.0
50.36 430320.0
50.36 430340.0
50.36 430360.0
51.5 430380.0
51.5 430400.0
51.5 430420.0
51.5 430440.0
50.36 430460.0
50.36 430480.0
51.5 430500.0
51.5 430520.0
51.5 430540.0
51.5 430560.0
50.36 430580.0
51.5 430600.0
51.5 430620.0
51.5 430640.0
51.5 430660.0
50.36 430680.0
51.5 430700.0
51.5 430720.0
51.5 430740.0
51.5 430760.0
50.36 430780.0
50.36 430800.0
51.5 430820.0
50.36 430840.0
51.5 430860.0
51.5 430880.0
51.5 430900.0
51.5 430920.0
51.5 430940.0
51.5 430960.0
51.5 430980.0
51.5 431000.0
50.36 431020.0
50.36 431040.0
51.5 431060.0
50.36 431080.0
51.5 431100.0
51.5 431120.0
51.5 431140.0
51.5 431160.0
50.36 431180.0
51.5 431200.0
50.36 431220.0
51.5 431240.0
51.5 431260.0
50.36 431280.0
51.5 431300.0
51.5 431320.0
51.5 431340.0
51.5 431360.0
50.36 431380.0
51.5 431400.0
50.36 431420.0
50.36 431440.0
51.5 431460.0
50.36 431480.0
50.36 431500.0
51.5 431520.0
51.5 431540.0
51.5 431560.0
51.5 431580.0
51.5 431600.0
51.5 431620.0
51.5 431640.0
50.36 431660.0
51.5 431680.0
51.5 431700.0
51.5 431720.0
51.5 431740.0
51.5 431760.0
51.5 431780.0
50.36 431800.0
50.36 431820.0
50.36 431840.0
51.5 431860.0
51.5 431880.0
51.5 431900.0
51.5 431920.0
51.5 431940.0
51.5 431960.0
51.5 431980.0
50.36 432000.0
51.5 432020.0
51.5 432040.0
51.5 432060.0
51.5 432080.0
51.5 432100.0
51.5 432120.0
51.5 432140.0
51.5 432160.0
50.36 432180.0
50.36 432200.0
51.5 432220.0
51.5 432240.0
50.36 432260.0
51.5 432280.0
51.5 432300.0
50.36 432320.0
51.5 432340.0
50.36 432360.0
51.5 432380.0
51.5 432400.0
51.5 432420.0
51.5 432440.0
51.5 432460.0
51.5 432480.0
51.5 432500.0
50.36 432520.0
51.5 432540.0
51.5 432560.0
51.5 432580.0
51.5 432600.0
51.5 432620.0
50.36 432640.0
50.36 432660.0
50.36 432680.0
51.5 432700.0
51.5 432720.0
50.36 432740.0
50.36 432760.0
51.5 432780.0
51.5 432800.0
51.5 432820.0
50.36 432840.0
51.5 432860.0
51.5 432880.0
51.5 432900.0
51.5 432920.0
51.5 432940.0
50.36 432960.0
51.5 432980.0
51.5 433000.0
51.5 433020.0
50.36 433040.0
51.5 433060.0
51.5 433080.0
51.5 433100.0
50.36 433120.0
51.5 433140.0
51.5 433160.0
51.5 433180.0
51.5 433200.0
50.36 433220.0
50.36 433240.0
51.5 433260.0
51.5 433280.0
50.36 433300.0
51.5 433320.0
50.36 433340.0
50.36 433360.0
50.36 433380.0
51.5 433400.0
51.5 433420.0
51.5 433440.0
51.5 433460.0
50.36 433480.0
51.5 433500.0
51.5 433520.0
51.5 433540.0
51.5 433560.0
50.36 433580.0
50.36 433600.0
51.5 433620.0
51.5 433640.0
51.5 433660.0
51.5 433680.0
51.5 433700.0
51.5 433720.0
51.5 433740.0
50.36 433760.0
51.5 433780.0
50.36 433800.0
51.5 433820.0
50.36 433840.0
51.5 433860.0
51.5 433880.0
51.5 433900.0
50.36 433920.0
51.5 433940.0
51.5 433960.0
51.5 433980.0
51.5 434000.0
50.36 434020.0
51.5 434040.0
51.5 434060.0
50.36 434080.0
50.36 434100.0
51.5 434120.0
51.5 434140.0
51.5 434160.0
51.5 434180.0
51.5 434200.0
50.36 434220.0
50.36 434240.0
51.5 434260.0
51.5 434280.0
50.36 434300.0
51.5 434320.0
50.36 434340.0
50.36 434360.0
51.5 434380.0
51.5 434400.0
51.5 434420.0
51.5 434440.0
51.5 434460.0
50.36 434480.0
51.5 434500.0
51.5 434520.0
51.5 434540.0
50.36 434560.0
51.5 434580.0
51.5 434600.0
51.5 434620.0
50.36 434640.0
51.5 434660.0
51.5 434680.0
51.5 434700.0
51.5 434720.0
51.5 434740.0
51.5 434760.0
51.5 434780.0
51.5 434800.0
51.5 434820.0
51.5 434840.0
51.5 434860.0
51.5 434880.0
51.5 434900.0
51.5 434920.0
51.5 434940.0
50.36 434960.0
51.5 434980.0
50.36 435000.0
51.5 435020.0
51.5 435040.0
51.5 435060.0
51.5 435080.0
51.5 435100.0
50.36 435120.0
51.5 435140.0
51.5 435160.0
50.36 435180.0
51.5 435200.0
51.5 435220.0
51.5 435240.0
51.5 435260.0
51.5 435280.0
50.36 435300.0
51.5 435320.0
51.5 435340.0
51.5 435360.0
51.5 435380.0
51.5 435400.0
50.36 435420.0
51.5 435440.0
50.36 435460.0
51.5 435480.0
51.5 435500.0
50.36 435520.0
50.36 435540.0
50.36 435560.0
50.36 435580.0
51.5 435600.0
51.5 435620.0
50.36 435640.0
51.5 435660.0
51.5 435680.0
51.5 435700.0
51.5 435720.0
51.5 435740.0
51.5 435760.0
51.5 435780.0
51.5 435800.0
50.36 435820.0
50.36 435840.0
51.5 435860.0
50.36 435880.0
51.5 435900.0
50.36 435920.0
51.5 435940.0
50.36 435960.0
51.5 435980.0
51.5 436000.0
51.5 436020.0
51.5 436040.0
51.5 436060.0
51.5 436080.0
50.36 436100.0
50.36 436120.0
50.36 436140.0
51.5 436160.0
50.36 436180.0
51.5 436200.0
51.5 436220.0
51.5 436240.0
51.5 436260.0
51.5 436280.0
51.5 436300.0
50.36 436320.0
50.36 436340.0
50.36 436360.0
51.5 436380.0
51.5 436400.0
51.5 436420.0
51.5 436440.0
51.5 436460.0
51.5 436480.0
50.36 436500.0
51.5 436520.0
51.5 436540.0
51.5 436560.0
51.5 436580.0
50.36 436600.0
51.5 436620.0
50.36 436640.0
51.5 436660.0
51.5 436680.0
50.36 436700.0
51.5 436720.0
51.5 436740.0
51.5 436760.0
50.36 436780.0
51.5 436800.0
50.36 436820.0
50.36 436840.0
50.36 436860.0
51.5 436880.0
50.36 436900.0
51.5 436920.0
51.5 436940.0
51.5 436960.0
50.36 436980.0
51.5 437000.0
51.5 437020.0
51.5 437040.0
50.36 437060.0
51.5 437080.0
51.5 437100.0
51.5 437120.0
51.5 437140.0
51.5 437160.0
51.5 437180.0
51.5 437200.0
50.36 437220.0
50.36 437240.0
50.36 437260.0
51.5 437280.0
51.5 437300.0
51.5 437320.0
51.5 437340.0
51.5 437360.0
50.36 437380.0
51.5 437400.0
51.5 437420.0
50.36 437440.0
51.5 437460.0
50.36 437480.0
51.5 437500.0
51.5 437520.0
50.36 437540.0
51.5 437560.0
50.36 437580.0
50.36 437600.0
51.5 437620.0
50.36 437640.0
50.36 437660.0
51.5 437680.0
51.5 437700.0
51.5 437720.0
50.36 437740.0
51.5 437760.0
50.36 437780.0
51.5 437800.0
51.5 437820.0
51.5 437840.0
51.5 437860.0
51.5 437880.0
50.36 437900.0
51.5 437920.0
50.36 437940.0
51.5 437960.0
51.5 437980.0
51.5 438000.0
50.36 438020.0
51.5 438040.0
50.36 438060.0
50.36 438080.0
51.5 438100.0
50.36 438120.0
51.5 438140.0
51.5 438160.0
51.5 438180.0
51.5 438200.0
51.5 438220.0
51.5 438240.0
51.5 438260.0
50.36 438280.0
50.36 438300.0
51.5 438320.0
51.5 438340.0
50.36 438360.0
50.36 438380.0
50.36 438400.0
50.36 438420.0
51.5 438440.0
51.5 438460.0
51.5 438480.0
51.5 438500.0
51.5 438520.0
51.5 438540.0
51.5 438560.0
51.5 438580.0
50.36 438600.0
51.5 438620.0
51.5 438640.0
51.5 438660.0
51.5 438680.0
51.5 438700.0
51.5 438720.0
51.5 438740.0
51.5 438760.0
51.5 438780.0
50.36 438800.0
51.5 438820.0
51.5 438840.0
51.5 438860.0
51.5 438880.0
51.5 438900.0
51.5 438920.0
51.5 438940.0
51.5 438960.0
51.5 438980.0
50.36 439000.0
51.5 439020.0
50.36 439040.0
50.36 439060.0
51.5 439080.0
51.5 439100.0
51.5 439120.0
52.64 439140.0
50.36 439160.0
51.5 439180.0
51.5 439200.0
50.36 439220.0
51.5 439240.0
51.5 439260.0
51.5 439280.0
50.36 439300.0
51.5 439320.0
50.36 439340.0
51.5 439360.0
51.5 439380.0
50.36 439400.0
51.5 439420.0
51.5 439440.0
51.5 439460.0
51.5 439480.0
50.36 439500.0
51.5 439520.0
51.5 439540.0
51.5 439560.0
50.36 439580.0
51.5 439600.0
51.5 439620.0
51.5 439640.0
51.5 439660.0
51.5 439680.0
51.5 439700.0
51.5 439720.0
50.36 439740.0
50.36 439760.0
51.5 439780.0
51.5 439800.0
51.5 439820.0
51.5 439840.0
51.5 439860.0
51.5 439880.0
51.5 439900.0
51.5 439920.0
51.5 439940.0
51.5 439960.0
51.5 439980.0
51.5 440000.0
51.5 440020.0
51.5 440040.0
51.5 440060.0
51.5 440080.0
51.5 440100.0
51.5 440120.0
51.5 440140.0
51.5 440160.0
50.36 440180.0
51.5 440200.0
51.5 440220.0
51.5 440240.0
51.5 440260.0
51.5 440280.0
51.5 440300.0
51.5 440320.0
51.5 440340.0
51.5 440360.0
51.5 440380.0
50.36 440400.0
51.5 440420.0
50.36 440440.0
51.5 440460.0
51.5 440480.0
51.5 440500.0
51.5 440520.0
50.36 440540.0
51.5 440560.0
51.5 440580.0
51.5 440600.0
51.5 440620.0
51.5 440640.0
51.5 440660.0
51.5 440680.0
51.5 440700.0
51.5 440720.0
51.5 440740.0
51.5 440760.0
51.5 440780.0
51.5 440800.0
51.5 440820.0
51.5 440840.0
50.36 440860.0
51.5 440880.0
51.5 440900.0
51.5 440920.0
51.5 440940.0
51.5 440960.0
51.5 440980.0
51.5 441000.0
51.5 441020.0
51.5 441040.0
51.5 441060.0
51.5 441080.0
51.5 441100.0
51.5 441120.0
51.5 441140.0
51.5 441160.0
51.5 441180.0
50.36 441200.0
51.5 441220.0
51.5 441240.0
51.5 441260.0
51.5 441280.0
51.5 441300.0
51.5 441320.0
51.5 441340.0
50.36 441360.0
51.5 441380.0
51.5 441400.0
50.36 441420.0
51.5 441440.0
51.5 441460.0
50.36 441480.0
51.5 441500.0
50.36 441520.0
51.5 441540.0
51.5 441560.0
51.5 441580.0
51.5 441600.0
51.5 441620.0
50.36 441640.0
51.5 441660.0
50.36 441680.0
50.36 441700.0
50.36 441720.0
51.5 441740.0
51.5 441760.0
50.36 441780.0
51.5 441800.0
51.5 441820.0
51.5 441840.0
50.36 441860.0
50.36 441880.0
51.5 441900.0
50.36 441920.0
51.5 441940.0
51.5 441960.0
51.5 441980.0
50.36 442000.0
51.5 442020.0
51.5 442040.0
50.36 442060.0
51.5 442080.0
50.36 442100.0
51.5 442120.0
51.5 442140.0
51.5 442160.0
51.5 442180.0
51.5 442200.0
50.36 442220.0
50.36 442240.0
51.5 442260.0
50.36 442280.0
51.5 442300.0
51.5 442320.0
50.36 442340.0
51.5 442360.0
50.36 442380.0
51.5 442400.0
50.36 442420.0
51.5 442440.0
51.5 442460.0
51.5 442480.0
51.5 442500.0
51.5 442520.0
51.5 442540.0
51.5 442560.0
50.36 442580.0
51.5 442600.0
51.5 442620.0
51.5 442640.0
50.36 442660.0
51.5 442680.0
51.5 442700.0
51.5 442720.0
50.36 442740.0
50.36 442760.0
51.5 442780.0
51.5 442800.0
51.5 442820.0
51.5 442840.0
50.36 442860.0
51.5 442880.0
51.5 442900.0
51.5 442920.0
51.5 442940.0
51.5 442960.0
50.36 442980.0
51.5 443000.0
50.36 443020.0
51.5 443040.0
51.5 443060.0
51.5 443080.0
51.5 443100.0
51.5 443120.0
51.5 443140.0
50.36 443160.0
51.5 443180.0
51.5 443200.0
50.36 443220.0
51.5 443240.0
51.5 443260.0
51.5 443280.0
51.5 443300.0
50.36 443320.0
51.5 443340.0
51.5 443360.0
51.5 443380.0
51.5 443400.0
51.5 443420.0
50.36 443440.0
51.5 443460.0
51.5 443480.0
51.5 443500.0
50.36 443520.0
51.5 443540.0
50.36 443560.0
51.5 443580.0
51.5 443600.0
51.5 443620.0
51.5 443640.0
51.5 443660.0
51.5 443680.0
51.5 443700.0
51.5 443720.0
52.64 443740.0
51.5 443760.0
51.5 443780.0
51.5 443800.0
51.5 443820.0
50.36 443840.0
51.5 443860.0
50.36 443880.0
50.36 443900.0
51.5 443920.0
51.5 443940.0
51.5 443960.0
51.5 443980.0
50.36 444000.0
51.5 444020.0
51.5 444040.0
51.5 444060.0
51.5 444080.0
51.5 444100.0
51.5 444120.0
51.5 444140.0
51.5 444160.0
51.5 444180.0
51.5 444200.0
51.5 444220.0
51.5 444240.0
51.5 444260.0
51.5 444280.0
51.5 444300.0
50.36 444320.0
51.5 444340.0
51.5 444360.0
51.5 444380.0
51.5 444400.0
51.5 444420.0
51.5 444440.0
50.36 444460.0
51.5 444480.0
51.5 444500.0
51.5 444520.0
51.5 444540.0
51.5 444560.0
51.5 444580.0
51.5 444600.0
50.36 444620.0
51.5 444640.0
51.5 444660.0
51.5 444680.0
50.36 444700.0
50.36 444720.0
51.5 444740.0
51.5 444760.0
51.5 444780.0
51.5 444800.0
50.36 444820.0
51.5 444840.0
50.36 444860.0
50.36 444880.0
51.5 444900.0
50.36 444920.0
51.5 444940.0
51.5 444960.0
50.36 444980.0
51.5 445000.0
50.36 445020.0
51.5 445040.0
51.5 445060.0
51.5 445080.0
51.5 445100.0
51.5 445120.0
50.36 445140.0
51.5 445160.0
51.5 445180.0
51.5 445200.0
51.5 445220.0
51.5 445240.0
51.5 445260.0
51.5 445280.0
51.5 445300.0
51.5 445320.0
51.5 445340.0
51.5 445360.0
50.36 445380.0
51.5 445400.0
51.5 445420.0
50.36 445440.0
50.36 445460.0
51.5 445480.0
51.5 445500.0
50.36 445520.0
51.5 445540.0
51.5 445560.0
51.5 445580.0
51.5 445600.0
51.5 445620.0
50.36 445640.0
51.5 445660.0
51.5 445680.0
51.5 445700.0
51.5 445720.0
51.5 445740.0
51.5 445760.0
51.5 445780.0
51.5 445800.0
51.5 445820.0
51.5 445840.0
51.5 445860.0
51.5 445880.0
51.5 445900.0
51.5 445920.0
51.5 445940.0
51.5 445960.0
51.5 445980.0
51.5 446000.0
51.5 446020.0
50.36 446040.0
50.36 446060.0
51.5 446080.0
51.5 446100.0
51.5 446120.0
50.36 446140.0
51.5 446160.0
51.5 446180.0
51.5 446200.0
50.36 446220.0
51.5 446240.0
50.36 446260.0
51.5 446280.0
50.36 446300.0
50.36 446320.0
51.5 446340.0
51.5 446360.0
51.5 446380.0
51.5 446400.0
51.5 446420.0
50.36 446440.0
50.36 446460.0
50.36 446480.0
51.5 446500.0
51.5 446520.0
50.36 446540.0
51.5 446560.0
50.36 446580.0
51.5 446600.0
50.36 446620.0
51.5 446640.0
51.5 446660.0
51.5 446680.0
51.5 446700.0
51.5 446720.0
51.5 446740.0
50.36 446760.0
51.5 446780.0
51.5 446800.0
51.5 446820.0
51.5 446840.0
51.5 446860.0
51.5 446880.0
51.5 446900.0
51.5 446920.0
51.5 446940.0
51.5 446960.0
51.5 446980.0
51.5 447000.0
50.36 447020.0
51.5 447040.0
51.5 447060.0
50.36 447080.0
51.5 447100.0
51.5 447120.0
51.5 447140.0
51.5 447160.0
50.36 447180.0
50.36 447200.0
51.5 447220.0
51.5 447240.0
51.5 447260.0
50.36 447280.0
51.5 447300.0
51.5 447320.0
51.5 447340.0
50.36 447360.0
51.5 447380.0
50.36 447400.0
51.5 447420.0
50.36 447440.0
51.5 447460.0
51.5 447480.0
51.5 447500.0
50.36 447520.0
50.36 447540.0
51.5 447560.0
51.5 447580.0
50.36 447600.0
51.5 447620.0
50.36 447640.0
50.36 447660.0
51.5 447680.0
50.36 447700.0
51.5 447720.0
50.36 447740.0
51.5 447760.0
51.5 447780.0
51.5 447800.0
51.5 447820.0
51.5 447840.0
51.5 447860.0
50.36 447880.0
51.5 447900.0
51.5 447920.0
51.5 447940.0
51.5 447960.0
50.36 447980.0
51.5 448000.0
51.5 448020.0
51.5 448040.0
51.5 448060.0
51.5 448080.0
51.5 448100.0
51.5 448120.0
51.5 448140.0
51.5 448160.0
50.36 448180.0
51.5 448200.0
51.5 448220.0
51.5 448240.0
51.5 448260.0
50.36 448280.0
50.36 448300.0
51.5 448320.0
50.36 448340.0
51.5 448360.0
51.5 448380.0
51.5 448400.0
51.5 448420.0
51.5 448440.0
51.5 448460.0
51.5 448480.0
51.5 448500.0
50.36 448520.0
51.5 448540.0
51.5 448560.0
50.36 448580.0
50.36 448600.0
51.5 448620.0
51.5 448640.0
51.5 448660.0
51.5 448680.0
51.5 448700.0
51.5 448720.0
51.5 448740.0
51.5 448760.0
50.36 448780.0
51.5 448800.0
50.36 448820.0
51.5 448840.0
51.5 448860.0
51.5 448880.0
51.5 448900.0
51.5 448920.0
51.5 448940.0
51.5 448960.0
51.5 448980.0
51.5 449000.0
51.5 449020.0
51.5 449040.0
51.5 449060.0
50.36 449080.0
51.5 449100.0
50.36 449120.0
50.36 449140.0
51.5 449160.0
51.5 449180.0
50.36 449200.0
51.5 449220.0
51.5 449240.0
50.36 449260.0
51.5 449280.0
51.5 449300.0
51.5 449320.0
51.5 449340.0
51.5 449360.0
50.36 449380.0
51.5 449400.0
50.36 449420.0
50.36 449440.0
51.5 449460.0
51.5 449480.0
51.5 449500.0
51.5 449520.0
51.5 449540.0
50.36 449560.0
51.5 449580.0
51.5 449600.0
51.5 449620.0
51.5 449640.0
51.5 449660.0
51.5 449680.0
51.5 449700.0
50.36 449720.0
51.5 449740.0
50.36 449760.0
51.5 449780.0
51.5 449800.0
51.5 449820.0
51.5 449840.0
50.36 449860.0
51.5 449880.0
51.5 449900.0
51.5 449920.0
51.5 449940.0
50.36 449960.0
50.36 449980.0
51.5 450000.0
51.5 450020.0
50.36 450040.0
51.5 450060.0
50.36 450080.0
51.5 450100.0
51.5 450120.0
51.5 450140.0
50.36 450160.0
51.5 450180.0
51.5 450200.0
50.36 450220.0
51.5 450240.0
51.5 450260.0
51.5 450280.0
51.5 450300.0
50.36 450320.0
51.5 450340.0
51.5 450360.0
51.5 450380.0
51.5 450400.0
50.36 450420.0
50.36 450440.0
50.36 450460.0
50.36 450480.0
51.5 450500.0
51.5 450520.0
50.36 450540.0
51.5 450560.0
51.5 450580.0
50.36 450600.0
51.5 450620.0
51.5 450640.0
50.36 450660.0
51.5 450680.0
51.5 450700.0
51.5 450720.0
51.5 450740.0
51.5 450760.0
51.5 450780.0
51.5 450800.0
50.36 450820.0
51.5 450840.0
51.5 450860.0
51.5 450880.0
51.5 450900.0
51.5 450920.0
51.5 450940.0
50.36 450960.0
51.5 450980.0
51.5 451000.0
51.5 451020.0
51.5 451040.0
51.5 451060.0
51.5 451080.0
51.5 451100.0
51.5 451120.0
50.36 451140.0
50.36 451160.0
51.5 451180.0
51.5 451200.0
51.5 451220.0
51.5 451240.0
50.36 451260.0
51.5 451280.0
51.5 451300.0
51.5 451320.0
51.5 451340.0
51.5 451360.0
50.36 451380.0
51.5 451400.0
51.5 451420.0
51.5 451440.0
51.5 451460.0
50.36 451480.0
51.5 451500.0
51.5 451520.0
51.5 451540.0
51.5 451560.0
51.5 451580.0
51.5 451600.0
51.5 451620.0
51.5 451640.0
51.5 451660.0
51.5 451680.0
51.5 451700.0
51.5 451720.0
51.5 451740.0
51.5 451760.0
51.5 451780.0
51.5 451800.0
51.5 451820.0
51.5 451840.0
51.5 451860.0
51.5 451880.0
50.36 451900.0
51.5 451920.0
51.5 451940.0
51.5 451960.0
50.36 451980.0
51.5 452000.0
51.5 452020.0
51.5 452040.0
51.5 452060.0
50.36 452080.0
50.36 452100.0
50.36 452120.0
51.5 452140.0
50.36 452160.0
50.36 452180.0
51.5 452200.0
51.5 452220.0
51.5 452240.0
51.5 452260.0
51.5 452280.0
51.5 452300.0
50.36 452320.0
50.36 452340.0
51.5 452360.0
51.5 452380.0
51.5 452400.0
51.5 452420.0
51.5 452440.0
51.5 452460.0
51.5 452480.0
50.36 452500.0
51.5 452520.0
51.5 452540.0
51.5 452560.0
51.5 452580.0
51.5 452600.0
51.5 452620.0
51.5 452640.0
51.5 452660.0
51.5 452680.0
51.5 452700.0
51.5 452720.0
51.5 452740.0
51.5 452760.0
51.5 452780.0
51.5 452800.0
51.5 452820.0
51.5 452840.0
50.36 452860.0
51.5 452880.0
50.36 452900.0
51.5 452920.0
51.5 452940.0
50.36 452960.0
51.5 452980.0
50.36 453000.0
50.36 453020.0
51.5 453040.0
50.36 453060.0
51.5 453080.0
51.5 453100.0
51.5 453120.0
50.36 453140.0
51.5 453160.0
50.36 453180.0
51.5 453200.0
51.5 453220.0
51.5 453240.0
51.5 453260.0
50.36 453280.0
51.5 453300.0
51.5 453320.0
51.5 453340.0
51.5 453360.0
51.5 453380.0
