50.36 301800.0
50.36 301820.0
50.36 301840.0
50.36 301860.0
50.36 301880.0
50.36 301900.0
51.5 301920.0
50.36 301940.0
50.36 301960.0
50.36 301980.0
50.36 302000.0
50.36 302020.0
50.36 302040.0
50.36 302060.0
50.36 302080.0
50.36 302100.0
50.36 302120.0
51.5 302140.0
50.36 302160.0
50.36 302180.0
51.5 302200.0
50.36 302220.0
51.5 302240.0
50.36 302260.0
50.36 302280.0
50.36 302300.0
50.36 302320.0
50.36 302340.0
50.36 302360.0
50.36 302380.0
50.36 302400.0
50.36 302420.0
50.36 302440.0
50.36 302460.0
50.36 302480.0
50.36 302500.0
50.36 302520.0
50.36 302540.0
50.36 302560.0
51.5 302580.0
50.36 302600.0
50.36 302620.0
50.36 302640.0
51.5 302660.0
50.36 302680.0
50.36 302700.0
50.36 302720.0
50.36 302740.0
50.36 302760.0
50.36 302780.0
50.36 302800.0
50.36 302820.0
50.36 302840.0
50.36 302860.0
50.36 302880.0
50.36 302900.0
50.36 302920.0
50.36 302940.0
50.36 302960.0
51.5 302980.0
51.5 303000.0
50.36 303020.0
50.36 303040.0
50.36 303060.0
50.36 303080.0
50.36 303100.0
50.36 303120.0
50.36 303140.0
51.5 303160.0
50.36 303180.0
50.36 303200.0
51.5 303220.0
51.5 303240.0
50.36 303260.0
50.36 303280.0
50.36 303300.0
51.5 303320.0
50.36 303340.0
50.36 303360.0
50.36 303380.0
50.36 303400.0
50.36 303420.0
50.36 303440.0
50.36 303460.0
51.5 303480.0
50.36 303500.0
50.36 303520.0
50.36 303540.0
50.36 303560.0
50.36 303580.0
50.36 303600.0
50.36 303620.0
50.36 303640.0
50.36 303660.0
50.36 303680.0
50.36 303700.0
50.36 303720.0
50.36 303740.0
50.36 303760.0
50.36 303780.0
50.36 303800.0
50.36 303820.0
50.36 303840.0
50.36 303860.0
50.36 303880.0
50.36 303900.0
50.36 303920.0
50.36 303940.0
50.36 303960.0
50.36 303980.0
50.36 304000.0
50.36 304020.0
50.36 304040.0
50.36 304060.0
50.36 304080.0
51.5 304100.0
50.36 304120.0
50.36 304140.0
50.36 304160.0
50.36 304180.0
50.36 304200.0
50.36 304220.0
50.36 304240.0
50.36 304260.0
50.36 304280.0
51.5 304300.0
50.36 304320.0
50.36 304340.0
50.36 304360.0
50.36 304380.0
50.36 304400.0
50.36 304420.0
50.36 304440.0
50.36 304460.0
50.36 304480.0
50.36 304500.0
50.36 304520.0
50.36 304540.0
51.5 304560.0
51.5 304580.0
50.36 304600.0
51.5 304620.0
50.36 304640.0
50.36 304660.0
50.36 304680.0
50.36 304700.0
50.36 304720.0
51.5 304740.0
50.36 304760.0
50.36 304780.0
50.36 304800.0
50.36 304820.0
50.36 304840.0
50.36 304860.0
50.36 304880.0
50.36 304900.0
50.36 304920.0
50.36 304940.0
50.36 304960.0
51.5 304980.0
50.36 305000.0
50.36 305020.0
50.36 305040.0
50.36 305060.0
50.36 305080.0
50.36 305100.0
50.36 305120.0
51.5 305140.0
50.36 305160.0
51.5 305180.0
50.36 305200.0
50.36 305220.0
50.36 305240.0
50.36 305260.0
50.36 305280.0
50.36 305300.0
50.36 305320.0
50.36 305340.0
50.36 305360.0
51.5 305380.0
50.36 305400.0
50.36 305420.0
50.36 305440.0
50.36 305460.0
50.36 305480.0
51.5 305500.0
50.36 305520.0
50.36 305540.0
50.36 305560.0
50.36 305580.0
51.5 305600.0
51.5 305620.0
50.36 305640.0
50.36 305660.0
51.5 305680.0
50.36 305700.0
50.36 305720.0
50.36 305740.0
51.5 305760.0
50.36 305780.0
50.36 305800.0
50.36 305820.0
50.36 305840.0
50.36 305860.0
50.36 305880.0
50.36 305900.0
51.5 305920.0
50.36 305940.0
50.36 305960.0
51.5 305980.0
51.5 306000.0
50.36 306020.0
50.36 306040.0
50.36 306060.0
50.36 306080.0
50.36 306100.0
50.36 306120.0
50.36 306140.0
50.36 306160.0
50.36 306180.0
50.36 306200.0
50.36 306220.0
50.36 306240.0
50.36 306260.0
50.36 306280.0
50.36 306300.0
50.36 306320.0
50.36 306340.0
50.36 306360.0
50.36 306380.0
50.36 306400.0
50.36 306420.0
50.36 306440.0
50.36 306460.0
51.5 306480.0
50.36 306500.0
50.36 306520.0
51.5 306540.0
50.36 306560.0
51.5 306580.0
50.36 306600.0
50.36 306620.0
50.36 306640.0
50.36 306660.0
51.5 306680.0
50.36 306700.0
50.36 306720.0
51.5 306740.0
50.36 306760.0
50.36 306780.0
50.36 306800.0
50.36 306820.0
50.36 306840.0
50.36 306860.0
50.36 306880.0
50.36 306900.0
50.36 306920.0
50.36 306940.0
50.36 306960.0
51.5 306980.0
51.5 307000.0
50.36 307020.0
50.36 307040.0
50.36 307060.0
51.5 307080.0
50.36 307100.0
50.36 307120.0
50.36 307140.0
50.36 307160.0
50.36 307180.0
50.36 307200.0
50.36 307220.0
50.36 307240.0
51.5 307260.0
50.36 307280.0
50.36 307300.0
50.36 307320.0
50.36 307340.0
50.36 307360.0
50.36 307380.0
51.5 307400.0
50.36 307420.0
50.36 307440.0
51.5 307460.0
50.36 307480.0
50.36 307500.0
50.36 307520.0
50.36 307540.0
51.5 307560.0
51.5 307580.0
50.36 307600.0
50.36 307620.0
50.36 307640.0
50.36 307660.0
50.36 307680.0
50.36 307700.0
51.5 307720.0
50.36 307740.0
50.36 307760.0
50.36 307780.0
50.36 307800.0
50.36 307820.0
50.36 307840.0
50.36 307860.0
50.36 307880.0
50.36 307900.0
50.36 307920.0
50.36 307940.0
50.36 307960.0
51.5 307980.0
50.36 308000.0
50.36 308020.0
50.36 308040.0
50.36 308060.0
50.36 308080.0
50.36 308100.0
50.36 308120.0
50.36 308140.0
50.36 308160.0
50.36 308180.0
50.36 308200.0
50.36 308220.0
50.36 308240.0
50.36 308260.0
51.5 308280.0
50.36 308300.0
50.36 308320.0
51.5 308340.0
51.5 308360.0
50.36 308380.0
50.36 308400.0
50.36 308420.0
50.36 308440.0
50.36 308460.0
50.36 308480.0
50.36 308500.0
50.36 308520.0
50.36 308540.0
50.36 308560.0
50.36 308580.0
50.36 308600.0
50.36 308620.0
50.36 308640.0
50.36 308660.0
50.36 308680.0
50.36 308700.0
50.36 308720.0
50.36 308740.0
50.36 308760.0
51.5 308780.0
51.5 308800.0
51.5 308820.0
50.36 308840.0
50.36 308860.0
50.36 308880.0
50.36 308900.0
50.36 308920.0
50.36 308940.0
50.36 308960.0
50.36 308980.0
51.5 309000.0
50.36 309020.0
50.36 309040.0
50.36 309060.0
50.36 309080.0
50.36 309100.0
51.5 309120.0
50.36 309140.0
50.36 309160.0
50.36 309180.0
50.36 309200.0
50.36 309220.0
50.36 309240.0
50.36 309260.0
50.36 309280.0
51.5 309300.0
50.36 309320.0
51.5 309340.0
50.36 309360.0
50.36 309380.0
50.36 309400.0
50.36 309420.0
50.36 309440.0
51.5 309460.0
50.36 309480.0
50.36 309500.0
50.36 309520.0
50.36 309540.0
50.36 309560.0
50.36 309580.0
50.36 309600.0
50.36 309620.0
50.36 309640.0
50.36 309660.0
50.36 309680.0
50.36 309700.0
50.36 309720.0
50.36 309740.0
50.36 309760.0
50.36 309780.0
50.36 309800.0
50.36 309820.0
51.5 309840.0
50.36 309860.0
50.36 309880.0
50.36 309900.0
50.36 309920.0
50.36 309940.0
50.36 309960.0
50.36 309980.0
50.36 310000.0
50.36 310020.0
50.36 310040.0
50.36 310060.0
50.36 310080.0
50.36 310100.0
50.36 310120.0
50.36 310140.0
50.36 310160.0
50.36 310180.0
51.5 310200.0
51.5 310220.0
50.36 310240.0
50.36 310260.0
50.36 310280.0
51.5 310300.0
50.36 310320.0
50.36 310340.0
50.36 310360.0
50.36 310380.0
50.36 310400.0
51.5 310420.0
50.36 310440.0
51.5 310460.0
50.36 310480.0
50.36 310500.0
51.5 310520.0
51.5 310540.0
50.36 310560.0
51.5 310580.0
50.36 310600.0
50.36 310620.0
51.5 310640.0
50.36 310660.0
50.36 310680.0
50.36 310700.0
50.36 310720.0
50.36 310740.0
50.36 310760.0
50.36 310780.0
50.36 310800.0
50.36 310820.0
50.36 310840.0
50.36 310860.0
50.36 310880.0
51.5 310900.0
51.5 310920.0
50.36 310940.0
50.36 310960.0
50.36 310980.0
50.36 311000.0
51.5 311020.0
50.36 311040.0
50.36 311060.0
50.36 311080.0
51.5 311100.0
50.36 311120.0
50.36 311140.0
50.36 311160.0
50.36 311180.0
50.36 311200.0
50.36 311220.0
50.36 311240.0
51.5 311260.0
51.5 311280.0
50.36 311300.0
50.36 311320.0
50.36 311340.0
50.36 311360.0
50.36 311380.0
50.36 311400.0
50.36 311420.0
51.5 311440.0
50.36 311460.0
51.5 311480.0
50.36 311500.0
50.36 311520.0
50.36 311540.0
50.36 311560.0
50.36 311580.0
50.36 311600.0
50.36 311620.0
50.36 311640.0
50.36 311660.0
50.36 311680.0
50.36 311700.0
50.36 311720.0
50.36 311740.0
50.36 311760.0
50.36 311780.0
50.36 311800.0
50.36 311820.0
50.36 311840.0
50.36 311860.0
50.36 311880.0
50.36 311900.0
50.36 311920.0
50.36 311940.0
50.36 311960.0
50.36 311980.0
50.36 312000.0
50.36 312020.0
50.36 312040.0
50.36 312060.0
50.36 312080.0
50.36 312100.0
50.36 312120.0
50.36 312140.0
50.36 312160.0
50.36 312180.0
50.36 312200.0
50.36 312220.0
50.36 312240.0
50.36 312260.0
50.36 312280.0
50.36 312300.0
51.5 312320.0
50.36 312340.0
50.36 312360.0
50.36 312380.0
50.36 312400.0
50.36 312420.0
50.36 312440.0
50.36 312460.0
50.36 312480.0
50.36 312500.0
50.36 312520.0
50.36 312540.0
50.36 312560.0
50.36 312580.0
50.36 312600.0
50.36 312620.0
50.36 312640.0
50.36 312660.0
49.22 312680.0
51.5 312700.0
50.36 312720.0
50.36 312740.0
50.36 312760.0
50.36 312780.0
50.36 312800.0
50.36 312820.0
51.5 312840.0
50.36 312860.0
50.36 312880.0
50.36 312900.0
50.36 312920.0
50.36 312940.0
50.36 312960.0
50.36 312980.0
50.36 313000.0
50.36 313020.0
50.36 313040.0
50.36 313060.0
50.36 313080.0
51.5 313100.0
50.36 313120.0
50.36 313140.0
50.36 313160.0
50.36 313180.0
50.36 313200.0
50.36 313220.0
50.36 313240.0
50.36 313260.0
50.36 313280.0
50.36 313300.0
50.36 313320.0
50.36 313340.0
50.36 313360.0
50.36 313380.0
50.36 313400.0
50.36 313420.0
50.36 313440.0
50.36 313460.0
50.36 313480.0
50.36 313500.0
50.36 313520.0
50.36 313540.0
50.36 313560.0
50.36 313580.0
50.36 313600.0
50.36 313620.0
50.36 313640.0
50.36 313660.0
50.36 313680.0
51.5 313700.0
50.36 313720.0
50.36 313740.0
50.36 313760.0
50.36 313780.0
50.36 313800.0
50.36 313820.0
50.36 313840.0
50.36 313860.0
50.36 313880.0
50.36 313900.0
50.36 313920.0
50.36 313940.0
50.36 313960.0
50.36 313980.0
50.36 314000.0
50.36 314020.0
50.36 314040.0
50.36 314060.0
50.36 314080.0
50.36 314100.0
50.36 314120.0
50.36 314140.0
50.36 314160.0
50.36 314180.0
50.36 314200.0
51.5 314220.0
51.5 314240.0
50.36 314260.0
50.36 314280.0
50.36 314300.0
50.36 314320.0
50.36 314340.0
50.36 314360.0
51.5 314380.0
51.5 314400.0
50.36 314420.0
50.36 314440.0
50.36 314460.0
50.36 314480.0
50.36 314500.0
50.36 314520.0
50.36 314540.0
50.36 314560.0
50.36 314580.0
50.36 314600.0
50.36 314620.0
50.36 314640.0
50.36 314660.0
50.36 314680.0
50.36 314700.0
50.36 314720.0
50.36 314740.0
50.36 314760.0
50.36 314780.0
50.36 314800.0
50.36 314820.0
50.36 314840.0
50.36 314860.0
50.36 314880.0
50.36 314900.0
50.36 314920.0
50.36 314940.0
50.36 314960.0
50.36 314980.0
50.36 315000.0
50.36 315020.0
50.36 315040.0
51.5 315060.0
50.36 315080.0
50.36 315100.0
50.36 315120.0
50.36 315140.0
50.36 315160.0
50.36 315180.0
50.36 315200.0
50.36 315220.0
50.36 315240.0
50.36 315260.0
50.36 315280.0
50.36 315300.0
51.5 315320.0
50.36 315340.0
50.36 315360.0
50.36 315380.0
51.5 315400.0
50.36 315420.0
50.36 315440.0
50.36 315460.0
50.36 315480.0
50.36 315500.0
50.36 315520.0
50.36 315540.0
50.36 315560.0
50.36 315580.0
50.36 315600.0
50.36 315620.0
50.36 315640.0
50.36 315660.0
50.36 315680.0
50.36 315700.0
50.36 315720.0
51.5 315740.0
51.5 315760.0
50.36 315780.0
51.5 315800.0
50.36 315820.0
50.36 315840.0
50.36 315860.0
50.36 315880.0
50.36 315900.0
50.36 315920.0
50.36 315940.0
50.36 315960.0
50.36 315980.0
50.36 316000.0
50.36 316020.0
50.36 316040.0
50.36 316060.0
50.36 316080.0
50.36 316100.0
50.36 316120.0
50.36 316140.0
49.22 316160.0
50.36 316180.0
50.36 316200.0
51.5 316220.0
50.36 316240.0
50.36 316260.0
50.36 316280.0
50.36 316300.0
50.36 316320.0
50.36 316340.0
50.36 316360.0
50.36 316380.0
50.36 316400.0
50.36 316420.0
50.36 316440.0
50.36 316460.0
50.36 316480.0
50.36 316500.0
50.36 316520.0
50.36 316540.0
50.36 316560.0
50.36 316580.0
50.36 316600.0
50.36 316620.0
50.36 316640.0
51.5 316660.0
50.36 316680.0
50.36 316700.0
50.36 316720.0
50.36 316740.0
50.36 316760.0
50.36 316780.0
50.36 316800.0
50.36 316820.0
50.36 316840.0
50.36 316860.0
50.36 316880.0
50.36 316900.0
51.5 316920.0
51.5 316940.0
50.36 316960.0
50.36 316980.0
50.36 317000.0
50.36 317020.0
50.36 317040.0
50.36 317060.0
50.36 317080.0
50.36 317100.0
50.36 317120.0
50.36 317140.0
50.36 317160.0
50.36 317180.0
50.36 317200.0
50.36 317220.0
50.36 317240.0
50.36 317260.0
50.36 317280.0
50.36 317300.0
50.36 317320.0
50.36 317340.0
50.36 317360.0
51.5 317380.0
50.36 317400.0
50.36 317420.0
51.5 317440.0
50.36 317460.0
50.36 317480.0
50.36 317500.0
50.36 317520.0
51.5 317540.0
50.36 317560.0
50.36 317580.0
50.36 317600.0
50.36 317620.0
50.36 317640.0
51.5 317660.0
50.36 317680.0
50.36 317700.0
50.36 317720.0
50.36 317740.0
50.36 317760.0
50.36 317780.0
51.5 317800.0
50.36 317820.0
50.36 317840.0
50.36 317860.0
51.5 317880.0
50.36 317900.0
51.5 317920.0
50.36 317940.0
50.36 317960.0
50.36 317980.0
50.36 318000.0
50.36 318020.0
51.5 318040.0
50.36 318060.0
50.36 318080.0
50.36 318100.0
50.36 318120.0
51.5 318140.0
50.36 318160.0
50.36 318180.0
50.36 318200.0
50.36 318220.0
50.36 318240.0
51.5 318260.0
50.36 318280.0
50.36 318300.0
51.5 318320.0
50.36 318340.0
50.36 318360.0
50.36 318380.0
50.36 318400.0
50.36 318420.0
50.36 318440.0
50.36 318460.0
50.36 318480.0
50.36 318500.0
50.36 318520.0
50.36 318540.0
50.36 318560.0
50.36 318580.0
50.36 318600.0
51.5 318620.0
51.5 318640.0
50.36 318660.0
51.5 318680.0
50.36 318700.0
50.36 318720.0
50.36 318740.0
50.36 318760.0
50.36 318780.0
50.36 318800.0
50.36 318820.0
50.36 318840.0
50.36 318860.0
50.36 318880.0
50.36 318900.0
50.36 318920.0
50.36 318940.0
51.5 318960.0
50.36 318980.0
50.36 319000.0
50.36 319020.0
51.5 319040.0
50.36 319060.0
50.36 319080.0
50.36 319100.0
50.36 319120.0
50.36 319140.0
50.36 319160.0
50.36 319180.0
51.5 319200.0
50.36 319220.0
50.36 319240.0
50.36 319260.0
50.36 319280.0
50.36 319300.0
50.36 319320.0
50.36 319340.0
50.36 319360.0
50.36 319380.0
50.36 319400.0
50.36 319420.0
50.36 319440.0
50.36 319460.0
50.36 319480.0
50.36 319500.0
50.36 319520.0
50.36 319540.0
50.36 319560.0
50.36 319580.0
50.36 319600.0
50.36 319620.0
50.36 319640.0
49.22 319660.0
50.36 319680.0
50.36 319700.0
50.36 319720.0
50.36 319740.0
50.36 319760.0
50.36 319780.0
51.5 319800.0
50.36 319820.0
50.36 319840.0
50.36 319860.0
50.36 319880.0
50.36 319900.0
50.36 319920.0
50.36 319940.0
50.36 319960.0
50.36 319980.0
51.5 320000.0
50.36 320020.0
50.36 320040.0
50.36 320060.0
50.36 320080.0
50.36 320100.0
50.36 320120.0
50.36 320140.0
50.36 320160.0
50.36 320180.0
50.36 320200.0
50.36 320220.0
50.36 320240.0
50.36 320260.0
50.36 320280.0
51.5 320300.0
50.36 320320.0
50.36 320340.0
50.36 320360.0
50.36 320380.0
50.36 320400.0
50.36 320420.0
50.36 320440.0
50.36 320460.0
51.5 320480.0
50.36 320500.0
50.36 320520.0
50.36 320540.0
51.5 320560.0
50.36 320580.0
50.36 320600.0
51.5 320620.0
50.36 320640.0
50.36 320660.0
50.36 320680.0
50.36 320700.0
50.36 320720.0
50.36 320740.0
50.36 320760.0
50.36 320780.0
50.36 320800.0
50.36 320820.0
51.5 320840.0
50.36 320860.0
50.36 320880.0
50.36 320900.0
51.5 320920.0
50.36 320940.0
50.36 320960.0
50.36 320980.0
50.36 321000.0
50.36 321020.0
50.36 321040.0
51.5 321060.0
50.36 321080.0
50.36 321100.0
50.36 321120.0
50.36 321140.0
51.5 321160.0
50.36 321180.0
50.36 321200.0
50.36 321220.0
50.36 321240.0
50.36 321260.0
50.36 321280.0
50.36 321300.0
51.5 321320.0
50.36 321340.0
50.36 321360.0
50.36 321380.0
50.36 321400.0
50.36 321420.0
50.36 321440.0
50.36 321460.0
50.36 321480.0
50.36 321500.0
51.5 321520.0
50.36 321540.0
50.36 321560.0
50.36 321580.0
50.36 321600.0
50.36 321620.0
50.36 321640.0
50.36 321660.0
50.36 321680.0
50.36 321700.0
50.36 321720.0
50.36 321740.0
50.36 321760.0
50.36 321780.0
50.36 321800.0
50.36 321820.0
50.36 321840.0
50.36 321860.0
50.36 321880.0
50.36 321900.0
50.36 321920.0
50.36 321940.0
50.36 321960.0
50.36 321980.0
51.5 322000.0
50.36 322020.0
50.36 322040.0
50.36 322060.0
50.36 322080.0
50.36 322100.0
50.36 322120.0
50.36 322140.0
51.5 322160.0
50.36 322180.0
50.36 322200.0
51.5 322220.0
51.5 322240.0
50.36 322260.0
50.36 322280.0
50.36 322300.0
50.36 322320.0
50.36 322340.0
50.36 322360.0
50.36 322380.0
50.36 322400.0
50.36 322420.0
50.36 322440.0
50.36 322460.0
50.36 322480.0
50.36 322500.0
50.36 322520.0
50.36 322540.0
50.36 322560.0
50.36 322580.0
50.36 322600.0
50.36 322620.0
50.36 322640.0
51.5 322660.0
50.36 322680.0
50.36 322700.0
50.36 322720.0
51.5 322740.0
50.36 322760.0
50.36 322780.0
50.36 322800.0
51.5 322820.0
50.36 322840.0
50.36 322860.0
50.36 322880.0
50.36 322900.0
50.36 322920.0
50.36 322940.0
50.36 322960.0
51.5 322980.0
50.36 323000.0
51.5 323020.0
50.36 323040.0
50.36 323060.0
50.36 323080.0
50.36 323100.0
50.36 323120.0
50.36 323140.0
50.36 323160.0
50.36 323180.0
51.5 323200.0
50.36 323220.0
50.36 323240.0
50.36 323260.0
50.36 323280.0
50.36 323300.0
50.36 323320.0
50.36 323340.0
51.5 323360.0
51.5 323380.0
51.5 323400.0
50.36 323420.0
50.36 323440.0
50.36 323460.0
50.36 323480.0
50.36 323500.0
51.5 323520.0
51.5 323540.0
50.36 323560.0
50.36 323580.0
50.36 323600.0
50.36 323620.0
50.36 323640.0
51.5 323660.0
50.36 323680.0
50.36 323700.0
50.36 323720.0
50.36 323740.0
50.36 323760.0
50.36 323780.0
50.36 323800.0
50.36 323820.0
50.36 323840.0
50.36 323860.0
50.36 323880.0
51.5 323900.0
50.36 323920.0
50.36 323940.0
50.36 323960.0
50.36 323980.0
51.5 324000.0
50.36 324020.0
50.36 324040.0
50.36 324060.0
50.36 324080.0
50.36 324100.0
50.36 324120.0
51.5 324140.0
50.36 324160.0
50.36 324180.0
51.5 324200.0
51.5 324220.0
50.36 324240.0
50.36 324260.0
50.36 324280.0
50.36 324300.0
51.5 324320.0
50.36 324340.0
50.36 324360.0
50.36 324380.0
50.36 324400.0
50.36 324420.0
51.5 324440.0
50.36 324460.0
50.36 324480.0
50.36 324500.0
50.36 324520.0
50.36 324540.0
50.36 324560.0
50.36 324580.0
50.36 324600.0
50.36 324620.0
51.5 324640.0
50.36 324660.0
51.5 324680.0
50.36 324700.0
51.5 324720.0
50.36 324740.0
50.36 324760.0
50.36 324780.0
50.36 324800.0
51.5 324820.0
50.36 324840.0
50.36 324860.0
50.36 324880.0
50.36 324900.0
51.5 324920.0
50.36 324940.0
50.36 324960.0
50.36 324980.0
50.36 325000.0
50.36 325020.0
50.36 325040.0
51.5 325060.0
50.36 325080.0
50.36 325100.0
50.36 325120.0
50.36 325140.0
50.36 325160.0
50.36 325180.0
50.36 325200.0
51.5 325220.0
50.36 325240.0
50.36 325260.0
50.36 325280.0
50.36 325300.0
51.5 325320.0
50.36 325340.0
50.36 325360.0
50.36 325380.0
50.36 325400.0
50.36 325420.0
50.36 325440.0
50.36 325460.0
50.36 325480.0
50.36 325500.0
50.36 325520.0
50.36 325540.0
50.36 325560.0
51.5 325580.0
50.36 325600.0
50.36 325620.0
50.36 325640.0
50.36 325660.0
51.5 325680.0
51.5 325700.0
50.36 325720.0
51.5 325740.0
50.36 325760.0
51.5 325780.0
50.36 325800.0
50.36 325820.0
50.36 325840.0
50.36 325860.0
51.5 325880.0
50.36 325900.0
51.5 325920.0
50.36 325940.0
50.36 325960.0
50.36 325980.0
50.36 326000.0
50.36 326020.0
51.5 326040.0
50.36 326060.0
50.36 326080.0
50.36 326100.0
50.36 326120.0
50.36 326140.0
51.5 326160.0
50.36 326180.0
51.5 326200.0
50.36 326220.0
50.36 326240.0
50.36 326260.0
50.36 326280.0
50.36 326300.0
50.36 326320.0
50.36 326340.0
50.36 326360.0
50.36 326380.0
50.36 326400.0
50.36 326420.0
50.36 326440.0
50.36 326460.0
51.5 326480.0
50.36 326500.0
50.36 326520.0
50.36 326540.0
50.36 326560.0
50.36 326580.0
50.36 326600.0
50.36 326620.0
50.36 326640.0
50.36 326660.0
50.36 326680.0
50.36 326700.0
51.5 326720.0
50.36 326740.0
51.5 326760.0
50.36 326780.0
50.36 326800.0
50.36 326820.0
50.36 326840.0
51.5 326860.0
50.36 326880.0
50.36 326900.0
50.36 326920.0
50.36 326940.0
50.36 326960.0
50.36 326980.0
50.36 327000.0
50.36 327020.0
50.36 327040.0
50.36 327060.0
50.36 327080.0
50.36 327100.0
50.36 327120.0
50.36 327140.0
51.5 327160.0
50.36 327180.0
50.36 327200.0
50.36 327220.0
50.36 327240.0
50.36 327260.0
50.36 327280.0
51.5 327300.0
50.36 327320.0
50.36 327340.0
50.36 327360.0
50.36 327380.0
51.5 327400.0
51.5 327420.0
50.36 327440.0
50.36 327460.0
50.36 327480.0
50.36 327500.0
50.36 327520.0
50.36 327540.0
51.5 327560.0
51.5 327580.0
50.36 327600.0
50.36 327620.0
50.36 327640.0
50.36 327660.0
50.36 327680.0
51.5 327700.0
51.5 327720.0
51.5 327740.0
50.36 327760.0
50.36 327780.0
50.36 327800.0
50.36 327820.0
51.5 327840.0
51.5 327860.0
50.36 327880.0
50.36 327900.0
50.36 327920.0
50.36 327940.0
50.36 327960.0
50.36 327980.0
50.36 328000.0
50.36 328020.0
50.36 328040.0
49.22 328060.0
50.36 328080.0
50.36 328100.0
50.36 328120.0
50.36 328140.0
50.36 328160.0
50.36 328180.0
50.36 328200.0
50.36 328220.0
50.36 328240.0
50.36 328260.0
51.5 328280.0
50.36 328300.0
50.36 328320.0
50.36 328340.0
51.5 328360.0
51.5 328380.0
50.36 328400.0
51.5 328420.0
50.36 328440.0
51.5 328460.0
50.36 328480.0
50.36 328500.0
51.5 328520.0
50.36 328540.0
50.36 328560.0
50.36 328580.0
50.36 328600.0
50.36 328620.0
50.36 328640.0
50.36 328660.0
50.36 328680.0
51.5 328700.0
50.36 328720.0
50.36 328740.0
50.36 328760.0
50.36 328780.0
50.36 328800.0
51.5 328820.0
50.36 328840.0
51.5 328860.0
50.36 328880.0
51.5 328900.0
50.36 328920.0
50.36 328940.0
51.5 328960.0
50.36 328980.0
50.36 329000.0
50.36 329020.0
50.36 329040.0
50.36 329060.0
50.36 329080.0
50.36 329100.0
50.36 329120.0
50.36 329140.0
51.5 329160.0
50.36 329180.0
50.36 329200.0
50.36 329220.0
50.36 329240.0
50.36 329260.0
50.36 329280.0
50.36 329300.0
51.5 329320.0
50.36 329340.0
50.36 329360.0
51.5 329380.0
50.36 329400.0
51.5 329420.0
51.5 329440.0
50.36 329460.0
51.5 329480.0
50.36 329500.0
50.36 329520.0
50.36 329540.0
50.36 329560.0
50.36 329580.0
50.36 329600.0
50.36 329620.0
50.36 329640.0
51.5 329660.0
50.36 329680.0
50.36 329700.0
50.36 329720.0
50.36 329740.0
50.36 329760.0
50.36 329780.0
50.36 329800.0
50.36 329820.0
51.5 329840.0
50.36 329860.0
50.36 329880.0
50.36 329900.0
50.36 329920.0
50.36 329940.0
51.5 329960.0
50.36 329980.0
50.36 330000.0
50.36 330020.0
50.36 330040.0
50.36 330060.0
50.36 330080.0
51.5 330100.0
50.36 330120.0
50.36 330140.0
50.36 330160.0
50.36 330180.0
50.36 330200.0
50.36 330220.0
50.36 330240.0
50.36 330260.0
51.5 330280.0
50.36 330300.0
50.36 330320.0
