41.24 119800.0
41.24 119820.0
41.24 119840.0
41.24 119860.0
41.24 119880.0
41.24 119900.0
41.24 119920.0
41.24 119940.0
41.24 119960.0
41.24 119980.0
41.24 120000.0
41.24 120020.0
41.24 120040.0
41.24 120060.0
41.24 120080.0
41.24 120100.0
41.24 120120.0
41.24 120140.0
41.24 120160.0
41.24 120180.0
41.24 120200.0
41.24 120220.0
41.24 120240.0
41.24 120260.0
41.24 120280.0
41.24 120300.0
41.24 120320.0
41.24 120340.0
41.24 120360.0
41.24 120380.0
41.24 120400.0
41.24 120420.0
42.38 120440.0
41.24 120460.0
41.24 120480.0
41.24 120500.0
41.24 120520.0
41.24 120540.0
41.24 120560.0
41.24 120580.0
41.24 120600.0
41.24 120620.0
41.24 120640.0
41.24 120660.0
41.24 120680.0
41.24 120700.0
42.38 120720.0
41.24 120740.0
41.24 120760.0
41.24 120780.0
41.24 120800.0
41.24 120820.0
41.24 120840.0
41.24 120860.0
41.24 120880.0
41.24 120900.0
41.24 120920.0
40.1 120940.0
41.24 120960.0
41.24 120980.0
41.24 121000.0
41.24 121020.0
41.24 121040.0
41.24 121060.0
41.24 121080.0
41.24 121100.0
41.24 121120.0
42.38 121140.0
41.24 121160.0
41.24 121180.0
41.24 121200.0
41.24 121220.0
41.24 121240.0
41.24 121260.0
41.24 121280.0
41.24 121300.0
41.24 121320.0
41.24 121340.0
41.24 121360.0
40.1 121380.0
41.24 121400.0
41.24 121420.0
41.24 121440.0
41.24 121460.0
41.24 121480.0
41.24 121500.0
41.24 121520.0
40.1 121540.0
41.24 121560.0
41.24 121580.0
41.24 121600.0
41.24 121620.0
41.24 121640.0
40.1 121660.0
41.24 121680.0
41.24 121700.0
41.24 121720.0
40.1 121740.0
41.24 121760.0
41.24 121780.0
41.24 121800.0
41.24 121820.0
41.24 121840.0
41.24 121860.0
41.24 121880.0
40.1 121900.0
41.24 121920.0
41.24 121940.0
41.24 121960.0
41.24 121980.0
41.24 122000.0
41.24 122020.0
41.24 122040.0
41.24 122060.0
41.24 122080.0
41.24 122100.0
41.24 122120.0
41.24 122140.0
41.24 122160.0
41.24 122180.0
41.24 122200.0
41.24 122220.0
41.24 122240.0
41.24 122260.0
41.24 122280.0
41.24 122300.0
41.24 122320.0
41.24 122340.0
41.24 122360.0
41.24 122380.0
41.24 122400.0
41.24 122420.0
41.24 122440.0
41.24 122460.0
40.1 122480.0
41.24 122500.0
41.24 122520.0
41.24 122540.0
41.24 122560.0
41.24 122580.0
40.1 122600.0
41.24 122620.0
41.24 122640.0
41.24 122660.0
41.24 122680.0
41.24 122700.0
41.24 122720.0
41.24 122740.0
41.24 122760.0
41.24 122780.0
41.24 122800.0
41.24 122820.0
41.24 122840.0
41.24 122860.0
41.24 122880.0
41.24 122900.0
41.24 122920.0
41.24 122940.0
41.24 122960.0
40.1 122980.0
41.24 123000.0
41.24 123020.0
41.24 123040.0
41.24 123060.0
41.24 123080.0
40.1 123100.0
41.24 123120.0
40.1 123140.0
40.1 123160.0
41.24 123180.0
41.24 123200.0
41.24 123220.0
41.24 123240.0
41.24 123260.0
41.24 123280.0
41.24 123300.0
41.24 123320.0
41.24 123340.0
41.24 123360.0
41.24 123380.0
41.24 123400.0
41.24 123420.0
41.24 123440.0
41.24 123460.0
41.24 123480.0
40.1 123500.0
41.24 123520.0
41.24 123540.0
41.24 123560.0
41.24 123580.0
40.1 123600.0
41.24 123620.0
41.24 123640.0
41.24 123660.0
41.24 123680.0
40.1 123700.0
41.24 123720.0
41.24 123740.0
40.1 123760.0
41.24 123780.0
41.24 123800.0
41.24 123820.0
41.24 123840.0
41.24 123860.0
41.24 123880.0
41.24 123900.0
41.24 123920.0
41.24 123940.0
41.24 123960.0
41.24 123980.0
41.24 124000.0
41.24 124020.0
41.24 124040.0
41.24 124060.0
41.24 124080.0
41.24 124100.0
41.24 124120.0
41.24 124140.0
41.24 124160.0
41.24 124180.0
41.24 124200.0
41.24 124220.0
41.24 124240.0
40.1 124260.0
40.1 124280.0
41.24 124300.0
41.24 124320.0
41.24 124340.0
41.24 124360.0
41.24 124380.0
40.1 124400.0
40.1 124420.0
41.24 124440.0
41.24 124460.0
41.24 124480.0
40.1 124500.0
41.24 124520.0
40.1 124540.0
41.24 124560.0
41.24 124580.0
41.24 124600.0
41.24 124620.0
41.24 124640.0
41.24 124660.0
41.24 124680.0
41.24 124700.0
41.24 124720.0
41.24 124740.0
40.1 124760.0
41.24 124780.0
41.24 124800.0
41.24 124820.0
41.24 124840.0
40.1 124860.0
41.24 124880.0
41.24 124900.0
41.24 124920.0
41.24 124940.0
41.24 124960.0
41.24 124980.0
41.24 125000.0
41.24 125020.0
40.1 125040.0
40.1 125060.0
41.24 125080.0
41.24 125100.0
40.1 125120.0
41.24 125140.0
41.24 125160.0
41.24 125180.0
40.1 125200.0
41.24 125220.0
41.24 125240.0
40.1 125260.0
40.1 125280.0
40.1 125300.0
40.1 125320.0
41.24 125340.0
41.24 125360.0
40.1 125380.0
41.24 125400.0
40.1 125420.0
41.24 125440.0
40.1 125460.0
41.24 125480.0
41.24 125500.0
40.1 125520.0
41.24 125540.0
41.24 125560.0
41.24 125580.0
41.24 125600.0
41.24 125620.0
41.24 125640.0
40.1 125660.0
41.24 125680.0
41.24 125700.0
41.24 125720.0
40.1 125740.0
41.24 125760.0
41.24 125780.0
41.24 125800.0
40.1 125820.0
40.1 125840.0
41.24 125860.0
40.1 125880.0
41.24 125900.0
41.24 125920.0
40.1 125940.0
41.24 125960.0
41.24 125980.0
41.24 126000.0
41.24 126020.0
41.24 126040.0
41.24 126060.0
41.24 126080.0
41.24 126100.0
41.24 126120.0
41.24 126140.0
41.24 126160.0
41.24 126180.0
41.24 126200.0
41.24 126220.0
41.24 126240.0
41.24 126260.0
41.24 126280.0
41.24 126300.0
41.24 126320.0
41.24 126340.0
41.24 126360.0
41.24 126380.0
41.24 126400.0
41.24 126420.0
41.24 126440.0
41.24 126460.0
41.24 126480.0
41.24 126500.0
41.24 126520.0
41.24 126540.0
41.24 126560.0
41.24 126580.0
41.24 126600.0
41.24 126620.0
41.24 126640.0
41.24 126660.0
40.1 126680.0
41.24 126700.0
41.24 126720.0
41.24 126740.0
41.24 126760.0
41.24 126780.0
40.1 126800.0
40.1 126820.0
41.24 126840.0
41.24 126860.0
40.1 126880.0
41.24 126900.0
41.24 126920.0
41.24 126940.0
41.24 126960.0
41.24 126980.0
41.24 127000.0
41.24 127020.0
41.24 127040.0
41.24 127060.0
41.24 127080.0
40.1 127100.0
41.24 127120.0
41.24 127140.0
41.24 127160.0
41.24 127180.0
41.24 127200.0
41.24 127220.0
41.24 127240.0
41.24 127260.0
41.24 127280.0
41.24 127300.0
40.1 127320.0
41.24 127340.0
41.24 127360.0
41.24 127380.0
41.24 127400.0
40.1 127420.0
41.24 127440.0
41.24 127460.0
40.1 127480.0
41.24 127500.0
41.24 127520.0
40.1 127540.0
41.24 127560.0
41.24 127580.0
41.24 127600.0
41.24 127620.0
40.1 127640.0
41.24 127660.0
41.24 127680.0
40.1 127700.0
41.24 127720.0
41.24 127740.0
41.24 127760.0
41.24 127780.0
41.24 127800.0
41.24 127820.0
41.24 127840.0
41.24 127860.0
41.24 127880.0
41.24 127900.0
40.1 127920.0
40.1 127940.0
40.1 127960.0
41.24 127980.0
41.24 128000.0
41.24 128020.0
40.1 128040.0
41.24 128060.0
41.24 128080.0
41.24 128100.0
41.24 128120.0
41.24 128140.0
41.24 128160.0
41.24 128180.0
40.1 128200.0
41.24 128220.0
41.24 128240.0
41.24 128260.0
40.1 128280.0
41.24 128300.0
41.24 128320.0
41.24 128340.0
41.24 128360.0
41.24 128380.0
41.24 128400.0
41.24 128420.0
41.24 128440.0
41.24 128460.0
41.24 128480.0
41.24 128500.0
41.24 128520.0
41.24 128540.0
41.24 128560.0
41.24 128580.0
41.24 128600.0
41.24 128620.0
41.24 128640.0
41.24 128660.0
40.1 128680.0
41.24 128700.0
40.1 128720.0
41.24 128740.0
41.24 128760.0
41.24 128780.0
41.24 128800.0
41.24 128820.0
41.24 128840.0
41.24 128860.0
40.1 128880.0
41.24 128900.0
41.24 128920.0
41.24 128940.0
41.24 128960.0
41.24 128980.0
41.24 129000.0
41.24 129020.0
41.24 129040.0
41.24 129060.0
41.24 129080.0
41.24 129100.0
41.24 129120.0
40.1 129140.0
41.24 129160.0
41.24 129180.0
41.24 129200.0
42.38 129220.0
41.24 129240.0
41.24 129260.0
41.24 129280.0
41.24 129300.0
41.24 129320.0
41.24 129340.0
41.24 129360.0
41.24 129380.0
41.24 129400.0
40.1 129420.0
41.24 129440.0
41.24 129460.0
40.1 129480.0
40.1 129500.0
41.24 129520.0
41.24 129540.0
41.24 129560.0
41.24 129580.0
41.24 129600.0
41.24 129620.0
41.24 129640.0
41.24 129660.0
40.1 129680.0
41.24 129700.0
41.24 129720.0
41.24 129740.0
41.24 129760.0
41.24 129780.0
41.24 129800.0
41.24 129820.0
41.24 129840.0
41.24 129860.0
40.1 129880.0
41.24 129900.0
41.24 129920.0
41.24 129940.0
41.24 129960.0
41.24 129980.0
41.24 130000.0
41.24 130020.0
41.24 130040.0
41.24 130060.0
41.24 130080.0
41.24 130100.0
41.24 130120.0
41.24 130140.0
41.24 130160.0
41.24 130180.0
41.24 130200.0
41.24 130220.0
41.24 130240.0
41.24 130260.0
41.24 130280.0
41.24 130300.0
41.24 130320.0
40.1 130340.0
40.1 130360.0
41.24 130380.0
41.24 130400.0
41.24 130420.0
41.24 130440.0
41.24 130460.0
41.24 130480.0
41.24 130500.0
41.24 130520.0
41.24 130540.0
41.24 130560.0
41.24 130580.0
41.24 130600.0
40.1 130620.0
41.24 130640.0
41.24 130660.0
41.24 130680.0
41.24 130700.0
41.24 130720.0
41.24 130740.0
41.24 130760.0
40.1 130780.0
41.24 130800.0
41.24 130820.0
41.24 130840.0
41.24 130860.0
41.24 130880.0
41.24 130900.0
41.24 130920.0
41.24 130940.0
41.24 130960.0
40.1 130980.0
41.24 131000.0
41.24 131020.0
41.24 131040.0
41.24 131060.0
41.24 131080.0
41.24 131100.0
41.24 131120.0
41.24 131140.0
40.1 131160.0
41.24 131180.0
41.24 131200.0
41.24 131220.0
41.24 131240.0
41.24 131260.0
41.24 131280.0
41.24 131300.0
41.24 131320.0
41.24 131340.0
41.24 131360.0
41.24 131380.0
41.24 131400.0
41.24 131420.0
41.24 131440.0
41.24 131460.0
41.24 131480.0
41.24 131500.0
41.24 131520.0
41.24 131540.0
41.24 131560.0
41.24 131580.0
41.24 131600.0
41.24 131620.0
41.24 131640.0
41.24 131660.0
41.24 131680.0
41.24 131700.0
41.24 131720.0
41.24 131740.0
41.24 131760.0
41.24 131780.0
41.24 131800.0
41.24 131820.0
41.24 131840.0
41.24 131860.0
41.24 131880.0
41.24 131900.0
41.24 131920.0
41.24 131940.0
41.24 131960.0
41.24 131980.0
41.24 132000.0
41.24 132020.0
41.24 132040.0
40.1 132060.0
40.1 132080.0
41.24 132100.0
41.24 132120.0
41.24 132140.0
41.24 132160.0
41.24 132180.0
41.24 132200.0
41.24 132220.0
41.24 132240.0
41.24 132260.0
41.24 132280.0
41.24 132300.0
41.24 132320.0
41.24 132340.0
42.38 132360.0
41.24 132380.0
41.24 132400.0
41.24 132420.0
41.24 132440.0
41.24 132460.0
41.24 132480.0
41.24 132500.0
41.24 132520.0
41.24 132540.0
41.24 132560.0
41.24 132580.0
41.24 132600.0
41.24 132620.0
41.24 132640.0
41.24 132660.0
40.1 132680.0
41.24 132700.0
41.24 132720.0
41.24 132740.0
41.24 132760.0
41.24 132780.0
41.24 132800.0
41.24 132820.0
41.24 132840.0
41.24 132860.0
41.24 132880.0
41.24 132900.0
42.38 132920.0
41.24 132940.0
41.24 132960.0
41.24 132980.0
41.24 133000.0
41.24 133020.0
41.24 133040.0
41.24 133060.0
41.24 133080.0
41.24 133100.0
41.24 133120.0
41.24 133140.0
41.24 133160.0
41.24 133180.0
41.24 133200.0
41.24 133220.0
41.24 133240.0
41.24 133260.0
41.24 133280.0
41.24 133300.0
41.24 133320.0
41.24 133340.0
41.24 133360.0
41.24 133380.0
41.24 133400.0
42.38 133420.0
41.24 133440.0
41.24 133460.0
41.24 133480.0
41.24 133500.0
41.24 133520.0
42.38 133540.0
41.24 133560.0
41.24 133580.0
41.24 133600.0
41.24 133620.0
41.24 133640.0
41.24 133660.0
41.24 133680.0
41.24 133700.0
41.24 133720.0
41.24 133740.0
41.24 133760.0
41.24 133780.0
42.38 133800.0
41.24 133820.0
41.24 133840.0
41.24 133860.0
41.24 133880.0
41.24 133900.0
41.24 133920.0
41.24 133940.0
41.24 133960.0
41.24 133980.0
41.24 134000.0
41.24 134020.0
41.24 134040.0
41.24 134060.0
41.24 134080.0
41.24 134100.0
41.24 134120.0
41.24 134140.0
41.24 134160.0
41.24 134180.0
41.24 134200.0
41.24 134220.0
41.24 134240.0
41.24 134260.0
41.24 134280.0
41.24 134300.0
41.24 134320.0
41.24 134340.0
41.24 134360.0
41.24 134380.0
41.24 134400.0
41.24 134420.0
41.24 134440.0
41.24 134460.0
41.24 134480.0
41.24 134500.0
41.24 134520.0
41.24 134540.0
41.24 134560.0
41.24 134580.0
41.24 134600.0
41.24 134620.0
41.24 134640.0
41.24 134660.0
41.24 134680.0
41.24 134700.0
41.24 134720.0
41.24 134740.0
41.24 134760.0
42.38 134780.0
41.24 134800.0
41.24 134820.0
41.24 134840.0
41.24 134860.0
42.38 134880.0
41.24 134900.0
41.24 134920.0
41.24 134940.0
41.24 134960.0
41.24 134980.0
41.24 135000.0
41.24 135020.0
41.24 135040.0
42.38 135060.0
41.24 135080.0
41.24 135100.0
41.24 135120.0
41.24 135140.0
41.24 135160.0
41.24 135180.0
41.24 135200.0
41.24 135220.0
42.38 135240.0
41.24 135260.0
41.24 135280.0
41.24 135300.0
41.24 135320.0
41.24 135340.0
41.24 135360.0
41.24 135380.0
41.24 135400.0
41.24 135420.0
41.24 135440.0
41.24 135460.0
40.1 135480.0
41.24 135500.0
41.24 135520.0
41.24 135540.0
41.24 135560.0
41.24 135580.0
41.24 135600.0
41.24 135620.0
41.24 135640.0
41.24 135660.0
41.24 135680.0
41.24 135700.0
41.24 135720.0
41.24 135740.0
41.24 135760.0
41.24 135780.0
41.24 135800.0
41.24 135820.0
41.24 135840.0
41.24 135860.0
41.24 135880.0
41.24 135900.0
41.24 135920.0
41.24 135940.0
41.24 135960.0
41.24 135980.0
41.24 136000.0
42.38 136020.0
41.24 136040.0
41.24 136060.0
41.24 136080.0
41.24 136100.0
41.24 136120.0
41.24 136140.0
41.24 136160.0
41.24 136180.0
41.24 136200.0
41.24 136220.0
41.24 136240.0
41.24 136260.0
41.24 136280.0
41.24 136300.0
41.24 136320.0
41.24 136340.0
41.24 136360.0
41.24 136380.0
41.24 136400.0
41.24 136420.0
41.24 136440.0
42.38 136460.0
41.24 136480.0
41.24 136500.0
41.24 136520.0
41.24 136540.0
41.24 136560.0
41.24 136580.0
41.24 136600.0
41.24 136620.0
41.24 136640.0
42.38 136660.0
41.24 136680.0
41.24 136700.0
41.24 136720.0
41.24 136740.0
41.24 136760.0
41.24 136780.0
41.24 136800.0
41.24 136820.0
41.24 136840.0
41.24 136860.0
41.24 136880.0
41.24 136900.0
41.24 136920.0
41.24 136940.0
41.24 136960.0
42.38 136980.0
41.24 137000.0
41.24 137020.0
41.24 137040.0
41.24 137060.0
41.24 137080.0
41.24 137100.0
41.24 137120.0
41.24 137140.0
41.24 137160.0
42.38 137180.0
41.24 137200.0
41.24 137220.0
41.24 137240.0
42.38 137260.0
41.24 137280.0
41.24 137300.0
41.24 137320.0
41.24 137340.0
41.24 137360.0
41.24 137380.0
41.24 137400.0
41.24 137420.0
41.24 137440.0
41.24 137460.0
41.24 137480.0
41.24 137500.0
41.24 137520.0
41.24 137540.0
41.24 137560.0
41.24 137580.0
41.24 137600.0
41.24 137620.0
41.24 137640.0
41.24 137660.0
41.24 137680.0
41.24 137700.0
41.24 137720.0
41.24 137740.0
41.24 137760.0
42.38 137780.0
41.24 137800.0
41.24 137820.0
41.24 137840.0
41.24 137860.0
41.24 137880.0
41.24 137900.0
41.24 137920.0
41.24 137940.0
41.24 137960.0
42.38 137980.0
41.24 138000.0
41.24 138020.0
41.24 138040.0
41.24 138060.0
41.24 138080.0
42.38 138100.0
41.24 138120.0
41.24 138140.0
41.24 138160.0
41.24 138180.0
41.24 138200.0
41.24 138220.0
42.38 138240.0
41.24 138260.0
41.24 138280.0
41.24 138300.0
41.24 138320.0
41.24 138340.0
41.24 138360.0
41.24 138380.0
42.38 138400.0
41.24 138420.0
41.24 138440.0
42.38 138460.0
41.24 138480.0
41.24 138500.0
41.24 138520.0
41.24 138540.0
41.24 138560.0
41.24 138580.0
41.24 138600.0
41.24 138620.0
41.24 138640.0
41.24 138660.0
41.24 138680.0
42.38 138700.0
41.24 138720.0
42.38 138740.0
41.24 138760.0
41.24 138780.0
42.38 138800.0
42.38 138820.0
41.24 138840.0
41.24 138860.0
41.24 138880.0
41.24 138900.0
41.24 138920.0
41.24 138940.0
41.24 138960.0
41.24 138980.0
41.24 139000.0
41.24 139020.0
41.24 139040.0
41.24 139060.0
41.24 139080.0
41.24 139100.0
41.24 139120.0
41.24 139140.0
41.24 139160.0
42.38 139180.0
42.38 139200.0
41.24 139220.0
41.24 139240.0
41.24 139260.0
41.24 139280.0
40.1 139300.0
41.24 139320.0
42.38 139340.0
41.24 139360.0
42.38 139380.0
41.24 139400.0
42.38 139420.0
41.24 139440.0
41.24 139460.0
41.24 139480.0
42.38 139500.0
42.38 139520.0
41.24 139540.0
42.38 139560.0
41.24 139580.0
42.38 139600.0
41.24 139620.0
41.24 139640.0
41.24 139660.0
42.38 139680.0
41.24 139700.0
41.24 139720.0
41.24 139740.0
42.38 139760.0
41.24 139780.0
41.24 139800.0
41.24 139820.0
41.24 139840.0
41.24 139860.0
41.24 139880.0
41.24 139900.0
41.24 139920.0
41.24 139940.0
41.24 139960.0
41.24 139980.0
41.24 140000.0
41.24 140020.0
41.24 140040.0
42.38 140060.0
41.24 140080.0
42.38 140100.0
41.24 140120.0
41.24 140140.0
41.24 140160.0
41.24 140180.0
41.24 140200.0
41.24 140220.0
41.24 140240.0
41.24 140260.0
41.24 140280.0
41.24 140300.0
41.24 140320.0
41.24 140340.0
41.24 140360.0
41.24 140380.0
41.24 140400.0
42.38 140420.0
41.24 140440.0
41.24 140460.0
41.24 140480.0
42.38 140500.0
41.24 140520.0
42.38 140540.0
41.24 140560.0
41.24 140580.0
41.24 140600.0
41.24 140620.0
42.38 140640.0
41.24 140660.0
41.24 140680.0
41.24 140700.0
41.24 140720.0
41.24 140740.0
41.24 140760.0
41.24 140780.0
41.24 140800.0
41.24 140820.0
41.24 140840.0
41.24 140860.0
41.24 140880.0
42.38 140900.0
41.24 140920.0
42.38 140940.0
41.24 140960.0
41.24 140980.0
41.24 141000.0
41.24 141020.0
41.24 141040.0
41.24 141060.0
41.24 141080.0
41.24 141100.0
41.24 141120.0
41.24 141140.0
41.24 141160.0
41.24 141180.0
41.24 141200.0
41.24 141220.0
41.24 141240.0
41.24 141260.0
42.38 141280.0
41.24 141300.0
42.38 141320.0
41.24 141340.0
42.38 141360.0
41.24 141380.0
41.24 141400.0
41.24 141420.0
42.38 141440.0
42.38 141460.0
41.24 141480.0
42.38 141500.0
41.24 141520.0
41.24 141540.0
42.38 141560.0
42.38 141580.0
41.24 141600.0
41.24 141620.0
41.24 141640.0
42.38 141660.0
41.24 141680.0
41.24 141700.0
41.24 141720.0
41.24 141740.0
42.38 141760.0
41.24 141780.0
41.24 141800.0
41.24 141820.0
42.38 141840.0
41.24 141860.0
41.24 141880.0
42.38 141900.0
41.24 141920.0
41.24 141940.0
41.24 141960.0
41.24 141980.0
41.24 142000.0
41.24 142020.0
41.24 142040.0
41.24 142060.0
41.24 142080.0
41.24 142100.0
41.24 142120.0
41.24 142140.0
41.24 142160.0
42.38 142180.0
42.38 142200.0
42.38 142220.0
42.38 142240.0
41.24 142260.0
41.24 142280.0
41.24 142300.0
41.24 142320.0
41.24 142340.0
41.24 142360.0
41.24 142380.0
41.24 142400.0
41.24 142420.0
42.38 142440.0
41.24 142460.0
41.24 142480.0
42.38 142500.0
41.24 142520.0
41.24 142540.0
42.38 142560.0
41.24 142580.0
42.38 142600.0
41.24 142620.0
41.24 142640.0
42.38 142660.0
41.24 142680.0
41.24 142700.0
42.38 142720.0
41.24 142740.0
41.24 142760.0
42.38 142780.0
41.24 142800.0
41.24 142820.0
41.24 142840.0
41.24 142860.0
42.38 142880.0
41.24 142900.0
41.24 142920.0
42.38 142940.0
42.38 142960.0
41.24 142980.0
41.24 143000.0
41.24 143020.0
41.24 143040.0
41.24 143060.0
41.24 143080.0
41.24 143100.0
41.24 143120.0
41.24 143140.0
41.24 143160.0
41.24 143180.0
41.24 143200.0
42.38 143220.0
41.24 143240.0
42.38 143260.0
41.24 143280.0
41.24 143300.0
41.24 143320.0
41.24 143340.0
41.24 143360.0
42.38 143380.0
41.24 143400.0
41.24 143420.0
41.24 143440.0
41.24 143460.0
42.38 143480.0
41.24 143500.0
41.24 143520.0
41.24 143540.0
42.38 143560.0
41.24 143580.0
41.24 143600.0
41.24 143620.0
41.24 143640.0
42.38 143660.0
41.24 143680.0
41.24 143700.0
41.24 143720.0
41.24 143740.0
41.24 143760.0
41.24 143780.0
42.38 143800.0
41.24 143820.0
42.38 143840.0
41.24 143860.0
41.24 143880.0
41.24 143900.0
41.24 143920.0
41.24 143940.0
41.24 143960.0
41.24 143980.0
42.38 144000.0
42.38 144020.0
41.24 144040.0
41.24 144060.0
41.24 144080.0
42.38 144100.0
42.38 144120.0
41.24 144140.0
42.38 144160.0
41.24 144180.0
41.24 144200.0
42.38 144220.0
41.24 144240.0
41.24 144260.0
42.38 144280.0
41.24 144300.0
41.24 144320.0
41.24 144340.0
41.24 144360.0
41.24 144380.0
41.24 144400.0
41.24 144420.0
41.24 144440.0
41.24 144460.0
42.38 144480.0
41.24 144500.0
42.38 144520.0
41.24 144540.0
41.24 144560.0
42.38 144580.0
41.24 144600.0
41.24 144620.0
41.24 144640.0
41.24 144660.0
41.24 144680.0
41.24 144700.0
41.24 144720.0
41.24 144740.0
41.24 144760.0
41.24 144780.0
41.24 144800.0
41.24 144820.0
41.24 144840.0
41.24 144860.0
41.24 144880.0
41.24 144900.0
41.24 144920.0
41.24 144940.0
41.24 144960.0
41.24 144980.0
41.24 145000.0
41.24 145020.0
41.24 145040.0
41.24 145060.0
41.24 145080.0
41.24 145100.0
41.24 145120.0
42.38 145140.0
42.38 145160.0
41.24 145180.0
42.38 145200.0
41.24 145220.0
41.24 145240.0
41.24 145260.0
41.24 145280.0
41.24 145300.0
42.38 145320.0
41.24 145340.0
42.38 145360.0
41.24 145380.0
41.24 145400.0
42.38 145420.0
41.24 145440.0
41.24 145460.0
41.24 145480.0
41.24 145500.0
42.38 145520.0
42.38 145540.0
42.38 145560.0
41.24 145580.0
42.38 145600.0
41.24 145620.0
42.38 145640.0
42.38 145660.0
42.38 145680.0
42.38 145700.0
41.24 145720.0
41.24 145740.0
42.38 145760.0
41.24 145780.0
42.38 145800.0
42.38 145820.0
42.38 145840.0
41.24 145860.0
42.38 145880.0
42.38 145900.0
42.38 145920.0
42.38 145940.0
42.38 145960.0
41.24 145980.0
42.38 146000.0
42.38 146020.0
41.24 146040.0
41.24 146060.0
41.24 146080.0
42.38 146100.0
42.38 146120.0
42.38 146140.0
41.24 146160.0
41.24 146180.0
42.38 146200.0
42.38 146220.0
41.24 146240.0
41.24 146260.0
42.38 146280.0
41.24 146300.0
41.24 146320.0
41.24 146340.0
41.24 146360.0
41.24 146380.0
42.38 146400.0
42.38 146420.0
41.24 146440.0
42.38 146460.0
42.38 146480.0
41.24 146500.0
41.24 146520.0
42.38 146540.0
42.38 146560.0
41.24 146580.0
41.24 146600.0
42.38 146620.0
41.24 146640.0
41.24 146660.0
42.38 146680.0
41.24 146700.0
42.38 146720.0
42.38 146740.0
42.38 146760.0
42.38 146780.0
41.24 146800.0
42.38 146820.0
41.24 146840.0
42.38 146860.0
41.24 146880.0
42.38 146900.0
41.24 146920.0
41.24 146940.0
42.38 146960.0
41.24 146980.0
41.24 147000.0
42.38 147020.0
41.24 147040.0
41.24 147060.0
42.38 147080.0
42.38 147100.0
42.38 147120.0
41.24 147140.0
42.38 147160.0
41.24 147180.0
42.38 147200.0
41.24 147220.0
41.24 147240.0
41.24 147260.0
42.38 147280.0
42.38 147300.0
41.24 147320.0
41.24 147340.0
42.38 147360.0
41.24 147380.0
41.24 147400.0
41.24 147420.0
41.24 147440.0
41.24 147460.0
42.38 147480.0
41.24 147500.0
42.38 147520.0
42.38 147540.0
41.24 147560.0
41.24 147580.0
42.38 147600.0
41.24 147620.0
41.24 147640.0
41.24 147660.0
42.38 147680.0
41.24 147700.0
42.38 147720.0
41.24 147740.0
41.24 147760.0
42.38 147780.0
41.24 147800.0
42.38 147820.0
42.38 147840.0
42.38 147860.0
42.38 147880.0
41.24 147900.0
42.38 147920.0
42.38 147940.0
41.24 147960.0
41.24 147980.0
41.24 148000.0
42.38 148020.0
41.24 148040.0
41.24 148060.0
42.38 148080.0
42.38 148100.0
41.24 148120.0
41.24 148140.0
42.38 148160.0
