23.0 18.32
23.0 18.31
23.0 18.41
23.0 18.43
24.14 18.45
24.14 18.4
24.14 18.36
23.0 18.32
24.14 18.14
25.28 18.34
24.14 18.28
24.14 18.39
25.28 18.29
24.14 18.2
25.28 18.35
25.28 18.21
25.28 18.22
25.28 18.18
25.28 18.16
25.28 18.35
25.28 18.24
25.28 18.25
25.28 18.23
25.28 18.14
25.28 17.98
25.28 18.2
25.28 18.22
25.28 18.15
25.28 18.09
26.42 18.0
25.28 18.1
25.28 17.97
25.28 18.21
26.42 18.21
26.42 18.0
26.42 17.99
26.42 18.01
26.42 17.94
26.42 18.2
26.42 17.97
25.28 18.05
26.42 17.95
25.28 17.92
26.42 18.0
26.42 18.14
26.42 17.98
26.42 17.94
26.42 17.98
26.42 17.95
26.42 18.02
26.42 17.87
26.42 18.21
26.42 18.06
27.56 17.94
26.42 17.99
26.42 18.02
