23.0 18.14
24.14 18.09
24.14 18.14
24.14 18.12
25.28 18.17
24.14 18.07
25.28 18.12
26.42 18.13
25.28 18.07
26.42 17.98
26.42 18.0
26.42 17.95
26.42 17.92
26.42 17.98
26.42 17.97
27.56 17.89
27.56 17.93
27.56 17.91
27.56 17.85
26.42 17.92
26.42 17.96
27.56 17.79
27.56 17.73
27.56 17.91
27.56 17.8
27.56 17.71
27.56 17.77
27.56 17.74
27.56 17.84
27.56 17.74
27.56 17.78
27.56 17.74
27.56 17.72
27.56 17.72
27.56 17.78
28.7 17.77
27.56 17.68
28.7 17.7
27.56 17.72
28.7 17.73
27.56 17.68
28.7 17.63
28.7 17.66
28.7 17.65
28.7 17.73
27.56 17.64
28.7 17.68
28.7 17.62
28.7 17.71
28.7 17.54
28.7 17.55
28.7 17.56
28.7 17.59
28.7 17.65
28.7 17.61
29.84 17.62
28.7 17.52
28.7 17.58
28.7 17.56
29.84 17.58
28.7 17.51
28.7 17.54
28.7 17.45
29.84 17.51
29.84 17.56
29.84 17.56
29.84 17.5
29.84 17.45
28.7 17.58
28.7 17.57
28.7 17.49
28.7 17.48
29.84 17.53
29.84 17.36
29.84 17.54
29.84 17.45
29.84 17.49
28.7 17.44
29.84 17.44
28.7 17.46
29.84 17.44
29.84 17.42
29.84 17.45
29.84 17.46
29.84 17.5
29.84 17.48
29.84 17.53
29.84 17.44
29.84 17.4
29.84 17.51
28.7 17.43
30.98 17.42
29.84 17.47
29.84 17.37
29.84 17.51
29.84 17.41
29.84 17.33
29.84 17.35
29.84 17.38
29.84 17.34
29.84 17.34
29.84 17.36
29.84 17.37
29.84 17.43
29.84 17.42
30.98 17.38
29.84 17.37
30.98 17.42
30.98 17.31
29.84 17.4
29.84 17.29
30.98 17.32
29.84 17.32
29.84 17.27
29.84 17.3
29.84 17.24
29.84 17.23
30.98 17.35
30.98 17.28
29.84 17.36
30.98 17.33
29.84 17.29
30.98 17.24
30.98 17.31
30.98 17.27
29.84 17.29
30.98 17.27
30.98 17.27
30.98 17.28
30.98 17.16
30.98 17.27
30.98 17.28
30.98 17.27
32.12 17.23
30.98 17.28
30.98 17.23
30.98 17.22
29.84 17.21
30.98 17.16
30.98 17.26
30.98 17.29
30.98 17.1
30.98 17.18
30.98 17.23
30.98 17.23
30.98 17.07
30.98 17.25
32.12 17.24
32.12 17.22
30.98 17.22
30.98 17.26
30.98 17.19
30.98 17.14
30.98 17.24
29.84 17.17
30.98 17.19
30.98 17.1
29.84 17.11
30.98 17.2
30.98 17.2
32.12 17.18
30.98 17.17
32.12 17.16
30.98 17.17
30.98 17.12
30.98 17.15
32.12 17.16
30.98 17.17
32.12 17.09
32.12 17.1
32.12 17.17
30.98 17.14
32.12 17.06
30.98 17.16
32.12 17.1
30.98 17.05
30.98 17.07
30.98 17.18
32.12 17.05
32.12 17.1
32.12 17.01
30.98 17.19
32.12 17.14
30.98 17.19
32.12 17.05
32.12 17.11
32.12 17.02
30.98 17.12
32.12 17.14
32.12 17.11
32.12 17.1
32.12 17.03
32.12 17.05
32.12 17.09
32.12 17.04
32.12 17.11
32.12 17.0
32.12 17.07
32.12 17.0
32.12 17.06
32.12 17.08
32.12 17.0
32.12 17.02
32.12 17.06
32.12 17.05
32.12 17.06
32.12 17.01
32.12 17.09
32.12 16.99
32.12 16.99
32.12 17.01
32.12 16.96
32.12 17.02
32.12 17.05
32.12 17.01
32.12 16.99
33.26 17.0
33.26 17.06
32.12 17.0
32.12 16.99
32.12 16.98
32.12 16.96
32.12 16.97
33.26 16.97
32.12 17.01
32.12 16.94
32.12 16.91
32.12 16.96
32.12 17.01
32.12 16.94
32.12 16.91
33.26 16.94
32.12 16.98
32.12 17.0
33.26 16.95
32.12 16.92
33.26 16.9
33.26 16.96
33.26 16.86
32.12 16.91
33.26 16.89
32.12 16.98
33.26 16.98
33.26 16.97
32.12 16.95
32.12 16.9
33.26 16.97
33.26 16.88
33.26 16.9
33.26 16.94
32.12 16.9
33.26 16.93
33.26 16.88
33.26 16.94
33.26 16.92
32.12 16.91
33.26 16.9
33.26 16.88
33.26 16.94
32.12 16.96
33.26 16.92
32.12 16.89
33.26 16.86
33.26 16.88
33.26 16.88
33.26 16.85
33.26 16.83
33.26 16.86
33.26 16.93
32.12 16.9
33.26 16.82
33.26 16.89
33.26 16.86
33.26 16.77
33.26 16.82
33.26 16.89
33.26 16.88
33.26 16.82
33.26 16.94
33.26 16.91
33.26 16.88
34.4 16.85
33.26 16.82
34.4 16.91
33.26 16.87
33.26 16.83
33.26 16.83
33.26 16.85
33.26 16.83
33.26 16.92
33.26 16.85
33.26 16.86
33.26 16.82
33.26 16.85
33.26 16.81
33.26 16.8
33.26 16.85
33.26 16.86
33.26 16.8
33.26 16.81
34.4 16.8
33.26 16.82
33.26 16.8
33.26 16.8
33.26 16.79
34.4 16.84
34.4 16.87
33.26 16.82
33.26 16.74
33.26 16.79
33.26 16.85
33.26 16.74
33.26 16.74
33.26 16.79
34.4 16.72
34.4 16.77
33.26 16.77
33.26 16.8
34.4 16.72
33.26 16.78
33.26 16.7
33.26 16.74
34.4 16.8
33.26 16.79
33.26 16.79
34.4 16.81
34.4 16.78
34.4 16.76
34.4 16.75
34.4 16.69
34.4 16.74
33.26 16.76
33.26 16.75
34.4 16.68
33.26 16.74
34.4 16.83
33.26 16.71
34.4 16.67
33.26 16.76
34.4 16.73
34.4 16.74
34.4 16.79
33.26 16.78
34.4 16.74
34.4 16.71
33.26 16.68
33.26 16.7
34.4 16.73
34.4 16.66
33.26 16.71
34.4 16.65
34.4 16.74
34.4 16.68
34.4 16.67
34.4 16.69
34.4 16.72
34.4 16.67
33.26 16.66
34.4 16.73
34.4 16.75
34.4 16.68
34.4 16.68
33.26 16.74
34.4 16.68
34.4 16.71
34.4 16.64
34.4 16.65
34.4 16.61
34.4 16.56
34.4 16.59
34.4 16.6
34.4 16.69
34.4 16.64
34.4 16.69
34.4 16.7
34.4 16.69
34.4 16.67
34.4 16.8
34.4 16.66
34.4 16.68
34.4 16.72
35.54 16.63
34.4 16.69
34.4 16.64
34.4 16.73
34.4 16.66
34.4 16.63
34.4 16.64
34.4 16.68
34.4 16.73
35.54 16.66
34.4 16.57
33.26 16.59
34.4 16.65
34.4 16.62
34.4 16.59
34.4 16.56
34.4 16.58
34.4 16.63
34.4 16.61
35.54 16.62
34.4 16.68
34.4 16.6
34.4 16.55
34.4 16.58
34.4 16.63
35.54 16.63
34.4 16.57
34.4 16.55
35.54 16.62
34.4 16.52
35.54 16.64
35.54 16.53
34.4 16.56
35.54 16.57
34.4 16.58
34.4 16.57
34.4 16.53
34.4 16.51
34.4 16.66
34.4 16.65
35.54 16.62
35.54 16.61
34.4 16.6
34.4 16.57
35.54 16.63
34.4 16.54
34.4 16.58
35.54 16.56
35.54 16.54
35.54 16.52
34.4 16.55
35.54 16.51
35.54 16.56
34.4 16.5
35.54 16.5
35.54 16.48
35.54 16.54
34.4 16.57
35.54 16.48
35.54 16.55
35.54 16.48
35.54 16.45
35.54 16.52
35.54 16.49
35.54 16.51
34.4 16.67
35.54 16.5
35.54 16.58
35.54 16.6
34.4 16.51
35.54 16.5
35.54 16.48
35.54 16.53
35.54 16.51
35.54 16.52
35.54 16.48
35.54 16.44
35.54 16.46
35.54 16.49
35.54 16.5
35.54 16.57
35.54 16.58
35.54 16.44
36.68 16.45
35.54 16.48
35.54 16.5
35.54 16.44
35.54 16.44
35.54 16.56
35.54 16.5
34.4 16.47
35.54 16.54
36.68 16.46
35.54 16.48
35.54 16.39
35.54 16.51
35.54 16.4
35.54 16.48
36.68 16.42
35.54 16.46
35.54 16.4
35.54 16.48
35.54 16.56
35.54 16.51
35.54 16.49
35.54 16.48
35.54 16.52
35.54 16.43
35.54 16.5
35.54 16.41
35.54 16.41
35.54 16.44
35.54 16.46
35.54 16.43
35.54 16.48
35.54 16.4
35.54 16.44
36.68 16.4
35.54 16.46
36.68 16.46
35.54 16.49
36.68 16.47
36.68 16.49
35.54 16.58
35.54 16.38
36.68 16.48
35.54 16.45
36.68 16.46
36.68 16.41
35.54 16.42
35.54 16.38
36.68 16.37
35.54 16.5
35.54 16.4
35.54 16.53
35.54 16.49
35.54 16.39
36.68 16.4
35.54 16.4
36.68 16.41
35.54 16.44
36.68 16.37
36.68 16.4
36.68 16.38
35.54 16.43
36.68 16.44
36.68 16.48
35.54 16.42
36.68 16.4
36.68 16.39
34.4 16.35
36.68 16.38
35.54 16.4
35.54 16.36
35.54 16.41
36.68 16.45
35.54 16.39
35.54 16.4
36.68 16.4
36.68 16.45
36.68 16.4
35.54 16.32
35.54 16.43
36.68 16.36
35.54 16.38
36.68 16.5
35.54 16.42
36.68 16.37
36.68 16.45
35.54 16.41
36.68 16.38
36.68 16.34
36.68 16.34
36.68 16.34
35.54 16.3
35.54 16.34
35.54 16.36
35.54 16.34
35.54 16.37
36.68 16.4
36.68 16.25
36.68 16.31
36.68 16.43
35.54 16.37
36.68 16.32
36.68 16.33
36.68 16.34
35.54 16.32
36.68 16.31
36.68 16.34
36.68 16.38
36.68 16.4
36.68 16.28
36.68 16.31
36.68 16.32
36.68 16.35
36.68 16.41
36.68 16.41
36.68 16.28
36.68 16.3
35.54 16.38
35.54 16.29
36.68 16.34
36.68 16.35
36.68 16.32
36.68 16.29
36.68 16.38
36.68 16.3
36.68 16.27
35.54 16.3
36.68 16.29
36.68 16.41
36.68 16.24
35.54 16.28
36.68 16.27
36.68 16.35
36.68 16.34
35.54 16.29
36.68 16.32
36.68 16.32
36.68 16.31
36.68 16.41
36.68 16.4
36.68 16.33
36.68 16.3
36.68 16.29
36.68 16.32
36.68 16.29
36.68 16.24
36.68 16.3
36.68 16.32
37.82 16.39
36.68 16.29
36.68 16.37
37.82 16.28
36.68 16.31
36.68 16.31
36.68 16.3
36.68 16.37
36.68 16.3
36.68 16.31
36.68 16.32
36.68 16.3
36.68 16.3
36.68 16.3
36.68 16.26
36.68 16.3
37.82 16.21
36.68 16.37
36.68 16.32
36.68 16.29
36.68 16.29
36.68 16.25
37.82 16.3
36.68 16.26
37.82 16.29
37.82 16.3
36.68 16.27
36.68 16.27
36.68 16.24
35.54 16.23
36.68 16.31
35.54 16.22
36.68 16.21
36.68 16.2
36.68 16.28
36.68 16.22
36.68 16.22
36.68 16.16
37.82 16.28
36.68 16.21
36.68 16.21
36.68 16.23
37.82 16.21
37.82 16.22
36.68 16.2
36.68 16.26
36.68 16.28
36.68 16.29
37.82 16.24
37.82 16.28
36.68 16.16
36.68 16.19
36.68 16.18
37.82 16.23
36.68 16.13
36.68 16.19
36.68 16.26
37.82 16.22
36.68 16.29
36.68 16.15
36.68 16.15
36.68 16.23
36.68 16.2
36.68 16.1
36.68 16.19
37.82 16.23
36.68 16.2
37.82 16.14
37.82 16.28
37.82 16.24
36.68 16.17
37.82 16.26
37.82 16.21
36.68 16.1
37.82 16.2
37.82 16.23
36.68 16.2
36.68 16.23
36.68 16.15
37.82 16.2
37.82 16.2
36.68 16.18
37.82 16.18
36.68 16.19
36.68 16.22
37.82 16.18
37.82 16.1
37.82 16.23
37.82 16.15
36.68 16.09
36.68 16.17
36.68 16.22
36.68 16.16
37.82 16.19
37.82 16.2
