50.36 108440.0
50.36 108460.0
50.36 108480.0
51.5 108500.0
51.5 108520.0
50.36 108540.0
50.36 108560.0
51.5 108580.0
50.36 108600.0
50.36 108620.0
50.36 108640.0
50.36 108660.0
51.5 108680.0
50.36 108700.0
50.36 108720.0
51.5 108740.0
50.36 108760.0
51.5 108780.0
50.36 108800.0
51.5 108820.0
50.36 108840.0
50.36 108860.0
50.36 108880.0
50.36 108900.0
51.5 108920.0
51.5 108940.0
51.5 108960.0
50.36 108980.0
50.36 109000.0
50.36 109020.0
50.36 109040.0
50.36 109060.0
50.36 109080.0
50.36 109100.0
51.5 109120.0
50.36 109140.0
50.36 109160.0
50.36 109180.0
50.36 109200.0
50.36 109220.0
51.5 109240.0
51.5 109260.0
50.36 109280.0
51.5 109300.0
51.5 109320.0
51.5 109340.0
51.5 109360.0
50.36 109380.0
50.36 109400.0
51.5 109420.0
50.36 109440.0
50.36 109460.0
50.36 109480.0
50.36 109500.0
51.5 109520.0
50.36 109540.0
50.36 109560.0
51.5 109580.0
51.5 109600.0
50.36 109620.0
50.36 109640.0
50.36 109660.0
51.5 109680.0
50.36 109700.0
50.36 109720.0
50.36 109740.0
51.5 109760.0
51.5 109780.0
51.5 109800.0
51.5 109820.0
50.36 109840.0
50.36 109860.0
51.5 109880.0
51.5 109900.0
50.36 109920.0
50.36 109940.0
51.5 109960.0
50.36 109980.0
50.36 110000.0
51.5 110020.0
50.36 110040.0
51.5 110060.0
51.5 110080.0
50.36 110100.0
50.36 110120.0
50.36 110140.0
50.36 110160.0
51.5 110180.0
51.5 110200.0
51.5 110220.0
50.36 110240.0
51.5 110260.0
50.36 110280.0
50.36 110300.0
50.36 110320.0
50.36 110340.0
51.5 110360.0
51.5 110380.0
51.5 110400.0
50.36 110420.0
50.36 110440.0
51.5 110460.0
50.36 110480.0
50.36 110500.0
50.36 110520.0
50.36 110540.0
50.36 110560.0
50.36 110580.0
50.36 110600.0
51.5 110620.0
50.36 110640.0
50.36 110660.0
51.5 110680.0
50.36 110700.0
50.36 110720.0
50.36 110740.0
50.36 110760.0
50.36 110780.0
50.36 110800.0
51.5 110820.0
50.36 110840.0
50.36 110860.0
50.36 110880.0
51.5 110900.0
50.36 110920.0
50.36 110940.0
51.5 110960.0
50.36 110980.0
50.36 111000.0
50.36 111020.0
50.36 111040.0
50.36 111060.0
51.5 111080.0
51.5 111100.0
51.5 111120.0
51.5 111140.0
50.36 111160.0
51.5 111180.0
50.36 111200.0
50.36 111220.0
50.36 111240.0
50.36 111260.0
50.36 111280.0
50.36 111300.0
50.36 111320.0
50.36 111340.0
50.36 111360.0
51.5 111380.0
51.5 111400.0
51.5 111420.0
50.36 111440.0
50.36 111460.0
50.36 111480.0
51.5 111500.0
50.36 111520.0
50.36 111540.0
51.5 111560.0
50.36 111580.0
50.36 111600.0
50.36 111620.0
50.36 111640.0
50.36 111660.0
50.36 111680.0
51.5 111700.0
51.5 111720.0
50.36 111740.0
50.36 111760.0
50.36 111780.0
51.5 111800.0
51.5 111820.0
50.36 111840.0
51.5 111860.0
50.36 111880.0
51.5 111900.0
50.36 111920.0
50.36 111940.0
50.36 111960.0
50.36 111980.0
50.36 112000.0
51.5 112020.0
51.5 112040.0
50.36 112060.0
50.36 112080.0
51.5 112100.0
51.5 112120.0
50.36 112140.0
50.36 112160.0
50.36 112180.0
51.5 112200.0
50.36 112220.0
50.36 112240.0
51.5 112260.0
50.36 112280.0
50.36 112300.0
50.36 112320.0
51.5 112340.0
50.36 112360.0
51.5 112380.0
51.5 112400.0
51.5 112420.0
50.36 112440.0
51.5 112460.0
51.5 112480.0
50.36 112500.0
50.36 112520.0
50.36 112540.0
50.36 112560.0
51.5 112580.0
50.36 112600.0
50.36 112620.0
50.36 112640.0
51.5 112660.0
50.36 112680.0
50.36 112700.0
51.5 112720.0
50.36 112740.0
50.36 112760.0
51.5 112780.0
51.5 112800.0
51.5 112820.0
50.36 112840.0
51.5 112860.0
51.5 112880.0
51.5 112900.0
51.5 112920.0
51.5 112940.0
50.36 112960.0
50.36 112980.0
50.36 113000.0
51.5 113020.0
51.5 113040.0
50.36 113060.0
51.5 113080.0
51.5 113100.0
51.5 113120.0
50.36 113140.0
50.36 113160.0
51.5 113180.0
51.5 113200.0
50.36 113220.0
50.36 113240.0
51.5 113260.0
51.5 113280.0
50.36 113300.0
51.5 113320.0
51.5 113340.0
51.5 113360.0
50.36 113380.0
50.36 113400.0
51.5 113420.0
51.5 113440.0
50.36 113460.0
50.36 113480.0
50.36 113500.0
51.5 113520.0
51.5 113540.0
50.36 113560.0
50.36 113580.0
51.5 113600.0
51.5 113620.0
50.36 113640.0
51.5 113660.0
51.5 113680.0
51.5 113700.0
50.36 113720.0
50.36 113740.0
51.5 113760.0
51.5 113780.0
50.36 113800.0
51.5 113820.0
51.5 113840.0
51.5 113860.0
50.36 113880.0
51.5 113900.0
51.5 113920.0
51.5 113940.0
51.5 113960.0
51.5 113980.0
51.5 114000.0
50.36 114020.0
50.36 114040.0
51.5 114060.0
51.5 114080.0
51.5 114100.0
50.36 114120.0
50.36 114140.0
51.5 114160.0
51.5 114180.0
51.5 114200.0
51.5 114220.0
50.36 114240.0
51.5 114260.0
51.5 114280.0
51.5 114300.0
50.36 114320.0
51.5 114340.0
51.5 114360.0
51.5 114380.0
50.36 114400.0
51.5 114420.0
50.36 114440.0
50.36 114460.0
51.5 114480.0
51.5 114500.0
51.5 114520.0
50.36 114540.0
51.5 114560.0
51.5 114580.0
50.36 114600.0
50.36 114620.0
51.5 114640.0
50.36 114660.0
51.5 114680.0
50.36 114700.0
51.5 114720.0
51.5 114740.0
50.36 114760.0
50.36 114780.0
51.5 114800.0
51.5 114820.0
50.36 114840.0
50.36 114860.0
50.36 114880.0
51.5 114900.0
50.36 114920.0
50.36 114940.0
50.36 114960.0
51.5 114980.0
50.36 115000.0
51.5 115020.0
51.5 115040.0
51.5 115060.0
51.5 115080.0
51.5 115100.0
51.5 115120.0
51.5 115140.0
51.5 115160.0
50.36 115180.0
51.5 115200.0
51.5 115220.0
51.5 115240.0
51.5 115260.0
51.5 115280.0
51.5 115300.0
51.5 115320.0
50.36 115340.0
51.5 115360.0
50.36 115380.0
51.5 115400.0
50.36 115420.0
51.5 115440.0
51.5 115460.0
51.5 115480.0
51.5 115500.0
50.36 115520.0
50.36 115540.0
50.36 115560.0
51.5 115580.0
51.5 115600.0
50.36 115620.0
51.5 115640.0
50.36 115660.0
51.5 115680.0
51.5 115700.0
51.5 115720.0
51.5 115740.0
51.5 115760.0
51.5 115780.0
51.5 115800.0
51.5 115820.0
51.5 115840.0
51.5 115860.0
51.5 115880.0
50.36 115900.0
51.5 115920.0
51.5 115940.0
50.36 115960.0
50.36 115980.0
51.5 116000.0
51.5 116020.0
51.5 116040.0
50.36 116060.0
51.5 116080.0
51.5 116100.0
51.5 116120.0
51.5 116140.0
50.36 116160.0
51.5 116180.0
51.5 116200.0
50.36 116220.0
50.36 116240.0
51.5 116260.0
51.5 116280.0
51.5 116300.0
51.5 116320.0
51.5 116340.0
51.5 116360.0
51.5 116380.0
51.5 116400.0
51.5 116420.0
50.36 116440.0
50.36 116460.0
51.5 116480.0
50.36 116500.0
51.5 116520.0
51.5 116540.0
51.5 116560.0
51.5 116580.0
51.5 116600.0
50.36 116620.0
51.5 116640.0
50.36 116660.0
50.36 116680.0
51.5 116700.0
50.36 116720.0
50.36 116740.0
50.36 116760.0
50.36 116780.0
51.5 116800.0
50.36 116820.0
51.5 116840.0
50.36 116860.0
50.36 116880.0
50.36 116900.0
51.5 116920.0
51.5 116940.0
51.5 116960.0
51.5 116980.0
51.5 117000.0
50.36 117020.0
51.5 117040.0
50.36 117060.0
50.36 117080.0
51.5 117100.0
51.5 117120.0
51.5 117140.0
51.5 117160.0
51.5 117180.0
51.5 117200.0
51.5 117220.0
50.36 117240.0
51.5 117260.0
51.5 117280.0
51.5 117300.0
51.5 117320.0
51.5 117340.0
51.5 117360.0
50.36 117380.0
51.5 117400.0
50.36 117420.0
51.5 117440.0
51.5 117460.0
50.36 117480.0
51.5 117500.0
51.5 117520.0
50.36 117540.0
51.5 117560.0
51.5 117580.0
50.36 117600.0
51.5 117620.0
51.5 117640.0
51.5 117660.0
51.5 117680.0
51.5 117700.0
51.5 117720.0
51.5 117740.0
50.36 117760.0
51.5 117780.0
50.36 117800.0
50.36 117820.0
51.5 117840.0
51.5 117860.0
51.5 117880.0
51.5 117900.0
51.5 117920.0
51.5 117940.0
51.5 117960.0
51.5 117980.0
50.36 118000.0
50.36 118020.0
51.5 118040.0
50.36 118060.0
50.36 118080.0
51.5 118100.0
50.36 118120.0
50.36 118140.0
51.5 118160.0
50.36 118180.0
50.36 118200.0
51.5 118220.0
51.5 118240.0
51.5 118260.0
51.5 118280.0
51.5 118300.0
50.36 118320.0
51.5 118340.0
51.5 118360.0
50.36 118380.0
50.36 118400.0
51.5 118420.0
51.5 118440.0
50.36 118460.0
51.5 118480.0
51.5 118500.0
50.36 118520.0
50.36 118540.0
51.5 118560.0
50.36 118580.0
50.36 118600.0
51.5 118620.0
50.36 118640.0
51.5 118660.0
51.5 118680.0
51.5 118700.0
51.5 118720.0
51.5 118740.0
50.36 118760.0
51.5 118780.0
51.5 118800.0
51.5 118820.0
51.5 118840.0
51.5 118860.0
50.36 118880.0
51.5 118900.0
50.36 118920.0
51.5 118940.0
51.5 118960.0
51.5 118980.0
51.5 119000.0
51.5 119020.0
51.5 119040.0
50.36 119060.0
51.5 119080.0
51.5 119100.0
51.5 119120.0
51.5 119140.0
50.36 119160.0
51.5 119180.0
51.5 119200.0
51.5 119220.0
51.5 119240.0
51.5 119260.0
51.5 119280.0
51.5 119300.0
51.5 119320.0
51.5 119340.0
51.5 119360.0
51.5 119380.0
51.5 119400.0
51.5 119420.0
51.5 119440.0
51.5 119460.0
51.5 119480.0
51.5 119500.0
51.5 119520.0
51.5 119540.0
50.36 119560.0
51.5 119580.0
51.5 119600.0
51.5 119620.0
51.5 119640.0
51.5 119660.0
51.5 119680.0
51.5 119700.0
50.36 119720.0
51.5 119740.0
50.36 119760.0
50.36 119780.0
51.5 119800.0
51.5 119820.0
51.5 119840.0
51.5 119860.0
51.5 119880.0
51.5 119900.0
51.5 119920.0
50.36 119940.0
51.5 119960.0
51.5 119980.0
51.5 120000.0
51.5 120020.0
50.36 120040.0
50.36 120060.0
51.5 120080.0
51.5 120100.0
51.5 120120.0
50.36 120140.0
51.5 120160.0
51.5 120180.0
50.36 120200.0
51.5 120220.0
51.5 120240.0
51.5 120260.0
50.36 120280.0
51.5 120300.0
51.5 120320.0
51.5 120340.0
50.36 120360.0
51.5 120380.0
51.5 120400.0
51.5 120420.0
50.36 120440.0
51.5 120460.0
51.5 120480.0
51.5 120500.0
51.5 120520.0
51.5 120540.0
51.5 120560.0
50.36 120580.0
51.5 120600.0
51.5 120620.0
51.5 120640.0
50.36 120660.0
50.36 120680.0
51.5 120700.0
51.5 120720.0
51.5 120740.0
51.5 120760.0
51.5 120780.0
51.5 120800.0
51.5 120820.0
51.5 120840.0
51.5 120860.0
51.5 120880.0
51.5 120900.0
51.5 120920.0
51.5 120940.0
51.5 120960.0
51.5 120980.0
51.5 121000.0
51.5 121020.0
51.5 121040.0
51.5 121060.0
51.5 121080.0
51.5 121100.0
51.5 121120.0
51.5 121140.0
51.5 121160.0
51.5 121180.0
51.5 121200.0
50.36 121220.0
50.36 121240.0
50.36 121260.0
51.5 121280.0
50.36 121300.0
50.36 121320.0
51.5 121340.0
50.36 121360.0
51.5 121380.0
50.36 121400.0
51.5 121420.0
50.36 121440.0
51.5 121460.0
51.5 121480.0
51.5 121500.0
51.5 121520.0
51.5 121540.0
50.36 121560.0
51.5 121580.0
51.5 121600.0
51.5 121620.0
51.5 121640.0
51.5 121660.0
51.5 121680.0
51.5 121700.0
51.5 121720.0
52.64 121740.0
51.5 121760.0
50.36 121780.0
50.36 121800.0
51.5 121820.0
51.5 121840.0
51.5 121860.0
51.5 121880.0
51.5 121900.0
50.36 121920.0
51.5 121940.0
51.5 121960.0
51.5 121980.0
51.5 122000.0
51.5 122020.0
51.5 122040.0
51.5 122060.0
51.5 122080.0
51.5 122100.0
51.5 122120.0
51.5 122140.0
50.36 122160.0
51.5 122180.0
50.36 122200.0
51.5 122220.0
51.5 122240.0
51.5 122260.0
51.5 122280.0
51.5 122300.0
51.5 122320.0
51.5 122340.0
51.5 122360.0
51.5 122380.0
51.5 122400.0
51.5 122420.0
51.5 122440.0
51.5 122460.0
51.5 122480.0
51.5 122500.0
50.36 122520.0
51.5 122540.0
51.5 122560.0
51.5 122580.0
50.36 122600.0
51.5 122620.0
51.5 122640.0
51.5 122660.0
51.5 122680.0
50.36 122700.0
50.36 122720.0
51.5 122740.0
51.5 122760.0
50.36 122780.0
50.36 122800.0
51.5 122820.0
51.5 122840.0
50.36 122860.0
51.5 122880.0
51.5 122900.0
50.36 122920.0
51.5 122940.0
50.36 122960.0
51.5 122980.0
50.36 123000.0
51.5 123020.0
50.36 123040.0
51.5 123060.0
50.36 123080.0
51.5 123100.0
50.36 123120.0
51.5 123140.0
51.5 123160.0
51.5 123180.0
51.5 123200.0
51.5 123220.0
51.5 123240.0
51.5 123260.0
51.5 123280.0
51.5 123300.0
51.5 123320.0
51.5 123340.0
51.5 123360.0
50.36 123380.0
51.5 123400.0
50.36 123420.0
50.36 123440.0
51.5 123460.0
51.5 123480.0
51.5 123500.0
50.36 123520.0
51.5 123540.0
51.5 123560.0
51.5 123580.0
50.36 123600.0
51.5 123620.0
51.5 123640.0
52.64 123660.0
51.5 123680.0
51.5 123700.0
51.5 123720.0
50.36 123740.0
51.5 123760.0
51.5 123780.0
51.5 123800.0
50.36 123820.0
51.5 123840.0
51.5 123860.0
51.5 123880.0
51.5 123900.0
51.5 123920.0
50.36 123940.0
51.5 123960.0
51.5 123980.0
51.5 124000.0
51.5 124020.0
50.36 124040.0
51.5 124060.0
51.5 124080.0
51.5 124100.0
51.5 124120.0
50.36 124140.0
51.5 124160.0
51.5 124180.0
51.5 124200.0
51.5 124220.0
50.36 124240.0
50.36 124260.0
51.5 124280.0
50.36 124300.0
51.5 124320.0
51.5 124340.0
51.5 124360.0
51.5 124380.0
51.5 124400.0
51.5 124420.0
50.36 124440.0
51.5 124460.0
51.5 124480.0
50.36 124500.0
50.36 124520.0
51.5 124540.0
51.5 124560.0
51.5 124580.0
51.5 124600.0
51.5 124620.0
50.36 124640.0
51.5 124660.0
51.5 124680.0
51.5 124700.0
51.5 124720.0
51.5 124740.0
51.5 124760.0
51.5 124780.0
50.36 124800.0
51.5 124820.0
51.5 124840.0
51.5 124860.0
51.5 124880.0
51.5 124900.0
51.5 124920.0
51.5 124940.0
51.5 124960.0
51.5 124980.0
51.5 125000.0
50.36 125020.0
51.5 125040.0
51.5 125060.0
51.5 125080.0
51.5 125100.0
50.36 125120.0
51.5 125140.0
51.5 125160.0
51.5 125180.0
51.5 125200.0
51.5 125220.0
51.5 125240.0
51.5 125260.0
51.5 125280.0
51.5 125300.0
51.5 125320.0
51.5 125340.0
51.5 125360.0
50.36 125380.0
51.5 125400.0
51.5 125420.0
51.5 125440.0
51.5 125460.0
51.5 125480.0
51.5 125500.0
51.5 125520.0
51.5 125540.0
51.5 125560.0
50.36 125580.0
51.5 125600.0
51.5 125620.0
51.5 125640.0
51.5 125660.0
51.5 125680.0
51.5 125700.0
51.5 125720.0
51.5 125740.0
51.5 125760.0
51.5 125780.0
51.5 125800.0
51.5 125820.0
51.5 125840.0
51.5 125860.0
51.5 125880.0
51.5 125900.0
51.5 125920.0
51.5 125940.0
51.5 125960.0
51.5 125980.0
51.5 126000.0
51.5 126020.0
51.5 126040.0
51.5 126060.0
51.5 126080.0
51.5 126100.0
51.5 126120.0
51.5 126140.0
50.36 126160.0
51.5 126180.0
50.36 126200.0
51.5 126220.0
51.5 126240.0
51.5 126260.0
51.5 126280.0
51.5 126300.0
51.5 126320.0
50.36 126340.0
50.36 126360.0
51.5 126380.0
51.5 126400.0
50.36 126420.0
51.5 126440.0
51.5 126460.0
51.5 126480.0
51.5 126500.0
51.5 126520.0
51.5 126540.0
51.5 126560.0
51.5 126580.0
51.5 126600.0
51.5 126620.0
51.5 126640.0
50.36 126660.0
51.5 126680.0
50.36 126700.0
51.5 126720.0
51.5 126740.0
50.36 126760.0
50.36 126780.0
51.5 126800.0
52.64 126820.0
51.5 126840.0
51.5 126860.0
51.5 126880.0
50.36 126900.0
50.36 126920.0
51.5 126940.0
51.5 126960.0
51.5 126980.0
50.36 127000.0
51.5 127020.0
51.5 127040.0
50.36 127060.0
51.5 127080.0
51.5 127100.0
51.5 127120.0
51.5 127140.0
51.5 127160.0
51.5 127180.0
51.5 127200.0
51.5 127220.0
51.5 127240.0
50.36 127260.0
51.5 127280.0
51.5 127300.0
51.5 127320.0
51.5 127340.0
51.5 127360.0
51.5 127380.0
51.5 127400.0
51.5 127420.0
51.5 127440.0
51.5 127460.0
51.5 127480.0
50.36 127500.0
51.5 127520.0
51.5 127540.0
50.36 127560.0
51.5 127580.0
51.5 127600.0
51.5 127620.0
50.36 127640.0
51.5 127660.0
51.5 127680.0
51.5 127700.0
51.5 127720.0
51.5 127740.0
51.5 127760.0
51.5 127780.0
51.5 127800.0
51.5 127820.0
51.5 127840.0
51.5 127860.0
51.5 127880.0
51.5 127900.0
51.5 127920.0
50.36 127940.0
51.5 127960.0
51.5 127980.0
51.5 128000.0
51.5 128020.0
51.5 128040.0
51.5 128060.0
51.5 128080.0
51.5 128100.0
51.5 128120.0
51.5 128140.0
51.5 128160.0
51.5 128180.0
51.5 128200.0
51.5 128220.0
51.5 128240.0
51.5 128260.0
51.5 128280.0
51.5 128300.0
51.5 128320.0
51.5 128340.0
51.5 128360.0
51.5 128380.0
51.5 128400.0
50.36 128420.0
51.5 128440.0
50.36 128460.0
51.5 128480.0
51.5 128500.0
51.5 128520.0
51.5 128540.0
51.5 128560.0
51.5 128580.0
51.5 128600.0
51.5 128620.0
51.5 128640.0
51.5 128660.0
51.5 128680.0
51.5 128700.0
51.5 128720.0
51.5 128740.0
51.5 128760.0
51.5 128780.0
51.5 128800.0
51.5 128820.0
51.5 128840.0
51.5 128860.0
51.5 128880.0
51.5 128900.0
51.5 128920.0
51.5 128940.0
52.64 128960.0
50.36 128980.0
51.5 129000.0
51.5 129020.0
51.5 129040.0
51.5 129060.0
51.5 129080.0
51.5 129100.0
51.5 129120.0
51.5 129140.0
51.5 129160.0
51.5 129180.0
51.5 129200.0
50.36 129220.0
51.5 129240.0
51.5 129260.0
50.36 129280.0
51.5 129300.0
51.5 129320.0
51.5 129340.0
51.5 129360.0
51.5 129380.0
51.5 129400.0
51.5 129420.0
51.5 129440.0
51.5 129460.0
50.36 129480.0
51.5 129500.0
51.5 129520.0
51.5 129540.0
51.5 129560.0
51.5 129580.0
51.5 129600.0
51.5 129620.0
51.5 129640.0
50.36 129660.0
51.5 129680.0
51.5 129700.0
51.5 129720.0
51.5 129740.0
51.5 129760.0
51.5 129780.0
51.5 129800.0
51.5 129820.0
51.5 129840.0
51.5 129860.0
51.5 129880.0
51.5 129900.0
51.5 129920.0
51.5 129940.0
51.5 129960.0
51.5 129980.0
51.5 130000.0
51.5 130020.0
51.5 130040.0
51.5 130060.0
51.5 130080.0
51.5 130100.0
51.5 130120.0
51.5 130140.0
51.5 130160.0
51.5 130180.0
52.64 130200.0
51.5 130220.0
50.36 130240.0
51.5 130260.0
51.5 130280.0
51.5 130300.0
51.5 130320.0
51.5 130340.0
51.5 130360.0
51.5 130380.0
51.5 130400.0
51.5 130420.0
51.5 130440.0
51.5 130460.0
51.5 130480.0
51.5 130500.0
50.36 130520.0
51.5 130540.0
51.5 130560.0
51.5 130580.0
51.5 130600.0
51.5 130620.0
51.5 130640.0
51.5 130660.0
51.5 130680.0
51.5 130700.0
51.5 130720.0
51.5 130740.0
51.5 130760.0
52.64 130780.0
51.5 130800.0
51.5 130820.0
51.5 130840.0
51.5 130860.0
51.5 130880.0
51.5 130900.0
52.64 130920.0
51.5 130940.0
51.5 130960.0
51.5 130980.0
51.5 131000.0
51.5 131020.0
51.5 131040.0
51.5 131060.0
51.5 131080.0
51.5 131100.0
51.5 131120.0
51.5 131140.0
51.5 131160.0
51.5 131180.0
51.5 131200.0
51.5 131220.0
51.5 131240.0
51.5 131260.0
51.5 131280.0
51.5 131300.0
51.5 131320.0
51.5 131340.0
51.5 131360.0
51.5 131380.0
51.5 131400.0
51.5 131420.0
51.5 131440.0
51.5 131460.0
51.5 131480.0
51.5 131500.0
50.36 131520.0
50.36 131540.0
51.5 131560.0
51.5 131580.0
51.5 131600.0
51.5 131620.0
51.5 131640.0
51.5 131660.0
51.5 131680.0
51.5 131700.0
51.5 131720.0
51.5 131740.0
51.5 131760.0
51.5 131780.0
51.5 131800.0
51.5 131820.0
51.5 131840.0
51.5 131860.0
51.5 131880.0
51.5 131900.0
51.5 131920.0
51.5 131940.0
51.5 131960.0
51.5 131980.0
51.5 132000.0
51.5 132020.0
51.5 132040.0
50.36 132060.0
51.5 132080.0
51.5 132100.0
50.36 132120.0
51.5 132140.0
52.64 132160.0
51.5 132180.0
51.5 132200.0
51.5 132220.0
51.5 132240.0
51.5 132260.0
51.5 132280.0
51.5 132300.0
50.36 132320.0
51.5 132340.0
51.5 132360.0
51.5 132380.0
51.5 132400.0
51.5 132420.0
51.5 132440.0
51.5 132460.0
51.5 132480.0
51.5 132500.0
51.5 132520.0
51.5 132540.0
51.5 132560.0
51.5 132580.0
51.5 132600.0
51.5 132620.0
51.5 132640.0
50.36 132660.0
51.5 132680.0
51.5 132700.0
51.5 132720.0
51.5 132740.0
51.5 132760.0
51.5 132780.0
51.5 132800.0
51.5 132820.0
51.5 132840.0
51.5 132860.0
51.5 132880.0
51.5 132900.0
51.5 132920.0
51.5 132940.0
51.5 132960.0
51.5 132980.0
51.5 133000.0
51.5 133020.0
51.5 133040.0
51.5 133060.0
51.5 133080.0
51.5 133100.0
51.5 133120.0
51.5 133140.0
51.5 133160.0
51.5 133180.0
51.5 133200.0
51.5 133220.0
51.5 133240.0
51.5 133260.0
51.5 133280.0
51.5 133300.0
51.5 133320.0
51.5 133340.0
51.5 133360.0
51.5 133380.0
51.5 133400.0
51.5 133420.0
51.5 133440.0
51.5 133460.0
51.5 133480.0
51.5 133500.0
51.5 133520.0
51.5 133540.0
51.5 133560.0
51.5 133580.0
51.5 133600.0
51.5 133620.0
51.5 133640.0
51.5 133660.0
51.5 133680.0
51.5 133700.0
51.5 133720.0
51.5 133740.0
51.5 133760.0
51.5 133780.0
51.5 133800.0
51.5 133820.0
51.5 133840.0
51.5 133860.0
51.5 133880.0
52.64 133900.0
51.5 133920.0
50.36 133940.0
51.5 133960.0
51.5 133980.0
51.5 134000.0
51.5 134020.0
51.5 134040.0
51.5 134060.0
51.5 134080.0
51.5 134100.0
51.5 134120.0
51.5 134140.0
51.5 134160.0
51.5 134180.0
51.5 134200.0
51.5 134220.0
51.5 134240.0
51.5 134260.0
51.5 134280.0
51.5 134300.0
51.5 134320.0
51.5 134340.0
51.5 134360.0
51.5 134380.0
52.64 134400.0
51.5 134420.0
51.5 134440.0
51.5 134460.0
51.5 134480.0
51.5 134500.0
50.36 134520.0
51.5 134540.0
51.5 134560.0
51.5 134580.0
51.5 134600.0
51.5 134620.0
51.5 134640.0
51.5 134660.0
51.5 134680.0
51.5 134700.0
51.5 134720.0
51.5 134740.0
51.5 134760.0
51.5 134780.0
51.5 134800.0
51.5 134820.0
51.5 134840.0
51.5 134860.0
51.5 134880.0
51.5 134900.0
51.5 134920.0
51.5 134940.0
51.5 134960.0
51.5 134980.0
51.5 135000.0
51.5 135020.0
51.5 135040.0
51.5 135060.0
50.36 135080.0
51.5 135100.0
51.5 135120.0
51.5 135140.0
51.5 135160.0
51.5 135180.0
51.5 135200.0
51.5 135220.0
51.5 135240.0
51.5 135260.0
51.5 135280.0
51.5 135300.0
51.5 135320.0
51.5 135340.0
51.5 135360.0
51.5 135380.0
51.5 135400.0
51.5 135420.0
51.5 135440.0
51.5 135460.0
51.5 135480.0
51.5 135500.0
51.5 135520.0
51.5 135540.0
51.5 135560.0
50.36 135580.0
51.5 135600.0
51.5 135620.0
51.5 135640.0
51.5 135660.0
51.5 135680.0
51.5 135700.0
51.5 135720.0
51.5 135740.0
51.5 135760.0
51.5 135780.0
51.5 135800.0
51.5 135820.0
51.5 135840.0
51.5 135860.0
51.5 135880.0
51.5 135900.0
52.64 135920.0
50.36 135940.0
51.5 135960.0
52.64 135980.0
51.5 136000.0
52.64 136020.0
51.5 136040.0
51.5 136060.0
51.5 136080.0
51.5 136100.0
51.5 136120.0
51.5 136140.0
51.5 136160.0
51.5 136180.0
51.5 136200.0
51.5 136220.0
51.5 136240.0
51.5 136260.0
52.64 136280.0
51.5 136300.0
50.36 136320.0
51.5 136340.0
51.5 136360.0
51.5 136380.0
51.5 136400.0
51.5 136420.0
51.5 136440.0
51.5 136460.0
51.5 136480.0
51.5 136500.0
51.5 136520.0
51.5 136540.0
51.5 136560.0
51.5 136580.0
51.5 136600.0
52.64 136620.0
51.5 136640.0
50.36 136660.0
51.5 136680.0
51.5 136700.0
51.5 136720.0
51.5 136740.0
51.5 136760.0
51.5 136780.0
51.5 136800.0
51.5 136820.0
51.5 136840.0
51.5 136860.0
51.5 136880.0
51.5 136900.0
