21.86 18.67
23.0 18.64
23.0 18.58
23.0 18.61
23.0 18.56
24.14 18.66
24.14 18.56
24.14 18.5
24.14 18.58
23.0 18.51
24.14 18.52
24.14 18.57
24.14 18.53
25.28 18.48
25.28 18.43
25.28 18.5
24.14 18.52
25.28 18.39
25.28 18.36
24.14 18.45
25.28 18.37
25.28 18.32
24.14 18.4
25.28 18.33
25.28 18.31
25.28 18.38
24.14 18.32
25.28 18.26
25.28 18.37
25.28 18.27
26.42 18.28
25.28 18.28
25.28 18.35
25.28 18.33
25.28 18.22
25.28 18.19
26.42 18.28
25.28 18.17
25.28 18.22
26.42 18.2
26.42 18.24
25.28 18.12
26.42 18.23
27.56 18.22
26.42 18.18
25.28 18.22
26.42 18.22
26.42 18.22
26.42 18.15
27.56 18.21
26.42 18.14
25.28 18.1
26.42 18.12
26.42 18.21
26.42 18.14
27.56 18.2
26.42 18.07
26.42 18.11
26.42 18.16
26.42 18.22
26.42 18.07
26.42 17.96
26.42 18.1
26.42 18.12
27.56 18.09
26.42 18.04
26.42 18.09
26.42 18.1
26.42 18.07
27.56 18.01
27.56 18.02
26.42 17.98
26.42 18.0
26.42 18.02
26.42 18.03
27.56 18.0
27.56 18.12
27.56 18.0
27.56 18.03
27.56 18.03
27.56 18.0
27.56 17.98
27.56 17.99
27.56 18.02
27.56 18.01
27.56 17.99
27.56 17.92
27.56 17.98
26.42 17.98
27.56 18.05
27.56 17.92
27.56 17.98
27.56 17.9
27.56 17.94
28.7 18.02
27.56 17.9
28.7 17.95
27.56 17.86
27.56 17.93
27.56 17.93
28.7 17.94
27.56 17.91
27.56 17.84
27.56 17.86
27.56 17.86
27.56 17.83
27.56 17.93
27.56 17.88
27.56 17.82
27.56 17.88
27.56 17.84
27.56 17.87
27.56 17.9
27.56 17.76
27.56 17.87
28.7 17.82
27.56 17.92
27.56 17.82
27.56 17.92
27.56 17.83
27.56 17.84
28.7 17.82
28.7 17.81
28.7 17.87
28.7 17.79
28.7 17.82
27.56 17.76
27.56 17.81
27.56 17.8
27.56 17.83
28.7 17.82
28.7 17.86
27.56 17.87
28.7 17.95
28.7 17.75
28.7 17.84
28.7 17.77
28.7 17.76
28.7 17.75
28.7 17.79
28.7 17.77
28.7 17.8
28.7 17.78
28.7 17.69
28.7 17.79
27.56 17.74
28.7 17.72
28.7 17.76
28.7 17.7
28.7 17.76
28.7 17.7
28.7 17.75
28.7 17.71
27.56 17.72
28.7 17.68
28.7 17.74
28.7 17.7
29.84 17.76
28.7 17.63
28.7 17.67
28.7 17.69
28.7 17.74
28.7 17.61
28.7 17.73
28.7 17.7
28.7 17.65
28.7 17.65
29.84 17.67
28.7 17.7
29.84 17.62
28.7 17.71
29.84 17.66
28.7 17.67
28.7 17.63
28.7 17.68
28.7 17.62
28.7 17.62
29.84 17.64
28.7 17.64
28.7 17.67
28.7 17.72
28.7 17.65
28.7 17.62
29.84 17.6
28.7 17.66
28.7 17.64
29.84 17.6
29.84 17.59
29.84 17.65
29.84 17.55
29.84 17.56
29.84 17.57
29.84 17.59
29.84 17.58
29.84 17.58
29.84 17.5
29.84 17.62
29.84 17.58
28.7 17.62
29.84 17.55
29.84 17.55
29.84 17.53
29.84 17.55
29.84 17.58
29.84 17.46
29.84 17.57
29.84 17.56
30.98 17.57
29.84 17.47
29.84 17.58
29.84 17.49
29.84 17.56
29.84 17.53
29.84 17.57
29.84 17.58
29.84 17.51
29.84 17.48
29.84 17.5
28.7 17.54
29.84 17.48
30.98 17.54
29.84 17.5
30.98 17.5
29.84 17.48
29.84 17.54
30.98 17.54
29.84 17.53
29.84 17.53
29.84 17.47
29.84 17.47
29.84 17.48
29.84 17.5
29.84 17.52
29.84 17.42
29.84 17.45
29.84 17.47
29.84 17.53
29.84 17.43
30.98 17.48
29.84 17.41
29.84 17.46
30.98 17.36
29.84 17.43
29.84 17.46
29.84 17.34
29.84 17.37
29.84 17.46
29.84 17.42
29.84 17.35
30.98 17.44
30.98 17.44
30.98 17.38
29.84 17.38
29.84 17.39
29.84 17.39
29.84 17.39
29.84 17.37
30.98 17.45
29.84 17.35
29.84 17.45
30.98 17.36
30.98 17.32
29.84 17.37
29.84 17.38
30.98 17.41
30.98 17.37
30.98 17.34
29.84 17.38
29.84 17.36
30.98 17.31
29.84 17.34
29.84 17.33
30.98 17.39
30.98 17.33
30.98 17.37
30.98 17.35
30.98 17.38
30.98 17.37
29.84 17.27
30.98 17.34
30.98 17.32
29.84 17.41
30.98 17.37
30.98 17.32
30.98 17.27
30.98 17.32
30.98 17.37
30.98 17.36
30.98 17.37
30.98 17.32
32.12 17.34
30.98 17.29
32.12 17.35
30.98 17.33
30.98 17.3
30.98 17.36
30.98 17.26
30.98 17.39
30.98 17.3
30.98 17.25
29.84 17.3
30.98 17.26
30.98 17.28
30.98 17.25
30.98 17.25
32.12 17.27
30.98 17.37
30.98 17.23
32.12 17.31
32.12 17.31
30.98 17.33
32.12 17.31
32.12 17.19
30.98 17.28
30.98 17.29
30.98 17.23
30.98 17.3
30.98 17.25
32.12 17.22
30.98 17.25
32.12 17.24
30.98 17.18
30.98 17.27
32.12 17.24
32.12 17.23
30.98 17.28
32.12 17.39
30.98 17.16
32.12 17.16
30.98 17.19
32.12 17.23
30.98 17.19
30.98 17.24
30.98 17.19
30.98 17.26
32.12 17.25
32.12 17.2
32.12 17.21
30.98 17.12
30.98 17.24
32.12 17.22
32.12 17.26
32.12 17.13
32.12 17.2
30.98 17.1
32.12 17.19
32.12 17.19
32.12 17.18
32.12 17.14
32.12 17.18
