48.08 124920.0
48.08 124940.0
46.94 124960.0
48.08 124980.0
48.08 125000.0
48.08 125020.0
48.08 125040.0
46.94 125060.0
46.94 125080.0
46.94 125100.0
48.08 125120.0
48.08 125140.0
48.08 125160.0
48.08 125180.0
48.08 125200.0
48.08 125220.0
48.08 125240.0
48.08 125260.0
48.08 125280.0
48.08 125300.0
48.08 125320.0
48.08 125340.0
48.08 125360.0
48.08 125380.0
48.08 125400.0
48.08 125420.0
48.08 125440.0
48.08 125460.0
48.08 125480.0
48.08 125500.0
48.08 125520.0
48.08 125540.0
48.08 125560.0
48.08 125580.0
48.08 125600.0
48.08 125620.0
48.08 125640.0
48.08 125660.0
48.08 125680.0
48.08 125700.0
48.08 125720.0
48.08 125740.0
48.08 125760.0
48.08 125780.0
48.08 125800.0
48.08 125820.0
48.08 125840.0
48.08 125860.0
48.08 125880.0
48.08 125900.0
48.08 125920.0
48.08 125940.0
48.08 125960.0
48.08 125980.0
48.08 126000.0
48.08 126020.0
46.94 126040.0
48.08 126060.0
48.08 126080.0
48.08 126100.0
48.08 126120.0
48.08 126140.0
48.08 126160.0
48.08 126180.0
48.08 126200.0
48.08 126220.0
49.22 126240.0
48.08 126260.0
48.08 126280.0
48.08 126300.0
48.08 126320.0
48.08 126340.0
48.08 126360.0
48.08 126380.0
48.08 126400.0
48.08 126420.0
48.08 126440.0
48.08 126460.0
48.08 126480.0
48.08 126500.0
48.08 126520.0
48.08 126540.0
48.08 126560.0
48.08 126580.0
48.08 126600.0
48.08 126620.0
48.08 126640.0
48.08 126660.0
48.08 126680.0
48.08 126700.0
48.08 126720.0
48.08 126740.0
48.08 126760.0
48.08 126780.0
48.08 126800.0
48.08 126820.0
48.08 126840.0
48.08 126860.0
48.08 126880.0
48.08 126900.0
49.22 126920.0
48.08 126940.0
49.22 126960.0
48.08 126980.0
48.08 127000.0
48.08 127020.0
48.08 127040.0
48.08 127060.0
48.08 127080.0
48.08 127100.0
48.08 127120.0
48.08 127140.0
46.94 127160.0
48.08 127180.0
46.94 127200.0
48.08 127220.0
48.08 127240.0
48.08 127260.0
48.08 127280.0
48.08 127300.0
48.08 127320.0
48.08 127340.0
48.08 127360.0
48.08 127380.0
48.08 127400.0
48.08 127420.0
48.08 127440.0
48.08 127460.0
48.08 127480.0
48.08 127500.0
48.08 127520.0
48.08 127540.0
48.08 127560.0
48.08 127580.0
48.08 127600.0
48.08 127620.0
48.08 127640.0
48.08 127660.0
48.08 127680.0
48.08 127700.0
49.22 127720.0
48.08 127740.0
48.08 127760.0
48.08 127780.0
48.08 127800.0
48.08 127820.0
48.08 127840.0
48.08 127860.0
48.08 127880.0
48.08 127900.0
48.08 127920.0
48.08 127940.0
48.08 127960.0
48.08 127980.0
48.08 128000.0
48.08 128020.0
48.08 128040.0
48.08 128060.0
48.08 128080.0
48.08 128100.0
48.08 128120.0
46.94 128140.0
48.08 128160.0
48.08 128180.0
48.08 128200.0
48.08 128220.0
48.08 128240.0
48.08 128260.0
48.08 128280.0
48.08 128300.0
48.08 128320.0
49.22 128340.0
48.08 128360.0
48.08 128380.0
48.08 128400.0
46.94 128420.0
48.08 128440.0
48.08 128460.0
48.08 128480.0
48.08 128500.0
48.08 128520.0
48.08 128540.0
48.08 128560.0
48.08 128580.0
48.08 128600.0
48.08 128620.0
48.08 128640.0
48.08 128660.0
48.08 128680.0
48.08 128700.0
48.08 128720.0
48.08 128740.0
48.08 128760.0
48.08 128780.0
48.08 128800.0
48.08 128820.0
48.08 128840.0
48.08 128860.0
48.08 128880.0
48.08 128900.0
48.08 128920.0
48.08 128940.0
48.08 128960.0
48.08 128980.0
48.08 129000.0
48.08 129020.0
48.08 129040.0
48.08 129060.0
48.08 129080.0
48.08 129100.0
48.08 129120.0
48.08 129140.0
48.08 129160.0
48.08 129180.0
49.22 129200.0
48.08 129220.0
48.08 129240.0
48.08 129260.0
48.08 129280.0
48.08 129300.0
48.08 129320.0
48.08 129340.0
48.08 129360.0
48.08 129380.0
48.08 129400.0
48.08 129420.0
48.08 129440.0
48.08 129460.0
48.08 129480.0
48.08 129500.0
48.08 129520.0
48.08 129540.0
48.08 129560.0
48.08 129580.0
48.08 129600.0
48.08 129620.0
48.08 129640.0
48.08 129660.0
48.08 129680.0
48.08 129700.0
48.08 129720.0
48.08 129740.0
48.08 129760.0
48.08 129780.0
48.08 129800.0
48.08 129820.0
48.08 129840.0
48.08 129860.0
48.08 129880.0
48.08 129900.0
48.08 129920.0
48.08 129940.0
48.08 129960.0
48.08 129980.0
48.08 130000.0
48.08 130020.0
48.08 130040.0
49.22 130060.0
48.08 130080.0
48.08 130100.0
48.08 130120.0
48.08 130140.0
48.08 130160.0
48.08 130180.0
48.08 130200.0
48.08 130220.0
48.08 130240.0
48.08 130260.0
48.08 130280.0
48.08 130300.0
48.08 130320.0
49.22 130340.0
48.08 130360.0
48.08 130380.0
48.08 130400.0
48.08 130420.0
48.08 130440.0
48.08 130460.0
48.08 130480.0
48.08 130500.0
48.08 130520.0
48.08 130540.0
48.08 130560.0
48.08 130580.0
48.08 130600.0
48.08 130620.0
48.08 130640.0
48.08 130660.0
49.22 130680.0
48.08 130700.0
48.08 130720.0
48.08 130740.0
48.08 130760.0
48.08 130780.0
49.22 130800.0
48.08 130820.0
48.08 130840.0
48.08 130860.0
48.08 130880.0
48.08 130900.0
48.08 130920.0
48.08 130940.0
48.08 130960.0
48.08 130980.0
48.08 131000.0
48.08 131020.0
48.08 131040.0
48.08 131060.0
48.08 131080.0
48.08 131100.0
48.08 131120.0
48.08 131140.0
48.08 131160.0
48.08 131180.0
48.08 131200.0
48.08 131220.0
48.08 131240.0
46.94 131260.0
48.08 131280.0
48.08 131300.0
48.08 131320.0
48.08 131340.0
48.08 131360.0
48.08 131380.0
48.08 131400.0
48.08 131420.0
48.08 131440.0
48.08 131460.0
48.08 131480.0
48.08 131500.0
48.08 131520.0
48.08 131540.0
48.08 131560.0
48.08 131580.0
48.08 131600.0
48.08 131620.0
48.08 131640.0
48.08 131660.0
48.08 131680.0
48.08 131700.0
48.08 131720.0
48.08 131740.0
48.08 131760.0
48.08 131780.0
48.08 131800.0
48.08 131820.0
48.08 131840.0
48.08 131860.0
48.08 131880.0
48.08 131900.0
48.08 131920.0
48.08 131940.0
48.08 131960.0
48.08 131980.0
48.08 132000.0
48.08 132020.0
48.08 132040.0
49.22 132060.0
48.08 132080.0
48.08 132100.0
48.08 132120.0
48.08 132140.0
48.08 132160.0
48.08 132180.0
48.08 132200.0
48.08 132220.0
49.22 132240.0
48.08 132260.0
48.08 132280.0
48.08 132300.0
48.08 132320.0
48.08 132340.0
48.08 132360.0
49.22 132380.0
48.08 132400.0
48.08 132420.0
48.08 132440.0
48.08 132460.0
48.08 132480.0
48.08 132500.0
48.08 132520.0
48.08 132540.0
48.08 132560.0
48.08 132580.0
48.08 132600.0
48.08 132620.0
48.08 132640.0
48.08 132660.0
48.08 132680.0
48.08 132700.0
48.08 132720.0
48.08 132740.0
48.08 132760.0
48.08 132780.0
48.08 132800.0
48.08 132820.0
48.08 132840.0
48.08 132860.0
48.08 132880.0
48.08 132900.0
48.08 132920.0
48.08 132940.0
48.08 132960.0
48.08 132980.0
48.08 133000.0
49.22 133020.0
48.08 133040.0
48.08 133060.0
48.08 133080.0
48.08 133100.0
48.08 133120.0
48.08 133140.0
48.08 133160.0
49.22 133180.0
48.08 133200.0
48.08 133220.0
48.08 133240.0
48.08 133260.0
48.08 133280.0
48.08 133300.0
48.08 133320.0
48.08 133340.0
48.08 133360.0
48.08 133380.0
48.08 133400.0
49.22 133420.0
48.08 133440.0
48.08 133460.0
48.08 133480.0
48.08 133500.0
48.08 133520.0
48.08 133540.0
48.08 133560.0
48.08 133580.0
48.08 133600.0
48.08 133620.0
49.22 133640.0
48.08 133660.0
48.08 133680.0
48.08 133700.0
48.08 133720.0
48.08 133740.0
48.08 133760.0
49.22 133780.0
49.22 133800.0
48.08 133820.0
48.08 133840.0
48.08 133860.0
48.08 133880.0
49.22 133900.0
48.08 133920.0
48.08 133940.0
48.08 133960.0
48.08 133980.0
49.22 134000.0
48.08 134020.0
48.08 134040.0
48.08 134060.0
48.08 134080.0
48.08 134100.0
48.08 134120.0
48.08 134140.0
48.08 134160.0
48.08 134180.0
48.08 134200.0
48.08 134220.0
48.08 134240.0
48.08 134260.0
48.08 134280.0
48.08 134300.0
48.08 134320.0
48.08 134340.0
48.08 134360.0
48.08 134380.0
48.08 134400.0
48.08 134420.0
48.08 134440.0
48.08 134460.0
48.08 134480.0
48.08 134500.0
48.08 134520.0
48.08 134540.0
48.08 134560.0
48.08 134580.0
48.08 134600.0
46.94 134620.0
48.08 134640.0
48.08 134660.0
48.08 134680.0
49.22 134700.0
48.08 134720.0
48.08 134740.0
48.08 134760.0
48.08 134780.0
48.08 134800.0
48.08 134820.0
48.08 134840.0
48.08 134860.0
49.22 134880.0
49.22 134900.0
48.08 134920.0
49.22 134940.0
48.08 134960.0
48.08 134980.0
48.08 135000.0
48.08 135020.0
48.08 135040.0
48.08 135060.0
48.08 135080.0
48.08 135100.0
48.08 135120.0
48.08 135140.0
48.08 135160.0
48.08 135180.0
48.08 135200.0
48.08 135220.0
48.08 135240.0
48.08 135260.0
49.22 135280.0
49.22 135300.0
48.08 135320.0
49.22 135340.0
48.08 135360.0
48.08 135380.0
48.08 135400.0
48.08 135420.0
48.08 135440.0
48.08 135460.0
48.08 135480.0
48.08 135500.0
48.08 135520.0
48.08 135540.0
48.08 135560.0
48.08 135580.0
48.08 135600.0
48.08 135620.0
48.08 135640.0
48.08 135660.0
48.08 135680.0
48.08 135700.0
49.22 135720.0
48.08 135740.0
48.08 135760.0
48.08 135780.0
49.22 135800.0
48.08 135820.0
49.22 135840.0
48.08 135860.0
48.08 135880.0
48.08 135900.0
48.08 135920.0
48.08 135940.0
48.08 135960.0
48.08 135980.0
48.08 136000.0
48.08 136020.0
48.08 136040.0
48.08 136060.0
48.08 136080.0
48.08 136100.0
48.08 136120.0
48.08 136140.0
48.08 136160.0
48.08 136180.0
48.08 136200.0
48.08 136220.0
48.08 136240.0
48.08 136260.0
49.22 136280.0
48.08 136300.0
49.22 136320.0
48.08 136340.0
48.08 136360.0
48.08 136380.0
48.08 136400.0
48.08 136420.0
48.08 136440.0
48.08 136460.0
48.08 136480.0
48.08 136500.0
48.08 136520.0
48.08 136540.0
48.08 136560.0
49.22 136580.0
49.22 136600.0
48.08 136620.0
49.22 136640.0
49.22 136660.0
48.08 136680.0
48.08 136700.0
48.08 136720.0
48.08 136740.0
48.08 136760.0
48.08 136780.0
48.08 136800.0
49.22 136820.0
48.08 136840.0
48.08 136860.0
48.08 136880.0
48.08 136900.0
49.22 136920.0
48.08 136940.0
48.08 136960.0
49.22 136980.0
48.08 137000.0
48.08 137020.0
48.08 137040.0
48.08 137060.0
48.08 137080.0
48.08 137100.0
48.08 137120.0
48.08 137140.0
48.08 137160.0
48.08 137180.0
48.08 137200.0
48.08 137220.0
48.08 137240.0
48.08 137260.0
48.08 137280.0
48.08 137300.0
48.08 137320.0
48.08 137340.0
48.08 137360.0
48.08 137380.0
48.08 137400.0
48.08 137420.0
48.08 137440.0
48.08 137460.0
48.08 137480.0
48.08 137500.0
48.08 137520.0
48.08 137540.0
48.08 137560.0
48.08 137580.0
48.08 137600.0
48.08 137620.0
48.08 137640.0
48.08 137660.0
48.08 137680.0
49.22 137700.0
48.08 137720.0
49.22 137740.0
49.22 137760.0
48.08 137780.0
48.08 137800.0
49.22 137820.0
48.08 137840.0
48.08 137860.0
48.08 137880.0
48.08 137900.0
48.08 137920.0
49.22 137940.0
48.08 137960.0
48.08 137980.0
48.08 138000.0
48.08 138020.0
48.08 138040.0
48.08 138060.0
48.08 138080.0
48.08 138100.0
48.08 138120.0
48.08 138140.0
48.08 138160.0
49.22 138180.0
48.08 138200.0
48.08 138220.0
48.08 138240.0
48.08 138260.0
48.08 138280.0
48.08 138300.0
49.22 138320.0
48.08 138340.0
48.08 138360.0
48.08 138380.0
49.22 138400.0
48.08 138420.0
48.08 138440.0
48.08 138460.0
48.08 138480.0
48.08 138500.0
48.08 138520.0
49.22 138540.0
49.22 138560.0
48.08 138580.0
48.08 138600.0
48.08 138620.0
48.08 138640.0
48.08 138660.0
48.08 138680.0
48.08 138700.0
48.08 138720.0
49.22 138740.0
48.08 138760.0
48.08 138780.0
48.08 138800.0
48.08 138820.0
48.08 138840.0
48.08 138860.0
48.08 138880.0
49.22 138900.0
49.22 138920.0
48.08 138940.0
48.08 138960.0
48.08 138980.0
48.08 139000.0
49.22 139020.0
49.22 139040.0
49.22 139060.0
48.08 139080.0
48.08 139100.0
48.08 139120.0
48.08 139140.0
48.08 139160.0
49.22 139180.0
48.08 139200.0
48.08 139220.0
48.08 139240.0
48.08 139260.0
48.08 139280.0
48.08 139300.0
48.08 139320.0
49.22 139340.0
48.08 139360.0
48.08 139380.0
48.08 139400.0
49.22 139420.0
48.08 139440.0
48.08 139460.0
48.08 139480.0
48.08 139500.0
48.08 139520.0
48.08 139540.0
48.08 139560.0
49.22 139580.0
48.08 139600.0
48.08 139620.0
49.22 139640.0
48.08 139660.0
48.08 139680.0
48.08 139700.0
49.22 139720.0
48.08 139740.0
49.22 139760.0
48.08 139780.0
48.08 139800.0
48.08 139820.0
49.22 139840.0
48.08 139860.0
48.08 139880.0
48.08 139900.0
48.08 139920.0
48.08 139940.0
49.22 139960.0
48.08 139980.0
48.08 140000.0
49.22 140020.0
49.22 140040.0
48.08 140060.0
48.08 140080.0
48.08 140100.0
48.08 140120.0
48.08 140140.0
48.08 140160.0
48.08 140180.0
48.08 140200.0
49.22 140220.0
48.08 140240.0
48.08 140260.0
48.08 140280.0
48.08 140300.0
48.08 140320.0
48.08 140340.0
49.22 140360.0
48.08 140380.0
48.08 140400.0
48.08 140420.0
48.08 140440.0
48.08 140460.0
48.08 140480.0
49.22 140500.0
48.08 140520.0
49.22 140540.0
48.08 140560.0
49.22 140580.0
48.08 140600.0
48.08 140620.0
48.08 140640.0
49.22 140660.0
48.08 140680.0
48.08 140700.0
48.08 140720.0
48.08 140740.0
49.22 140760.0
48.08 140780.0
48.08 140800.0
48.08 140820.0
48.08 140840.0
48.08 140860.0
48.08 140880.0
48.08 140900.0
48.08 140920.0
48.08 140940.0
48.08 140960.0
48.08 140980.0
48.08 141000.0
48.08 141020.0
48.08 141040.0
48.08 141060.0
48.08 141080.0
48.08 141100.0
48.08 141120.0
48.08 141140.0
48.08 141160.0
48.08 141180.0
48.08 141200.0
48.08 141220.0
48.08 141240.0
48.08 141260.0
48.08 141280.0
49.22 141300.0
49.22 141320.0
48.08 141340.0
48.08 141360.0
49.22 141380.0
48.08 141400.0
49.22 141420.0
48.08 141440.0
48.08 141460.0
48.08 141480.0
49.22 141500.0
48.08 141520.0
48.08 141540.0
48.08 141560.0
48.08 141580.0
49.22 141600.0
49.22 141620.0
49.22 141640.0
48.08 141660.0
48.08 141680.0
49.22 141700.0
48.08 141720.0
48.08 141740.0
49.22 141760.0
49.22 141780.0
48.08 141800.0
48.08 141820.0
48.08 141840.0
48.08 141860.0
49.22 141880.0
49.22 141900.0
48.08 141920.0
48.08 141940.0
48.08 141960.0
48.08 141980.0
48.08 142000.0
48.08 142020.0
48.08 142040.0
48.08 142060.0
48.08 142080.0
48.08 142100.0
49.22 142120.0
48.08 142140.0
48.08 142160.0
49.22 142180.0
48.08 142200.0
49.22 142220.0
49.22 142240.0
48.08 142260.0
48.08 142280.0
48.08 142300.0
49.22 142320.0
49.22 142340.0
48.08 142360.0
48.08 142380.0
49.22 142400.0
49.22 142420.0
48.08 142440.0
48.08 142460.0
48.08 142480.0
49.22 142500.0
48.08 142520.0
48.08 142540.0
48.08 142560.0
49.22 142580.0
49.22 142600.0
48.08 142620.0
48.08 142640.0
49.22 142660.0
48.08 142680.0
48.08 142700.0
48.08 142720.0
48.08 142740.0
49.22 142760.0
48.08 142780.0
49.22 142800.0
48.08 142820.0
49.22 142840.0
48.08 142860.0
48.08 142880.0
48.08 142900.0
48.08 142920.0
49.22 142940.0
48.08 142960.0
48.08 142980.0
48.08 143000.0
48.08 143020.0
48.08 143040.0
48.08 143060.0
49.22 143080.0
49.22 143100.0
48.08 143120.0
48.08 143140.0
48.08 143160.0
48.08 143180.0
48.08 143200.0
49.22 143220.0
48.08 143240.0
48.08 143260.0
48.08 143280.0
48.08 143300.0
48.08 143320.0
49.22 143340.0
49.22 143360.0
48.08 143380.0
48.08 143400.0
48.08 143420.0
49.22 143440.0
48.08 143460.0
49.22 143480.0
48.08 143500.0
48.08 143520.0
48.08 143540.0
48.08 143560.0
48.08 143580.0
48.08 143600.0
49.22 143620.0
48.08 143640.0
48.08 143660.0
48.08 143680.0
48.08 143700.0
48.08 143720.0
48.08 143740.0
48.08 143760.0
48.08 143780.0
48.08 143800.0
48.08 143820.0
48.08 143840.0
49.22 143860.0
48.08 143880.0
48.08 143900.0
48.08 143920.0
48.08 143940.0
49.22 143960.0
49.22 143980.0
49.22 144000.0
48.08 144020.0
48.08 144040.0
49.22 144060.0
48.08 144080.0
48.08 144100.0
48.08 144120.0
48.08 144140.0
49.22 144160.0
48.08 144180.0
49.22 144200.0
49.22 144220.0
48.08 144240.0
49.22 144260.0
48.08 144280.0
49.22 144300.0
49.22 144320.0
49.22 144340.0
48.08 144360.0
49.22 144380.0
49.22 144400.0
48.08 144420.0
48.08 144440.0
49.22 144460.0
49.22 144480.0
49.22 144500.0
49.22 144520.0
49.22 144540.0
48.08 144560.0
48.08 144580.0
48.08 144600.0
48.08 144620.0
49.22 144640.0
48.08 144660.0
49.22 144680.0
48.08 144700.0
48.08 144720.0
48.08 144740.0
49.22 144760.0
48.08 144780.0
48.08 144800.0
48.08 144820.0
48.08 144840.0
49.22 144860.0
48.08 144880.0
48.08 144900.0
49.22 144920.0
49.22 144940.0
49.22 144960.0
49.22 144980.0
48.08 145000.0
48.08 145020.0
48.08 145040.0
48.08 145060.0
49.22 145080.0
49.22 145100.0
48.08 145120.0
49.22 145140.0
48.08 145160.0
49.22 145180.0
49.22 145200.0
49.22 145220.0
48.08 145240.0
48.08 145260.0
49.22 145280.0
49.22 145300.0
49.22 145320.0
48.08 145340.0
48.08 145360.0
48.08 145380.0
48.08 145400.0
48.08 145420.0
48.08 145440.0
48.08 145460.0
48.08 145480.0
49.22 145500.0
48.08 145520.0
48.08 145540.0
49.22 145560.0
48.08 145580.0
48.08 145600.0
48.08 145620.0
48.08 145640.0
48.08 145660.0
49.22 145680.0
48.08 145700.0
49.22 145720.0
49.22 145740.0
48.08 145760.0
49.22 145780.0
49.22 145800.0
48.08 145820.0
49.22 145840.0
49.22 145860.0
49.22 145880.0
48.08 145900.0
48.08 145920.0
49.22 145940.0
49.22 145960.0
49.22 145980.0
49.22 146000.0
49.22 146020.0
48.08 146040.0
49.22 146060.0
48.08 146080.0
48.08 146100.0
48.08 146120.0
49.22 146140.0
48.08 146160.0
48.08 146180.0
48.08 146200.0
48.08 146220.0
49.22 146240.0
49.22 146260.0
48.08 146280.0
48.08 146300.0
48.08 146320.0
48.08 146340.0
49.22 146360.0
48.08 146380.0
49.22 146400.0
49.22 146420.0
48.08 146440.0
49.22 146460.0
49.22 146480.0
48.08 146500.0
48.08 146520.0
48.08 146540.0
49.22 146560.0
48.08 146580.0
49.22 146600.0
48.08 146620.0
49.22 146640.0
48.08 146660.0
49.22 146680.0
48.08 146700.0
49.22 146720.0
49.22 146740.0
48.08 146760.0
48.08 146780.0
48.08 146800.0
49.22 146820.0
48.08 146840.0
49.22 146860.0
49.22 146880.0
48.08 146900.0
48.08 146920.0
48.08 146940.0
48.08 146960.0
48.08 146980.0
49.22 147000.0
48.08 147020.0
48.08 147040.0
48.08 147060.0
49.22 147080.0
48.08 147100.0
49.22 147120.0
48.08 147140.0
48.08 147160.0
49.22 147180.0
49.22 147200.0
48.08 147220.0
48.08 147240.0
49.22 147260.0
49.22 147280.0
48.08 147300.0
49.22 147320.0
48.08 147340.0
48.08 147360.0
48.08 147380.0
48.08 147400.0
48.08 147420.0
48.08 147440.0
48.08 147460.0
49.22 147480.0
48.08 147500.0
49.22 147520.0
48.08 147540.0
48.08 147560.0
48.08 147580.0
48.08 147600.0
48.08 147620.0
49.22 147640.0
48.08 147660.0
48.08 147680.0
48.08 147700.0
49.22 147720.0
49.22 147740.0
48.08 147760.0
49.22 147780.0
49.22 147800.0
48.08 147820.0
49.22 147840.0
48.08 147860.0
48.08 147880.0
49.22 147900.0
48.08 147920.0
48.08 147940.0
49.22 147960.0
48.08 147980.0
48.08 148000.0
49.22 148020.0
48.08 148040.0
49.22 148060.0
49.22 148080.0
49.22 148100.0
48.08 148120.0
49.22 148140.0
49.22 148160.0
48.08 148180.0
49.22 148200.0
48.08 148220.0
48.08 148240.0
48.08 148260.0
48.08 148280.0
49.22 148300.0
48.08 148320.0
48.08 148340.0
48.08 148360.0
48.08 148380.0
48.08 148400.0
48.08 148420.0
49.22 148440.0
48.08 148460.0
49.22 148480.0
49.22 148500.0
49.22 148520.0
49.22 148540.0
49.22 148560.0
49.22 148580.0
49.22 148600.0
49.22 148620.0
49.22 148640.0
48.08 148660.0
48.08 148680.0
48.08 148700.0
48.08 148720.0
48.08 148740.0
48.08 148760.0
49.22 148780.0
49.22 148800.0
49.22 148820.0
49.22 148840.0
48.08 148860.0
49.22 148880.0
49.22 148900.0
48.08 148920.0
48.08 148940.0
48.08 148960.0
49.22 148980.0
49.22 149000.0
49.22 149020.0
49.22 149040.0
49.22 149060.0
48.08 149080.0
48.08 149100.0
48.08 149120.0
49.22 149140.0
49.22 149160.0
48.08 149180.0
49.22 149200.0
48.08 149220.0
48.08 149240.0
49.22 149260.0
49.22 149280.0
48.08 149300.0
48.08 149320.0
48.08 149340.0
48.08 149360.0
48.08 149380.0
49.22 149400.0
48.08 149420.0
48.08 149440.0
48.08 149460.0
48.08 149480.0
49.22 149500.0
49.22 149520.0
48.08 149540.0
48.08 149560.0
49.22 149580.0
49.22 149600.0
48.08 149620.0
48.08 149640.0
49.22 149660.0
48.08 149680.0
48.08 149700.0
48.08 149720.0
49.22 149740.0
49.22 149760.0
48.08 149780.0
49.22 149800.0
48.08 149820.0
49.22 149840.0
48.08 149860.0
48.08 149880.0
48.08 149900.0
49.22 149920.0
49.22 149940.0
49.22 149960.0
49.22 149980.0
49.22 150000.0
48.08 150020.0
48.08 150040.0
49.22 150060.0
49.22 150080.0
48.08 150100.0
48.08 150120.0
48.08 150140.0
49.22 150160.0
48.08 150180.0
48.08 150200.0
49.22 150220.0
48.08 150240.0
49.22 150260.0
48.08 150280.0
48.08 150300.0
48.08 150320.0
48.08 150340.0
49.22 150360.0
49.22 150380.0
48.08 150400.0
48.08 150420.0
49.22 150440.0
49.22 150460.0
49.22 150480.0
49.22 150500.0
49.22 150520.0
49.22 150540.0
48.08 150560.0
49.22 150580.0
48.08 150600.0
49.22 150620.0
49.22 150640.0
48.08 150660.0
49.22 150680.0
48.08 150700.0
49.22 150720.0
48.08 150740.0
48.08 150760.0
48.08 150780.0
48.08 150800.0
48.08 150820.0
48.08 150840.0
48.08 150860.0
49.22 150880.0
48.08 150900.0
49.22 150920.0
48.08 150940.0
49.22 150960.0
48.08 150980.0
48.08 151000.0
49.22 151020.0
48.08 151040.0
48.08 151060.0
49.22 151080.0
48.08 151100.0
48.08 151120.0
49.22 151140.0
48.08 151160.0
49.22 151180.0
48.08 151200.0
48.08 151220.0
49.22 151240.0
48.08 151260.0
48.08 151280.0
49.22 151300.0
48.08 151320.0
48.08 151340.0
49.22 151360.0
48.08 151380.0
49.22 151400.0
49.22 151420.0
48.08 151440.0
49.22 151460.0
49.22 151480.0
48.08 151500.0
48.08 151520.0
49.22 151540.0
49.22 151560.0
48.08 151580.0
49.22 151600.0
49.22 151620.0
48.08 151640.0
48.08 151660.0
48.08 151680.0
49.22 151700.0
49.22 151720.0
49.22 151740.0
49.22 151760.0
49.22 151780.0
49.22 151800.0
49.22 151820.0
49.22 151840.0
48.08 151860.0
48.08 151880.0
48.08 151900.0
48.08 151920.0
48.08 151940.0
48.08 151960.0
49.22 151980.0
48.08 152000.0
49.22 152020.0
48.08 152040.0
49.22 152060.0
49.22 152080.0
49.22 152100.0
49.22 152120.0
49.22 152140.0
48.08 152160.0
49.22 152180.0
48.08 152200.0
48.08 152220.0
48.08 152240.0
49.22 152260.0
49.22 152280.0
49.22 152300.0
49.22 152320.0
49.22 152340.0
49.22 152360.0
49.22 152380.0
49.22 152400.0
49.22 152420.0
48.08 152440.0
49.22 152460.0
48.08 152480.0
48.08 152500.0
49.22 152520.0
49.22 152540.0
48.08 152560.0
49.22 152580.0
49.22 152600.0
49.22 152620.0
48.08 152640.0
49.22 152660.0
48.08 152680.0
49.22 152700.0
49.22 152720.0
49.22 152740.0
49.22 152760.0
49.22 152780.0
49.22 152800.0
49.22 152820.0
48.08 152840.0
48.08 152860.0
49.22 152880.0
49.22 152900.0
48.08 152920.0
48.08 152940.0
48.08 152960.0
49.22 152980.0
49.22 153000.0
49.22 153020.0
48.08 153040.0
49.22 153060.0
49.22 153080.0
48.08 153100.0
49.22 153120.0
48.08 153140.0
49.22 153160.0
48.08 153180.0
49.22 153200.0
49.22 153220.0
49.22 153240.0
49.22 153260.0
49.22 153280.0
48.08 153300.0
49.22 153320.0
48.08 153340.0
49.22 153360.0
48.08 153380.0
49.22 153400.0
48.08 153420.0
49.22 153440.0
49.22 153460.0
48.08 153480.0
49.22 153500.0
49.22 153520.0
48.08 153540.0
48.08 153560.0
48.08 153580.0
48.08 153600.0
