25.28 17.49
25.28 17.41
25.28 17.5
26.42 17.35
27.56 17.37
27.56 17.44
27.56 17.24
27.56 17.25
27.56 17.35
28.7 17.27
28.7 17.28
28.7 17.18
29.84 17.2
28.7 17.17
29.84 17.2
29.84 17.2
29.84 17.17
29.84 17.12
29.84 17.22
30.98 17.14
30.98 17.16
30.98 17.15
29.84 17.11
29.84 17.05
30.98 16.91
30.98 17.0
30.98 16.98
30.98 16.98
30.98 16.9
30.98 16.9
30.98 16.93
30.98 16.93
32.12 16.9
30.98 16.96
32.12 17.03
32.12 16.95
32.12 16.99
32.12 16.84
32.12 16.88
32.12 17.01
30.98 16.95
32.12 16.94
32.12 16.95
32.12 16.89
32.12 16.88
32.12 16.88
33.26 16.91
33.26 16.7
33.26 16.57
33.26 16.57
32.12 16.73
32.12 16.58
33.26 16.62
33.26 16.66
33.26 16.62
32.12 16.66
33.26 16.66
33.26 16.62
33.26 16.59
32.12 16.66
33.26 16.66
33.26 16.68
33.26 16.75
33.26 16.77
33.26 16.77
32.12 16.75
33.26 16.72
33.26 16.7
34.4 16.78
32.12 16.71
33.26 16.78
33.26 16.77
33.26 16.66
33.26 16.65
34.4 16.58
33.26 16.64
33.26 16.65
33.26 16.69
33.26 16.63
34.4 16.48
34.4 16.6
33.26 16.49
33.26 16.56
33.26 16.52
34.4 16.4
33.26 16.47
34.4 16.48
33.26 16.46
34.4 16.54
33.26 16.45
33.26 16.5
34.4 16.44
34.4 16.48
33.26 16.37
34.4 16.43
34.4 16.45
34.4 16.48
33.26 16.48
34.4 16.34
34.4 16.45
34.4 16.3
34.4 16.41
34.4 16.44
34.4 16.4
34.4 16.41
34.4 16.51
34.4 16.41
35.54 16.46
34.4 16.38
34.4 16.41
35.54 16.39
35.54 16.45
34.4 16.5
34.4 16.4
34.4 16.32
34.4 16.42
35.54 16.35
34.4 16.44
34.4 16.41
35.54 16.49
35.54 16.38
35.54 16.36
35.54 16.3
34.4 16.33
35.54 16.35
34.4 16.39
35.54 16.43
35.54 16.29
34.4 16.29
35.54 16.28
35.54 16.31
35.54 16.29
34.4 16.16
35.54 16.25
35.54 16.31
35.54 16.13
35.54 16.21
35.54 16.13
35.54 16.2
35.54 16.16
35.54 16.24
35.54 16.24
35.54 16.2
36.68 16.12
36.68 16.17
35.54 16.12
35.54 16.19
36.68 16.12
36.68 16.2
35.54 16.3
35.54 16.24
35.54 16.18
36.68 16.13
35.54 16.22
36.68 16.23
35.54 16.18
35.54 16.17
36.68 16.1
36.68 16.2
36.68 16.19
36.68 16.23
36.68 16.19
35.54 16.3
36.68 16.17
35.54 16.24
36.68 16.19
36.68 16.05
35.54 16.2
36.68 16.13
36.68 16.17
36.68 16.14
36.68 16.18
36.68 16.09
36.68 16.2
36.68 16.12
36.68 16.28
37.82 16.07
36.68 16.18
37.82 16.19
36.68 16.05
36.68 16.19
36.68 16.13
36.68 16.12
37.82 16.1
36.68 16.05
36.68 16.09
36.68 16.12
36.68 16.05
37.82 16.02
36.68 16.11
36.68 16.08
36.68 16.04
37.82 16.03
36.68 16.08
37.82 15.99
37.82 15.98
37.82 16.01
36.68 15.95
36.68 15.87
36.68 16.08
37.82 15.96
37.82 15.97
36.68 15.97
37.82 15.9
36.68 16.02
37.82 15.97
36.68 16.04
37.82 15.91
37.82 16.0
37.82 15.88
37.82 15.96
37.82 15.97
37.82 15.93
36.68 15.94
37.82 15.95
37.82 15.93
37.82 16.0
37.82 15.9
37.82 15.98
37.82 15.93
37.82 15.91
36.68 16.05
37.82 16.01
37.82 16.0
36.68 16.01
37.82 16.03
37.82 15.97
37.82 15.87
37.82 16.04
37.82 15.89
37.82 15.94
37.82 15.94
37.82 15.96
37.82 15.97
37.82 15.96
37.82 16.02
37.82 15.96
37.82 15.92
37.82 16.01
37.82 15.84
37.82 15.9
37.82 15.94
37.82 15.85
37.82 15.83
36.68 15.93
37.82 15.87
37.82 15.9
37.82 15.9
37.82 15.88
37.82 15.84
37.82 15.9
37.82 15.87
37.82 15.83
37.82 15.81
37.82 15.84
38.96 15.81
37.82 15.86
37.82 15.83
37.82 15.83
38.96 15.83
37.82 15.83
38.96 15.84
38.96 15.88
38.96 15.87
37.82 15.8
37.82 15.88
38.96 15.89
37.82 15.87
37.82 15.79
37.82 15.91
38.96 15.81
38.96 15.8
38.96 15.78
38.96 15.77
38.96 15.82
38.96 15.82
38.96 15.74
38.96 15.74
38.96 15.76
38.96 15.72
38.96 15.77
38.96 15.81
38.96 15.7
38.96 15.73
38.96 15.68
38.96 15.71
38.96 15.68
38.96 15.66
40.1 15.65
38.96 15.59
38.96 15.67
38.96 15.66
38.96 15.64
37.82 15.75
38.96 15.69
38.96 15.62
38.96 15.69
38.96 15.62
38.96 15.72
37.82 15.78
38.96 15.72
38.96 15.76
38.96 15.62
38.96 15.73
38.96 15.75
38.96 15.64
38.96 15.6
38.96 15.85
38.96 15.72
38.96 15.68
38.96 15.79
37.82 15.65
38.96 15.76
38.96 15.69
38.96 15.62
40.1 15.79
38.96 15.62
38.96 15.66
38.96 15.69
40.1 15.66
38.96 15.69
38.96 15.87
38.96 15.67
38.96 15.77
38.96 15.66
38.96 15.76
38.96 15.78
40.1 15.71
38.96 15.77
38.96 15.69
40.1 15.7
38.96 15.66
38.96 15.65
38.96 15.67
38.96 15.65
38.96 15.66
40.1 15.64
38.96 15.68
38.96 15.62
40.1 15.61
38.96 15.66
38.96 15.59
38.96 15.64
38.96 15.61
38.96 15.58
38.96 15.62
40.1 15.6
38.96 15.61
40.1 15.58
40.1 15.68
38.96 15.53
40.1 15.59
40.1 15.68
40.1 15.53
40.1 15.53
40.1 15.58
40.1 15.55
38.96 15.58
40.1 15.49
40.1 15.43
38.96 15.61
38.96 15.46
38.96 15.53
40.1 15.46
40.1 15.46
40.1 15.53
40.1 15.48
38.96 15.58
40.1 15.48
38.96 15.49
40.1 15.52
40.1 15.66
40.1 15.51
40.1 15.51
40.1 15.52
40.1 15.48
41.24 15.5
41.24 15.53
41.24 15.42
40.1 15.59
40.1 15.45
40.1 15.49
40.1 15.52
40.1 15.51
40.1 15.41
41.24 15.48
40.1 15.44
40.1 15.44
41.24 15.48
40.1 15.48
41.24 15.38
41.24 15.46
40.1 15.44
40.1 15.52
41.24 15.4
40.1 15.42
41.24 15.52
41.24 15.4
41.24 15.48
42.38 15.38
41.24 15.52
40.1 15.51
40.1 15.44
41.24 15.46
41.24 15.45
41.24 15.42
40.1 15.48
41.24 15.54
41.24 15.39
41.24 15.5
41.24 15.46
40.1 15.45
41.24 15.39
41.24 15.48
41.24 15.5
41.24 15.4
41.24 15.49
41.24 15.48
41.24 15.46
41.24 15.38
41.24 15.39
41.24 15.49
41.24 15.34
41.24 15.49
41.24 15.45
41.24 15.52
41.24 15.41
41.24 15.4
42.38 15.42
41.24 15.39
41.24 15.35
41.24 15.43
41.24 15.41
41.24 15.41
42.38 15.36
42.38 15.33
41.24 15.25
42.38 15.37
41.24 15.34
41.24 15.35
41.24 15.34
41.24 15.4
41.24 15.35
42.38 15.26
41.24 15.32
41.24 15.22
42.38 15.28
41.24 15.21
41.24 15.29
41.24 15.38
41.24 15.26
42.38 15.3
42.38 15.28
41.24 15.39
41.24 15.24
42.38 15.2
41.24 15.25
41.24 15.29
42.38 15.28
42.38 15.34
42.38 15.25
42.38 15.28
41.24 15.24
41.24 15.23
42.38 15.26
42.38 15.23
41.24 15.31
41.24 15.14
42.38 15.22
42.38 15.27
41.24 15.35
42.38 15.24
41.24 15.38
42.38 15.35
42.38 15.23
42.38 15.24
42.38 15.18
42.38 15.29
42.38 15.12
41.24 15.28
42.38 15.19
42.38 15.16
43.52 15.27
42.38 15.21
42.38 15.2
42.38 15.28
43.52 15.18
42.38 15.2
42.38 15.24
42.38 15.23
42.38 15.13
42.38 15.1
42.38 15.2
42.38 15.18
43.52 15.22
42.38 15.21
42.38 15.2
42.38 15.16
42.38 15.29
42.38 15.03
42.38 15.11
42.38 15.23
42.38 15.15
43.52 15.25
42.38 15.09
42.38 15.08
42.38 15.18
42.38 15.14
42.38 15.06
41.24 15.23
42.38 15.2
42.38 15.08
42.38 15.19
42.38 15.13
43.52 15.08
42.38 15.19
43.52 15.21
43.52 15.11
43.52 15.21
43.52 15.14
42.38 15.18
42.38 15.09
43.52 15.08
42.38 15.17
43.52 15.12
42.38 15.11
43.52 15.12
43.52 15.22
42.38 15.12
43.52 15.03
42.38 15.15
42.38 15.13
42.38 15.11
43.52 15.13
43.52 15.05
43.52 15.04
43.52 15.09
43.52 15.09
43.52 15.1
43.52 15.13
43.52 15.1
43.52 15.2
42.38 15.08
43.52 15.06
43.52 15.05
43.52 15.07
43.52 15.06
43.52 15.13
42.38 15.1
43.52 15.1
43.52 15.04
43.52 15.15
42.38 15.02
43.52 15.04
43.52 15.11
42.38 15.04
43.52 15.02
43.52 15.04
43.52 15.0
43.52 15.08
43.52 15.06
43.52 15.0
43.52 15.03
43.52 15.03
43.52 15.02
43.52 15.03
43.52 15.02
43.52 15.08
42.38 14.98
43.52 14.98
42.38 15.0
44.66 14.98
43.52 15.09
43.52 15.03
43.52 15.02
43.52 14.99
44.66 15.05
43.52 15.02
43.52 15.06
44.66 15.04
44.66 14.94
43.52 15.06
42.38 14.99
43.52 15.02
43.52 14.99
43.52 14.97
43.52 15.04
43.52 15.0
44.66 15.0
44.66 14.97
43.52 14.96
43.52 15.01
43.52 14.99
43.52 14.93
44.66 15.0
43.52 14.99
43.52 15.06
44.66 14.95
43.52 14.98
43.52 14.95
43.52 14.98
43.52 14.96
43.52 14.89
43.52 15.06
43.52 15.01
43.52 15.03
43.52 15.04
43.52 15.02
43.52 14.94
43.52 14.96
44.66 14.96
43.52 14.97
43.52 14.89
44.66 14.92
43.52 14.92
44.66 14.93
43.52 14.87
43.52 14.94
43.52 15.03
43.52 14.93
43.52 14.94
43.52 14.9
43.52 14.98
43.52 14.89
43.52 15.01
43.52 14.96
44.66 14.98
44.66 14.93
44.66 14.94
44.66 14.91
44.66 15.0
43.52 14.91
44.66 14.97
44.66 15.01
44.66 14.89
43.52 14.94
43.52 14.88
44.66 14.91
44.66 14.91
44.66 14.9
44.66 14.91
43.52 14.89
43.52 14.91
44.66 14.88
44.66 14.91
43.52 14.91
44.66 14.91
43.52 14.87
44.66 14.86
44.66 14.84
43.52 14.83
43.52 14.94
43.52 14.87
44.66 14.8
43.52 14.9
44.66 14.88
44.66 14.87
44.66 14.87
44.66 14.85
43.52 14.86
44.66 14.87
44.66 14.8
44.66 14.95
44.66 14.87
43.52 14.94
44.66 14.83
44.66 14.87
44.66 14.83
44.66 14.89
44.66 14.86
44.66 14.85
44.66 14.83
43.52 14.87
44.66 14.87
44.66 14.83
44.66 14.88
43.52 14.88
44.66 14.88
44.66 14.89
44.66 14.9
44.66 14.87
44.66 14.81
44.66 14.83
44.66 14.81
44.66 14.91
44.66 14.85
45.8 14.84
44.66 14.83
44.66 14.79
44.66 14.85
45.8 14.86
44.66 14.77
44.66 14.77
44.66 14.84
44.66 14.83
44.66 14.82
44.66 14.88
45.8 14.9
44.66 14.72
44.66 14.81
45.8 14.83
45.8 14.75
45.8 14.75
44.66 14.85
44.66 14.82
44.66 14.8
44.66 14.78
44.66 14.78
44.66 14.79
44.66 14.76
44.66 14.77
44.66 14.69
44.66 14.79
45.8 14.82
44.66 14.79
44.66 14.76
44.66 14.77
45.8 14.78
44.66 14.83
45.8 14.78
43.52 14.69
44.66 14.7
44.66 14.74
44.66 14.69
45.8 14.84
45.8 14.81
44.66 14.75
44.66 14.75
44.66 14.65
45.8 14.76
44.66 14.75
44.66 14.77
45.8 14.78
45.8 14.76
44.66 14.71
44.66 14.75
45.8 14.69
44.66 14.76
44.66 14.71
45.8 14.66
45.8 14.71
45.8 14.74
45.8 14.71
45.8 14.83
44.66 14.72
45.8 14.67
45.8 14.76
44.66 14.74
45.8 14.75
44.66 14.73
44.66 14.69
45.8 14.72
45.8 14.73
44.66 14.67
44.66 14.78
44.66 14.65
45.8 14.74
45.8 14.73
45.8 14.72
45.8 14.77
45.8 14.71
45.8 14.72
45.8 14.71
45.8 14.74
44.66 14.64
45.8 14.74
45.8 14.66
45.8 14.67
45.8 14.78
44.66 14.72
44.66 14.69
45.8 14.71
45.8 14.69
44.66 14.71
45.8 14.7
45.8 14.74
45.8 14.75
45.8 14.66
45.8 14.66
44.66 14.67
45.8 14.67
45.8 14.63
45.8 14.68
45.8 14.66
45.8 14.75
45.8 14.69
46.94 14.63
45.8 14.58
45.8 14.62
45.8 14.71
45.8 14.84
45.8 14.67
45.8 14.63
45.8 14.61
45.8 14.68
45.8 14.7
45.8 14.66
45.8 14.71
45.8 14.62
45.8 14.65
45.8 14.69
45.8 14.65
45.8 14.7
45.8 14.68
44.66 14.72
45.8 14.63
45.8 14.61
45.8 14.55
45.8 14.69
45.8 14.63
45.8 14.57
44.66 14.71
45.8 14.69
45.8 14.73
45.8 14.62
45.8 14.73
45.8 14.72
45.8 14.61
45.8 14.66
45.8 14.65
45.8 14.67
44.66 14.65
45.8 14.67
45.8 14.64
45.8 14.69
45.8 14.7
44.66 14.67
44.66 14.63
44.66 14.65
45.8 14.63
46.94 14.65
45.8 14.6
45.8 14.73
45.8 14.69
45.8 14.63
45.8 14.73
45.8 14.69
45.8 14.66
45.8 14.56
45.8 14.68
45.8 14.53
45.8 14.6
45.8 14.63
45.8 14.68
45.8 14.58
45.8 14.63
45.8 14.65
45.8 14.6
46.94 14.64
45.8 14.62
44.66 14.61
45.8 14.64
45.8 14.57
45.8 14.58
45.8 14.67
45.8 14.7
45.8 14.63
45.8 14.64
45.8 14.56
45.8 14.65
45.8 14.66
45.8 14.59
45.8 14.52
45.8 14.59
44.66 14.51
45.8 14.56
45.8 14.54
45.8 14.6
45.8 14.64
45.8 14.61
45.8 14.54
45.8 14.61
45.8 14.61
45.8 14.61
45.8 14.62
45.8 14.6
45.8 14.53
46.94 14.62
45.8 14.58
46.94 14.58
45.8 14.53
46.94 14.59
46.94 14.58
45.8 14.55
46.94 14.56
45.8 14.58
46.94 14.58
45.8 14.57
45.8 14.55
45.8 14.53
46.94 14.58
46.94 14.63
46.94 14.62
46.94 14.63
45.8 14.54
45.8 14.54
46.94 14.55
45.8 14.51
46.94 14.6
45.8 14.67
46.94 14.58
45.8 14.57
46.94 14.59
45.8 14.53
45.8 14.51
46.94 14.6
46.94 14.57
46.94 14.54
45.8 14.55
46.94 14.54
45.8 14.53
46.94 14.59
46.94 14.56
46.94 14.58
45.8 14.52
48.08 14.55
46.94 14.58
46.94 14.49
45.8 14.56
45.8 14.51
46.94 14.46
45.8 14.56
46.94 14.45
45.8 14.51
46.94 14.57
46.94 14.57
46.94 14.67
45.8 14.55
45.8 14.51
46.94 14.55
45.8 14.52
45.8 14.59
45.8 14.51
46.94 14.46
46.94 14.48
46.94 14.63
46.94 14.52
45.8 14.49
46.94 14.54
46.94 14.47
46.94 14.48
45.8 14.53
46.94 14.45
45.8 14.5
46.94 14.48
45.8 14.56
45.8 14.45
46.94 14.45
46.94 14.55
46.94 14.52
46.94 14.48
46.94 14.52
45.8 14.5
46.94 14.58
45.8 14.55
48.08 14.51
46.94 14.49
46.94 14.52
46.94 14.49
46.94 14.46
46.94 14.51
46.94 14.5
46.94 14.52
46.94 14.53
46.94 14.48
45.8 14.53
46.94 14.44
46.94 14.46
46.94 14.49
46.94 14.43
45.8 14.48
46.94 14.53
46.94 14.6
46.94 14.57
46.94 14.58
46.94 14.48
45.8 14.55
45.8 14.55
46.94 14.55
46.94 14.59
45.8 14.48
46.94 14.48
45.8 14.47
46.94 14.4
46.94 14.51
46.94 14.47
46.94 14.57
46.94 14.54
46.94 14.44
46.94 14.47
46.94 14.43
46.94 14.51
46.94 14.53
48.08 14.5
46.94 14.5
46.94 14.53
46.94 14.51
45.8 14.54
46.94 14.51
46.94 14.55
46.94 14.56
46.94 14.42
46.94 14.55
46.94 14.49
46.94 14.51
46.94 14.45
46.94 14.48
46.94 14.51
46.94 14.52
46.94 14.57
46.94 14.47
46.94 14.44
46.94 14.5
46.94 14.45
46.94 14.37
46.94 14.49
46.94 14.36
46.94 14.47
45.8 14.44
45.8 14.43
46.94 14.52
46.94 14.5
46.94 14.55
46.94 14.41
45.8 14.44
46.94 14.44
46.94 14.44
46.94 14.51
46.94 14.39
46.94 14.46
48.08 14.49
48.08 14.48
46.94 14.44
46.94 14.36
46.94 14.45
46.94 14.47
46.94 14.48
46.94 14.52
46.94 14.44
46.94 14.51
46.94 14.52
46.94 14.45
46.94 14.49
46.94 14.42
48.08 14.42
46.94 14.39
46.94 14.39
46.94 14.45
46.94 14.4
46.94 14.47
46.94 14.48
46.94 14.49
46.94 14.43
46.94 14.4
46.94 14.4
46.94 14.52
46.94 14.46
46.94 14.42
46.94 14.55
46.94 14.55
46.94 14.46
46.94 14.51
46.94 14.41
46.94 14.5
46.94 14.44
48.08 14.43
46.94 14.51
46.94 14.38
46.94 14.39
46.94 14.38
46.94 14.46
46.94 14.41
46.94 14.47
46.94 14.51
48.08 14.4
46.94 14.4
46.94 14.51
46.94 14.5
46.94 14.36
46.94 14.47
46.94 14.45
46.94 14.43
48.08 14.48
46.94 14.49
48.08 14.46
46.94 14.53
46.94 14.41
46.94 14.38
46.94 14.53
46.94 14.49
48.08 14.48
46.94 14.46
45.8 14.45
46.94 14.51
46.94 14.5
46.94 14.34
46.94 14.39
46.94 14.47
46.94 14.42
46.94 14.41
46.94 14.48
46.94 14.45
46.94 14.4
46.94 14.49
45.8 14.44
45.8 14.45
46.94 14.5
48.08 14.43
46.94 14.42
46.94 14.39
46.94 14.41
46.94 14.47
46.94 14.5
46.94 14.44
46.94 14.44
46.94 14.4
46.94 14.4
46.94 14.42
46.94 14.53
46.94 14.47
46.94 14.44
46.94 14.42
46.94 14.45
46.94 14.42
46.94 14.43
46.94 14.47
46.94 14.38
48.08 14.39
46.94 14.44
46.94 14.45
46.94 14.37
46.94 14.41
46.94 14.46
48.08 14.44
46.94 14.49
46.94 14.5
46.94 14.38
46.94 14.51
46.94 14.39
46.94 14.51
48.08 14.43
46.94 14.41
46.94 14.38
46.94 14.38
48.08 14.47
46.94 14.45
46.94 14.39
46.94 14.46
46.94 14.49
46.94 14.47
46.94 14.54
46.94 14.43
46.94 14.43
48.08 14.4
46.94 14.43
46.94 14.41
46.94 14.43
46.94 14.36
48.08 14.43
48.08 14.41
46.94 14.4
46.94 14.42
46.94 14.47
48.08 14.43
46.94 14.35
46.94 14.44
46.94 14.39
46.94 14.41
46.94 14.37
46.94 14.48
48.08 14.35
48.08 14.41
46.94 14.45
48.08 14.42
48.08 14.38
48.08 14.45
48.08 14.46
46.94 14.47
46.94 14.44
46.94 14.5
46.94 14.41
46.94 14.43
46.94 14.46
46.94 14.45
46.94 14.44
48.08 14.42
46.94 14.48
46.94 14.36
46.94 14.45
46.94 14.39
48.08 14.47
48.08 14.41
46.94 14.41
46.94 14.42
46.94 14.39
48.08 14.39
46.94 14.39
46.94 14.4
46.94 14.39
46.94 14.43
46.94 14.4
48.08 14.37
48.08 14.39
46.94 14.47
46.94 14.43
48.08 14.35
46.94 14.44
46.94 14.39
48.08 14.44
46.94 14.43
48.08 14.41
46.94 14.37
46.94 14.34
46.94 14.39
46.94 14.38
48.08 14.38
46.94 14.42
46.94 14.4
46.94 14.38
46.94 14.39
48.08 14.43
48.08 14.36
48.08 14.42
48.08 14.39
46.94 14.35
46.94 14.43
48.08 14.44
48.08 14.36
48.08 14.37
46.94 14.36
46.94 14.4
46.94 14.36
46.94 14.34
48.08 14.37
48.08 14.41
46.94 14.38
48.08 14.41
46.94 14.41
48.08 14.39
48.08 14.33
46.94 14.37
48.08 14.45
48.08 14.47
46.94 14.38
48.08 14.34
46.94 14.5
46.94 14.41
46.94 14.41
46.94 14.37
46.94 14.35
46.94 14.33
46.94 14.43
46.94 14.34
48.08 14.47
48.08 14.33
48.08 14.39
48.08 14.36
48.08 14.39
48.08 14.31
48.08 14.31
46.94 14.3
48.08 14.37
48.08 14.38
48.08 14.36
46.94 14.37
48.08 14.37
48.08 14.45
48.08 14.34
46.94 14.29
46.94 14.37
46.94 14.4
48.08 14.33
48.08 14.39
46.94 14.36
48.08 14.47
48.08 14.29
46.94 14.29
46.94 14.34
46.94 14.41
46.94 14.39
48.08 14.39
48.08 14.29
46.94 14.39
48.08 14.42
48.08 14.3
46.94 14.37
46.94 14.4
48.08 14.45
46.94 14.26
48.08 14.38
48.08 14.36
48.08 14.37
48.08 14.4
46.94 14.38
48.08 14.42
46.94 14.4
48.08 14.42
48.08 14.37
46.94 14.39
48.08 14.39
48.08 14.31
46.94 14.27
46.94 14.25
48.08 14.3
46.94 14.35
48.08 14.34
48.08 14.4
48.08 14.37
48.08 14.32
46.94 14.25
48.08 14.33
48.08 14.35
48.08 14.33
48.08 14.35
46.94 14.37
48.08 14.39
48.08 14.41
46.94 14.45
48.08 14.44
46.94 14.38
48.08 14.38
48.08 14.24
48.08 14.35
48.08 14.3
46.94 14.27
46.94 14.28
48.08 14.3
46.94 14.35
48.08 14.26
48.08 14.35
48.08 14.36
48.08 14.22
46.94 14.38
48.08 14.37
48.08 14.32
46.94 14.39
48.08 14.27
48.08 14.31
46.94 14.38
48.08 14.32
46.94 14.26
48.08 14.4
46.94 14.33
48.08 14.35
48.08 14.28
48.08 14.35
48.08 14.33
48.08 14.43
48.08 14.24
48.08 14.2
48.08 14.31
48.08 14.37
48.08 14.28
48.08 14.31
48.08 14.32
48.08 14.35
46.94 14.21
48.08 14.33
48.08 14.29
48.08 14.33
48.08 14.27
48.08 14.3
48.08 14.45
46.94 14.42
48.08 14.35
46.94 14.31
48.08 14.45
48.08 14.22
48.08 14.19
48.08 14.08
49.22 14.13
48.08 14.27
48.08 14.25
48.08 14.28
48.08 14.31
48.08 14.41
48.08 14.27
49.22 14.23
48.08 14.35
48.08 14.33
48.08 14.24
48.08 14.33
48.08 14.3
48.08 14.34
48.08 14.34
48.08 14.27
48.08 14.26
48.08 14.18
48.08 14.28
48.08 14.28
48.08 14.32
48.08 14.28
48.08 14.27
48.08 14.28
48.08 14.24
48.08 14.29
48.08 14.33
48.08 14.25
48.08 14.29
48.08 14.29
48.08 14.19
48.08 14.29
48.08 14.25
48.08 14.26
48.08 14.27
48.08 14.3
48.08 14.28
48.08 14.3
46.94 14.33
48.08 14.23
49.22 14.26
48.08 14.21
48.08 14.26
