49.90399999999996 -11.253200000000007
50.48283999999995 -11.666832000000007
50.50002839999996 -11.631868320000002
50.46600028399997 -11.643818683200003
50.37446000283995 -11.596038186832002
50.48754460002837 -11.661360381868322
50.48867544600028 -11.730413603818686
50.38608675445997 -11.754804136038196
50.32806086754457 -11.752848041360389
50.32748060867538 -11.760928480413606
50.281874806086705 -11.769009284804142
50.23581874806082 -11.737590092848045
50.132758187480604 -11.804375900928482
50.14312758187479 -11.725843759009285
50.13183127581873 -11.7863584375901
50.131718312758196 -11.783263584375904
50.08611718312756 -11.758732635843762
50.085661171831255 -11.806287326358436
50.119856611718276 -11.816062873263588
50.10879856611719 -11.780560628732644
50.00608798566115 -11.810905606287333
49.94806087985658 -11.77610905606288
50.00448060879855 -11.748461090560633
50.210244806087964 -11.753684610905614
50.155302448060844 -11.745336846109064
50.12055302448057 -11.796953368461091
50.22280553024478 -11.806569533684614
49.96162805530243 -11.76346569533685
49.913416280552994 -11.768834656953372
49.95853416280549 -11.783388346569536
49.981785341628026 -11.794933883465694
49.936417853416245 -11.828949338834654
49.65096417853413 -11.845689493388345
49.54550964178531 -11.803056894933889
49.66985509641781 -11.809030568949343
49.65969855096415 -11.799790305689497
49.55699698550961 -11.7939979030569
49.24816996985507 -11.830839979030573
49.188081699698515 -11.843308399790308
49.40408081699696 -11.83303308399791
49.42904080816992 -10.755300000000002
49.497690408081645 -11.802553000000003
49.065176904080765 -11.844025530000003
49.026651769040754 -11.825040255300003
49.20866651769036 -11.817850402553004
49.427086665176866 -11.827078504025533
49.07587086665172 -11.896870785040253
48.91275870866647 -11.885468707850409
48.93392758708662 -11.846554687078507
48.82013927587084 -10.913599999999999
48.47700139275866 -11.846236000000001
48.64457001392754 -11.825262360000002
48.82864570013924 -3.0340000000000003
49.00148645700135 -11.714540000000005
48.94621486456997 -11.7655454
48.91146214864567 -6.2033000000000005
48.87691462148641 -11.761433000000004
48.80816914621482 -11.829114330000005
48.84168169146211 -9.645299999999999
48.465816816914575 -11.883552999999996
48.610258168169096 -11.882235530000004
48.64590258168163 -11.798322355300007
48.72605902581677 -11.771083223553008
48.73826059025812 -11.742510832235535
48.681382605902535 -6.684400000000003
48.69221382605897 -11.769944000000004
48.70372213826055 -11.837799440000001
48.77223722138257 -11.7798779944
48.79572237221377 -11.808298779944
48.76175722372208 -11.763282987799448
48.727217572237166 -11.769232829877994
48.749672175722324 -11.789192328298789
48.72709672175718 -6.283
48.70407096721753 -11.733630000000005
48.70384070967212 -11.800336300000009
48.66963840709667 -11.766803363000008
48.69209638407093 -11.779968033630006
48.89752096384066 -11.793699680336301
48.979375209638356 -11.79883699680337
48.92319375209633 -11.79398836996804
49.05943193752092 -11.780539883699692
49.09499431937516 -11.807705398837001
49.04974994319372 -11.821877053988379
49.34569749943191 -11.790218770539889
49.43985697499429 -11.837402187705404
49.4863985697499 -11.846974021877056
49.47546398569746 -11.814869740218775
49.52095463985695 -11.84094869740219
49.49860954639854 -11.80210948697402
49.464186095463944 -11.78232109486975
49.4866418609546 -11.8023232109487
49.54386641860951 -11.80572323210949
49.59003866418606 -11.825257232321094
49.430900386641824 -11.82215257232321
49.46350900386639 -11.88292152572323
49.72603509003864 -11.865029215257234
49.61466035090035 -11.83635029215258
49.64774660350898 -11.883263502921524
49.53407746603505 -11.813232635029221
49.40754077466032 -11.905432326350292
49.45187540774656 -11.809054323263508
49.418118754077426 -11.807690543232637
49.1897811875407 -11.780376905432329
48.594697811875356 -11.822803769054328
48.74834697811872 -11.80092803769055
48.71568346978113 -11.793309280376905
48.61275683469776 -11.798433092803771
48.66872756834693 -11.829484330928041
48.657887275683414 -4.2281
48.52097887275675 -11.74218100000001
48.246009788727534 -11.777721810000003
48.437060097887226 -11.785477218100006
48.484570600978834 -5.826500000000001
48.47364570600975 -11.785765000000003
48.325336457060104 -11.554257650000004
48.96225336457058 -11.749542576500005
49.56142253364568 -11.843995425765007
