21.88279999999998 -11.1829
22.865427999999994 -11.386529000000007
23.251454280000004 -11.368165290000006
23.6543145428 -11.462181652900007
23.95474314542801 -11.474921816529012
24.208547431454306 -11.485749218165294
24.860885474314582 -11.422757492181661
25.528608854743165 -11.485627574921818
25.968486088547458 -11.516056275749227
26.3034848608855 -11.518460562757507
26.63743484860889 -11.516484605627584
26.800374348486116 -11.54646484605629
26.973003743484874 -11.558964648460574
27.38513003743484 -11.554289646484618
27.765451300374313 -11.609342896464858
27.8262545130037 -11.62839342896466
27.986462545129985 -11.60178393428965
28.364264625451266 -11.537017839342907
28.949442646254482 -11.625470178393439
29.092094426462523 -11.631954701783942
29.230320944264598 -11.63031954701785
29.59650320944265 -11.651003195470189
29.748365032094448 -11.639610031954708
29.886683650320926 -11.636196100319554
29.73986683650321 -11.604261961003205
30.171598668365053 -11.630842619610043
31.122115986683607 -11.628508426196113
32.385621159866794 -11.628685084261972
32.295656211598626 -11.624986850842625
32.02115656211595 -11.627749868508438
32.53141156562111 -11.644977498685094
32.44531411565616 -11.63234977498686
32.250653141156505 -11.59882349774988
32.29430653141151 -11.55178823497751
