27.970399999999973 11.455000000000005
28.22730399999996 11.863849999999998
28.15007303999997 11.848038499999996
28.137900730399956 11.919480384999995
28.26317900730396 11.93849480384999
28.15043179007301 11.966584948038498
28.001104317900687 11.918865849480385
28.375811043178974 11.973188658494797
28.767158110431755 11.97133188658494
28.725471581104294 12.026813318865852
28.782054715811004 12.038068133188661
29.124620547158084 12.05878068133189
29.19644620547154 12.065087806813315
29.60756446205472 12.08595087806813
29.794075644620555 12.070459508780681
30.03534075644623 12.103404595087804
30.163153407564486 12.11773404595088
30.14163153407566 12.078677340459512
30.130016315340782 12.101786773404596
30.20970016315343 12.116317867734049
30.404297001631562 12.123763178677336
30.417642970016335 12.091137631786768
30.73697642970019 12.102311376317866
30.956769764297015 12.10082311376317
31.050167697642987 12.103208231137625
30.994101676976452 12.117532082311373
31.586341016769744 12.104575320823113
31.808863410167675 12.105645753208227
32.369688634101614 12.084956457532082
32.29549688634096 12.09314956457532
32.31755496886335 12.089231495645755
32.477375549688574 12.054492314956455
