22.03099999999998 -13.171800000000008
23.20891 -13.334517999999994
23.881889100000013 -13.32544518
24.287618891000015 -13.335454451799999
24.542476188910033 -13.341254544518009
24.795824761889108 -13.378612545445181
24.946558247618917 -13.377786125454454
25.60926558247621 -13.448377861254551
26.185892655824794 -13.332783778612542
26.339858926558286 -13.175227837786126
26.51239858926562 -13.292452278377864
26.68512398589269 -13.469824522783783
27.063051239858943 -13.327898245227843
27.37463051239857 -13.352178982452278
27.628546305123955 -13.346421789824523
27.8134854630512 -13.233864217898244
28.031934854630464 -13.25303864217898
28.307719348546257 -13.258630386421792
28.470077193485427 -13.25468630386422
28.72250077193482 -13.245946863038649
28.873225007719316 -13.268159468630389
29.045732250077165 -13.268181594686315
29.070257322500744 -13.314081815946864
29.27570257322498 -13.325240818159473
29.44875702573224 -13.331452408181601
29.51888757025732 -13.31941452408182
29.62218887570257 -13.329894145240822
29.76002188875704 -13.318498941452413
29.875400218887563 -13.301484989414519
30.01335400218889 -13.282914849894148
30.048933540021906 -13.27222914849894
30.094889335400236 -13.257022291484997
30.072548893354014 -13.254070222914843
30.15212548893356 -13.242540702229157
30.141521254889355 -13.24342540702229
30.209815212548918 -13.229734254070221
30.233298152125503 -13.217797342540702
30.23353298152127 -13.213977973425408
30.347535329815223 -13.204939779734257
30.588075353298176 -13.196749397797337
30.647480753532992 -13.186367493977974
30.693674807535345 -13.195063674939776
30.88793674807537 -13.163750636749398
31.015279367480776 -13.18923750636749
31.050752793674825 -13.173492375063677
31.187907527936762 -13.160334923750643
31.063879075279388 -13.155403349237504
31.393238790752793 -13.156854033492378
31.396532387907538 -13.151968540334924
31.168565323879083 -13.134619685403354
31.120685653238795 -13.135546196854033
30.90360685653241 -13.134355461968545
30.912836068565344 -13.123243554619691
31.10672836068567 -13.1091324355462
31.097267283606875 -5.4453000000000005
31.15417267283608 -13.035553000000004
31.26874172672837 -13.102955530000004
31.133087417267298 -13.075729555300006
31.25713087417268 -13.091557295553004
31.417971308741727 -13.079915572955537
31.658979713087398 -13.10039915572956
32.01478979713083 -13.109103991557303
32.06394789797127 -13.110691039915578
32.06443947897967 -9.2208
32.21264439478975 -13.086708000000003
32.06592644394786 -13.13086708
32.31525926443941 -13.138808670800003
32.37475259264433 -13.149688086708002
32.46654752592638 -13.157196880867083
32.456065475259194 -13.15447196880868
32.45596065475252 -13.145344719688087
32.421759606547454 -13.14635344719688
32.39861759606541 -13.144463534471972
32.4667861759606 -13.14574463534472
32.52446786175955 -13.156357446353445
32.60484467861754 -13.146263574463536
32.74244844678615 -13.151162635744633
32.88062448446786 -13.150911626357447
32.92760624484467 -13.158709116263578
