19.659799999999983 14.402899999999997
20.47199800000001 14.656928999999993
20.89051998000001 14.621269289999995
21.430505199799992 14.634412692899996
21.78930505199797 14.612344126929
22.08929305051995 14.602423441269291
22.24049293050517 14.384224234412686
22.32180492930503 14.480442242344122
22.516418049293033 14.380004422423434
22.746364180492918 14.375200044224234
22.999463641804933 14.425352000442231
23.172994636418046 14.405453520004407
23.300129946364187 14.369354535200035
23.49520129946365 14.184193545351992
23.57695201299464 14.316141935453507
23.748769520129958 14.32166141935453
23.556687695201298 14.293216614193538
23.554766876952016 14.263632166141926
23.896747668769525 14.253236321661404
24.025567476687705 14.211932363216613
24.083855674766895 14.232819323632155
24.141438556747676 14.29702819323632
24.324414385567493 14.325570281932352
24.417444143855697 14.374555702819318
24.509574441438577 14.364245557028184
24.442095744414402 14.352442455570271
24.487020957444155 14.3852244245557
24.533070209574465 14.368252244245548
24.579130702095753 14.111882522442453
24.545391307020974 14.222418825224413
24.72745391307022 14.359924188252236
24.603874539130715 14.380899241882508
24.77363874539134 14.335408992418813
24.775336387453937 14.306254089924177
24.649953363874555 14.186362540899232
24.785499533638763 14.11076362540899
24.752654995336414 14.12780763625409
24.889126549953367 14.100978076362544
25.12989126549954 14.116409780763625
25.109498912655013 14.104464097807629
25.109294989126564 14.106944640978078
25.325892949891294 14.106569446409774
25.48765892949893 14.075965694464102
25.455076589295018 14.176959656944634
25.500350765892964 14.122969596569437
25.58060350765895 14.193629695965688
25.54720603507662 14.152036296959652
25.60387206035078 14.128820362969595
25.661438720603524 14.16388820362969
25.605014387206054 13.965338882036294
25.44485014387208 13.969253388820357
25.568648501438748 14.119492533888197
25.70668648501442 14.118194925338882
25.78786686485017 14.108081949253387
25.87987866864853 14.081980819492532
25.75539878668652 14.142819808194922
25.74275398786689 14.068328198081943
25.890827539878696 14.10978328198082
26.097508275398813 14.099497832819807
26.019775082754023 14.090394978328197
25.93919775082757 13.975603949783276
25.6647919775083 14.18505603949783
25.71904791977511 14.143950560394973
25.753790479197775 14.093839505603949
26.004937904792005 14.123838395056039
25.927649379047942 14.095138383950564
26.21187649379052 14.084351383839502
26.07791876493793 14.09354351383839
26.30457918764941 14.113035435138379
26.227045791876527 14.172830354351374
26.271870457918805 14.075628303543516
26.14691870457922 14.000256283035423
26.168469187045826 14.02700256283035
26.25988469187049 14.1485700256283
26.488798846918744 14.14318570025628
26.263087988469227 14.09773185700255
26.386230879884728 14.105877318570016
26.44446230879889 14.0759587731857
26.308244623088022 13.93265958773185
26.39808244623092 14.088326595877316
26.15958082446235 14.113983265958764
26.373795808244655 14.153539832659584
26.398737958082485 14.120035398326598
26.36478737958086 14.10130035398327
26.50124787379584 14.076613003539828
26.400012478738 14.063966130035391
26.490200124787417 14.061439661300353
26.468302001247913 14.095314396613006
26.616283020012517 14.160953143966124
26.60636283020016 14.169509531439658
26.686063628302037 14.175295095314393
26.58426063628305 14.160352950953133
26.64024260636287 14.171103529509523
26.61800242606366 14.18501103529509
26.492380024260672 14.192950110352951
26.673523800242638 14.157229501103524
26.73233523800246 14.057172295011032
26.653123352380064 14.043971722950104
26.777731233523827 14.0783397172295
26.721977312335266 14.045883397172295
26.778419773123378 14.045458833971718
26.858784197731257 14.064354588339711
26.916587841977336 14.099543545883394
26.837365878419796 14.08909543545883
26.847973658784227 14.090090954354585
26.722679736587875 14.097000909543546
26.83542679736591 13.960270009095428
26.847954267973684 14.120702700090948
26.91647954267976 14.092007027000909
27.042564795426806 14.138820070270006
27.306025647954257 14.105688200702698
27.29726025647954 14.095656882007022
27.1831726025648 14.103056568820056
27.330231726025644 14.087430565688198
27.115102317260266 14.073074305656876
27.06735102317262 14.061330743056567
27.02127351023174 14.086213307430562
27.032212735102327 14.081962133074308
27.15772212735103 14.037719621330739
27.204577221273507 13.893077196213296
27.148045772212736 14.041930771962127
27.28428045772212 14.05491930771962
27.103242804577235 14.097449193077193
27.329432428045763 14.088074491930762
27.57109432428043 14.106480744919304
27.72171094324277 14.071864807449188
27.711817109432396 14.059718648074496
27.780118171094283 14.046897186480734
27.746601181710908 13.914168971864806
27.712066011817072 14.064041689718646
27.723120660118138 14.043840416897183
27.825831206601148 14.062738404168961
27.849658312065973 14.047827384041684
27.747296583120622 14.02707827384041
27.871672965831166 14.027470782738403
27.918516729658272 14.018374707827384
27.930385167296546 14.014183747078276
27.896303851672926 14.025941837470784
27.941563038516687 14.013559418374696
28.01041563038513 13.991935594183742
28.033904156303812 13.986219355941834
28.079739041562995 13.988662193559419
28.228397390415584 14.028386621935585
28.058883973904116 14.026583866219344
28.18258883973901 13.97496583866219
28.172425888397356 13.969649658386619
28.343324258883946 13.992196496583864
28.4818332425888 13.991921964965833
28.483218332425853 13.978619219649648
28.52883218332423 13.960086192196488
28.46088832183321 13.949000861921963
28.540008883218302 13.931090008619218
28.700400088832154 13.982610900086193
28.51960400088829 13.98442610900087
28.48359604000885 14.006944261090007
28.392035960400047 14.034169442610901
28.482320359603964 14.006341694426103
28.620023203596006 13.953563416944258
28.63280023203593 13.91943563416944
28.59872800232033 13.952394356341694
28.666787280023172 13.95882394356342
28.553467872800198 13.900988239435636
28.666334678727967 13.857909882394365
28.758663346787245 13.912879098823938
28.78238663346785 13.888328790988249
28.463423866334644 13.909783287909885
28.41463423866332 13.875897832879106
28.379946342386596 13.93375897832879
28.390999463423828 13.921737589783284
28.619109994634208 13.976817375897827
28.67839109994631 13.936668173758974
28.644783910999433 13.887766681737592
28.735647839109955 13.922077666817374
28.81635647839106 13.955220776668169
28.896963564783878 13.94915220776668
28.920569635647812 13.96729152207767
28.784005696356452 13.775772915220777
28.668640056963536 13.915057729152212
28.792886400569603 13.78785057729152
28.782728864005662 13.805178505772915
28.72562728864002 13.930651785057728
28.804856272886372 13.940806517850577
28.88544856272883 13.946608065178504
28.874854485627246 13.974466080651785
28.886148544856237 13.94184466080652
28.920461485448527 13.936418446608075
28.95500461485446 13.875864184466083
29.035150046148505 13.885558641844664
29.024551500461452 13.877755586418452
28.93324551500458 13.886077555864187
29.069132455150008 13.895260775558645
28.922291324551473 13.912652607755588
28.95502291324549 13.909826526077557
28.97815022913242 13.907698265260777
29.103781502291294 13.91007698265261
29.059437815022886 13.902700769826522
29.081794378150207 13.925127007698261
29.127617943781484 13.913051270076982
29.10527617943779 13.883530512700773
29.11645276179435 13.867435305127014
29.219164527617917 13.878574353051285
29.174591645276173 13.867585743530517
29.231145916452732 13.875875857435313
29.197511459164506 13.873758758574354
29.15157511459162 13.846737587585757
29.2309157511459 13.86526737587586
29.220309157511437 13.860752673758764
29.402603091575106 13.862707526737593
29.46142603091573 13.869327075267377
29.43921426030914 13.855693270752687
29.530192142603074 13.84255693270753
29.439901921426017 13.850125569327076
29.552999019214248 13.86700125569328
29.542729990192132 13.852670012556937
29.576827299901908 13.858426700125571
29.634168272999013 13.87288426700126
29.38394168272997 13.84512884267002
29.256039416827278 13.845751288426706
29.414360394168273 13.85095751288427
29.43874360394167 13.84920957512885
29.4845874360394 13.84659209575129
29.576245874360406 13.830365920957517
29.588562458743596 13.84850365920958
29.645685624587422 13.719685036592102
29.349856856245847 13.84419685036593
29.449498568562436 13.842441968503667
29.63289498568561 13.864724419685054
29.566328949856853 13.860947244196858
29.63406328949857 13.838009472441975
29.463740632894964 13.848680094724422
29.359437406328933 13.860386800947255
29.688994374063274 13.839003868009481
29.772089943740635 13.850190038680102
29.7159208994374 13.860101900386804
29.760959208994386 13.85320101900387
29.898209592089955 13.842832010190047
29.945182095920913 13.848528320101911
29.91145182095922 13.817085283201024
29.911114518209587 13.896270852832018
29.89971114518211 13.897562708528321
29.956597111451842 13.914175627085283
30.014165971114526 13.848941756270863
29.95774165971116 13.874889417562708
29.97997741659714 13.888348894175625
30.014399774165973 13.909583488941758
30.003343997741677 13.895195834889426
30.060233439977434 13.711351958348896
29.981002334399783 13.882413519583498
30.082810023344017 13.861924135195848
30.140828100233456 13.883519241351964
30.004608281002355 14.100035192413513
29.969046082810028 13.959000351924137
29.78629046082811 14.029290003519243
29.9440629046083 13.939292900035191
29.911440629046105 14.106792929000349
29.99091440629047 14.076467929290004
30.082909144062928 14.035364679292895
30.004029091440636 14.055653646792926
30.01464029091442 13.97995653646792
29.94634640290915 13.978099565364671
30.014063464029114 13.963980995653639
30.071740634640307 13.967639809956529
30.003917406346417 13.975476398099566
30.071639174063485 13.855354763980985
29.969716391740644 13.98345354763981
29.91169716391742 14.022834535476397
29.94531697163918 14.019928345354753
30.048253169716418 14.037399283453537
30.04928253169718 14.043173992834532
30.060692825316995 14.026531739928346
30.174806928253187 14.016165317399276
30.10754806928254 13.864061653173989
30.027075480692837 14.00294061653173
29.980670754806937 14.024029406165317
30.003006707548092 14.020640294061655
29.98043006707547 14.057006402940615
29.911804300670767 14.045870064029396
29.94531804300672 14.048958700640291
29.88865318043007 14.037089587006397
29.86528653180431 13.911970895870061
29.92205286531805 14.019219708958696
29.888420528653207 14.032392197089582
30.081884205286542 14.038023921970893
30.004018842052872 14.039780239219699
30.117240188420556 14.045497802392193
30.106972401884217 14.053054978023916
30.11826972401887 14.010430549780237
30.18678269724021 14.008804305497797
30.164667826972423 13.99208804305497
30.22144667826975 14.019320880430547
30.233414466782722 14.029493208804311
30.199334144667844 14.029894932088041
30.164793341446696 14.044098949320885
30.09604793341449 14.0679409894932
30.09536047933417 14.05677940989493
30.061153604793358 14.043767794098947
30.02661153604795 14.059437677940991
30.128866115360502 14.054194376779408
30.164088661153613 14.06424194376779
30.187240886611548 14.047942419437673
30.255872408866136 14.055279424194364
30.233758724088673 14.044552794241937
30.279137587240903 14.042945527942415
30.302391375872432 14.034429455279419
30.314023913758746 14.043444294552787
30.200140239137614 14.045134442945516
30.290201402391403 13.92325134442945
30.177102014023927 13.927132513444294
30.141771020140258 14.04837132513444
30.09581771020141 13.904683713251348
30.049758177102024 14.05644683713251
30.02649758177103 14.057864468371317
30.094664975817732 14.106778644683711
30.118146649758202 14.093067786446836
30.106981466497604 14.09443067786446
30.220869814665 13.945344306778633
30.290408698146667 14.090353443067778
