26.9786 13.688800000000013
27.134386000000003 13.841288000000015
27.033343860000013 13.849412880000006
26.975333438600018 13.86369412880001
26.849353334386027 13.862536941288004
26.836693533343887 13.868825369412878
26.927766935333462 13.877688253694135
26.67787766935337 13.91147688253694
26.812178776693564 13.843214768825376
27.030121787766948 13.653032147688263
26.975301217877686 13.405630321476892
26.974753012178795 13.785956303214778
27.111547530121793 13.919059563032144
27.14711547530122 13.819590595630329
27.04487115475303 13.797295905956318
27.066648711547536 13.805272959059577
27.237866487115472 13.697352729590602
27.011578664871173 13.712473527295906
27.21451578664871 13.737624735272968
27.455945157866466 13.718276247352735
27.709159451578625 13.720482762473539
27.871291594515743 13.761404827624744
27.964112915945112 13.774914048276253
28.238641129159408 13.775949140482773
28.29838641129156 13.777659491404838
28.36738386411288 13.778276594914066
28.470673838641098 13.745382765949149
28.733906738386377 13.744753827659501
28.82773906738383 13.727147538276602
28.897077390673804 13.738671475382775
28.954770773906713 13.717286714753829
28.943947707739042 13.704072867147545
29.046439477077364 13.699240728671477
29.161464394770764 13.664192407286716
29.162614643947673 13.671541924072864
29.242426146439453 13.661215419240731
29.345824261464394 13.652912154192416
29.415258242614623 13.504729121541931
29.73515258242614 13.646747291215432
29.74975152582428 13.646967472912161
29.704297515258233 13.649169674729128
29.806442975152564 13.633091696747298
29.967064429751535 13.63173091696748
29.991470644297532 13.61091730916968
30.037314706442988 13.6233091730917
30.037773147064453 13.626233091730917
30.140377731470668 13.612962330917316
30.141403777314732 13.602729623309182
30.130014037773165 14.6068272962331
30.186900140377755 13.623968272962331
30.278669001403795 13.584139682729633
30.461986690014058 13.605341396827304
30.452419866900158 13.596353413968286
30.429524198669014 13.59956353413969
30.440695241986717 13.581895635341402
30.45220695241989 13.588318956353428
30.611922069524212 13.606683189563539
30.522319220695273 13.593166831895646
30.601223192206966 13.576331668318971
30.670412231922093 13.573663316683199
30.77370412231924 13.581736633166837
30.854537041223207 14.557617366331678
30.68434537041226 13.564476173663323
30.76244345370414 13.554544761736647
30.75182443453706 13.558145447617376
30.6491182443454 13.57628145447618
30.568291182443474 13.594662814544773
30.590282911824445 13.60274662814546
30.556302829118266 13.598827466281463
30.5559630282912 13.612888274662826
30.738359630282925 13.61832888274663
30.83138359630284 13.628383288827461
30.86651383596304 13.620683832888291
31.094865138359637 13.610906838328885
30.94894865138359 13.611309068383303
31.175489486513833 13.607113090683844
31.268954894865132 13.614771130906849
31.440889548948658 13.594947711309079
31.511008895489482 13.605549477113097
31.933510088954858 13.599755494771141
31.97193510088951 13.598597554947721
