18.155000000000026 14.5222
18.79255000000002 14.680721999999989
19.152325500000003 14.732607220000004
19.509323254999984 14.720826072199998
19.763693232549976 14.773008260721998
19.982836932325487 14.717830082607225
19.962228369323242 14.532578300826076
20.577622283693245 14.527225783008253
20.982776222836943 14.611972257830077
21.03242776222838 14.6250197225783
21.283724277622287 14.523250197225778
21.32043724277622 14.647632501972256
22.073204372427725 14.59017632501972
22.171932043724254 14.546301763250192
22.37811932043722 14.637263017632495
22.56258119320436 14.65957263017632
22.45042581193203 14.582495726301765
23.007904258119314 14.321324957263016
23.02487904258118 14.364313249572627
23.2074487904258 14.335943132495718
23.346074487904254 14.34005943132496
23.575460744879052 14.341900594313243
23.953954607448804 14.37171900594313
23.934939546074496 14.298617190059426
24.02594939546076 14.296186171900588
24.163659493954626 14.308461861719003
24.17643659493956 14.27928461861718
24.199364365949418 14.239992846186164
24.30219364365951 14.226199928461854
24.143621936436613 14.218961999284602
24.31303621936439 14.232289619992834
24.360330362193658 14.240422896199924
24.33800330362196 14.327904228961991
24.40618003303624 14.347679042289617
24.49806180033038 14.393776790422889
24.567380618003323 14.271837767904223
24.511073806180047 14.380718377679035
24.71571073806182 14.371007183776777
25.071157107380632 14.354910071837757
25.04051157107382 14.328349100718372
25.302405115710762 14.289283491007179
25.55582405115713 14.209892834910068
25.569758240511597 14.261898928349092
25.569897582405137 14.290018989283485
25.71809897582408 14.177300189892824
25.810780989758268 14.233273001898922
25.914307809897615 14.26863273001899
25.926743078099012 14.336986327300185
25.881267430781023 14.246069863272995
26.063212674307838 14.320660698632723
26.213232126743108 14.442506606986319
26.134932321267456 14.426025066069851
26.04294932321272 14.406260250660688
26.144629493232163 14.412362602506601
26.293846294932358 14.326123626025062
26.112938462949355 14.267461236260244
25.99712938462953 14.287474612362598
25.847771293846332 14.412974746123627
26.199677712938495 14.312129747461231
26.453996777129422 14.290921297474604
26.445139967771325 14.276909212974745
26.51345139967775 14.23596909212974
26.66233451399681 14.124059690921294
26.641023345140002 14.115240596909207
26.652210233451434 14.122852405969084
26.75492210233454 14.147528524059682
26.73314922102336 14.13017528524059
26.846931492210253 14.124901752852404
26.779669314922124 14.133749017528517
26.801796693149246 14.113537490175286
26.528417966931524 14.12843537490175
26.628284179669343 14.12768435374901
26.845882841796705 14.21437684353748
26.437658828417995 14.182543768435364
26.650176588284204 14.18472543768435
27.222301765882843 14.232447254376828
27.433223017658808 14.273924472543765
27.537932230176562 14.05513924472544
27.69857932230173 14.078651392447249
27.688785793222987 14.134786513924471
27.779887857932184 14.121647865139236
27.86059887857928 14.110216478651399
27.83860598878575 14.093502164786507
27.906786059887818 14.067935021647857
