26.27180000000003 -13.964800000000002
26.511718000000037 -14.093147999999996
26.468517180000045 -14.063531480000002
26.445285171800037 -14.037935314799995
26.34245285171804 -14.034979353148008
26.102024528517212 -14.026049793531472
26.22502024528519 -13.989060497935304
26.31745020245289 -13.935790604979355
26.409574502024565 -13.892757906049802
26.37629574502028 -13.880427579060509
26.318962957450236 -13.878504275790613
26.341189629574536 -13.864885042757914
26.23881189629578 -13.82624885042759
25.895788118962987 -13.829762488504292
25.960757881189664 -13.807397624885054
25.84740757881192 -13.801173976248863
25.812074075788136 -13.763011739762497
25.81172074075791 -13.753930117397628
25.97131720740761 -13.757639301173986
25.93871317207411 -13.733376393011746
26.154987131720773 -13.729933763930116
26.305349871317244 -13.76779933763931
26.329653498713206 -13.804477993376402
26.455296534987166 -13.803444779933773
26.559152965349902 -13.822634447799349
26.74259152965353 -13.815726344478007
26.733025915296572 -13.81155726344479
26.778530259152994 -13.844615572634464
26.790385302591563 -13.831246155726351
26.961503853025935 -13.818712461557277
27.020215038530274 -13.820887124615586
27.16900215038531 -13.810208871246173
27.079290021503862 -13.802902088712473
27.22659290021504 -13.793229020887127
27.513065929002124 -13.670332290208878
27.40193065929001 -13.616203322902095
27.40081930659289 -13.618462033229031
27.275408193065918 -13.5873846203323
27.308354081930656 -13.604073846203335
27.445483540819293 -13.612740738462046
27.538054835408172 -13.589927407384625
27.424980548354064 -13.590299274073857
27.309849805483537 -13.606202992740746
27.33149849805483 -13.64946202992742
27.43431498498053 -13.630194620299287
27.355543149849794 -13.663401946202999
27.537155431498476 -13.647234019462042
27.561771554314955 -13.616672340194626
27.51641771554313 -13.644766723401949
27.470364177155417 -13.612447667234024
27.561103641771535 -13.608124476672344
27.653211036417687 -13.626581244766733
27.517332110364155 -13.631265812447678
27.401973321103632 -13.607912658124496
27.52621973321102 -13.58967912658126
27.618662197332082 -13.629896791265821
27.710786621973284 -13.560798967912667
27.814307866219693 -13.595607989679138
27.73554307866216 -13.5953560798968
27.734755430786585 -13.621653560798975
27.871547554307828 -13.625116535607997
28.055315475543033 -13.706251165356072
28.159753154755393 -13.621562511653572
28.103797531547517 -13.588415625116543
28.01203797531543 -13.604884156251167
28.182120379753123 -13.594848841562525
28.16102120379749 -13.571748488415635
28.27481021203794 -13.568717484884173
28.047948102120344 -13.607887174848852
28.39907948102116 -13.6360788717485
28.299990794810164 -13.5562607887175
28.34459990794806 -13.636462607887188
28.618645999079448 -13.65016462607888
28.450386459990767 -13.6414016462608
28.36890386459987 -13.613314016462617
28.368089038645973 -13.570833140164632
28.44788089038643 -13.582408331401655
28.482878808903823 -13.563224083314026
28.699828788089004 -13.577132240833148
28.793198287880852 -13.573971322408338
28.93093198287878 -13.624239713224084
28.795509319828756 -13.627142397132257
28.873955093198255 -13.590571423971335
28.908939550931954 -13.594905714239722
28.9890893955093 -13.556649057142408
28.92149089395506 -13.553666490571434
28.943614908939523 -13.567736664905727
28.98943614908937 -13.601277366649066
28.92149436149087 -13.619612773666503
29.03481494361488 -13.629096127736675
29.00174814943612 -13.644890961277374
29.069817481494333 -13.639248909612784
29.104698174814914 -13.631792489096137
29.25324698174813 -13.625617924890971
29.414332469817474 -13.646656179248918
29.256343324698147 -13.606566561792501
29.140763433246956 -13.540965665617938
29.26500763433244 -13.536709656656182
29.482850076343315 -13.562167096566576
29.542028500763426 -13.546521670965676
29.588220285007633 -13.561965216709668
29.280882202850062 -13.5561196521671
29.505808822028488 -13.57256119652168
29.633458088220276 -13.552425611965226
29.70313458088222 -13.535024256119666
29.76083134580883 -13.558250242561208
29.875408313458102 -13.577682502425624
29.808154083134582 -13.55857682502426
29.910081540831346 -13.597385768250254
29.69450081540829 -13.615273857682512
29.498545008154068 -13.614552738576833
29.49658545008154 -13.602545527385773
29.621965854500814 -13.588325455273871
29.657419658545027 -13.575883254552748
29.851574196585442 -13.567158832545537
29.830715741965864 -13.564571588325466
29.97870715741966 -13.572145715883266
30.02578707157421 -13.575721457158846
29.96925787071577 -13.535457214571604
30.048492578707183 -13.550954572145727
30.106284925787094 -13.547009545721458
30.049862849257885 -13.55997009545722
30.072098628492594 -13.602699700954581
30.02672098628494 -13.573826997009562
29.80966720986285 -13.5723382699701
29.85309667209863 -13.553523382699707
29.76233096672097 -13.543635233827013
29.8184233096672 -13.542836352338277
29.875984233096688 -13.568228363523396
29.97915984233098 -13.549782283635237
29.98019159842332 -13.527297822836358
29.820601915984234 -13.533972978228373
29.83040601915985 -13.547939729782296
29.762104060191618 -13.526979397297827
29.73862104060192 -13.500369793972977
29.738386210406006 -13.517003697939725
29.783983862104066 -13.51427003697941
29.716039838621032 -13.509442700369803
29.72676039838622 -13.542694427003704
29.726867603983855 -13.489926944270035
29.590068676039824 -13.492799269442703
29.565900686760394 -13.467727992694432
29.81645900686762 -13.533277279926955
29.864564590068685 -13.494132772799261
29.819445645900686 -13.465841327727988
29.830394456459018 -13.46665841327728
29.830503944564597 -13.476066584132774
29.71650503944565 -13.46416066584133
29.749565050394462 -13.460841606658407
29.875295650503958 -13.431908416066577
29.705552956505045 -13.41111908416066
29.749455529565054 -13.436911190841602
29.88669455529566 -13.487069111908424
29.89946694555296 -13.480970691119085
30.04779466945554 -13.512909706911202
30.03787794669457 -13.534329097069117
30.083378779466965 -13.479943290970688
29.981233787794675 -13.429699432909706
29.968812337877964 -13.406196994329095
30.048488123378796 -13.438861969943293
30.01508488123381 -13.414388619699439
29.99195084881235 -13.385743886196996
29.923319508488124 -13.352157438861969
30.036633195084896 -13.420121574388624
30.071966331950872 -13.383801215743885
30.11791966331953 -13.398538012157434
30.129779196633212 -13.381885380121576
30.22109779196635 -13.415318853801216
30.23341097791969 -13.424853188538014
30.153734109779215 -13.47084853188538
30.14153734109781 -13.438108485318857
30.118615373411 -13.364281084853195
30.09558615373411 -13.396242810848534
30.072555861537356 -13.448962428108489
30.083725558615388 -13.445689624281085
30.095237255586177 -13.444856896242806
30.106752372555878 -13.398848568962428
30.220867523725587 -13.412488485689625
30.187808675237278 -13.42562488485689
30.255878086752396 -13.409256248848562
30.313558780867538 -13.412092562488484
30.2457355878087 -13.433320925624882
30.222257355878106 -13.419433209256251
30.165022573558804 -13.40609433209256
30.16445022573561 -13.403860943320927
30.164444502257375 -13.440238609433214
30.278444445022597 -13.364802386094345
30.14278444445024 -13.369548023860936
30.209827844444526 -13.340695480238617
30.22189827844447 -13.359006954802389
30.199218982784465 -13.367890069548032
30.290192189827863 -13.384278900695481
30.393701921898305 -13.383542789006954
30.349137019219 -13.370235427890073
30.291691370192215 -13.383802354278906
30.177116913701937 -13.377038023542795
30.278571169137045 -13.375570380235434
30.279585711691393 -13.358155703802352
30.233995857116938 -13.34748155703803
30.244939958571194 -13.328174815570385
30.381849399585732 -13.34058174815571
30.212218493995877 -13.342605817481559
30.18772218493998 -13.344726058174817
30.17607722184942 -13.330347260581755
30.39256077221851 -13.330403472605813
30.292125607722205 -13.304904034726066
30.313921256077244 -13.33334904034726
30.393939212560795 -13.340733490403476
30.42893939212562 -13.333207334904031
30.315289393921276 -13.321932073349041
30.46235289393924 -13.314619320733495
30.3498235289394 -13.31154619320734
30.348698235289415 -13.301015461932082
30.462686982352917 -13.313310154619321
30.258626869823548 -13.329033101546194
30.370586268698254 -13.341290331015458
30.69090586268701 -13.317812903310159
30.830909058626894 -13.3191781290331
30.74110909058629 -13.314491781290332
30.626211090905887 -13.297844917812911
30.568062110909086 -13.300878449178134
30.601680621109107 -13.309708784491779
30.670416806211115 -13.300497087844926
30.79650416806213 -13.316704970878456
30.980165041680642 -13.310967049708786
30.902201650416828 -13.314709670497093
30.810222016504184 -13.31294709670498
30.820702220165057 -13.32292947096705
30.82080702220167 -13.305229294709665
30.98040807022203 -13.323752292947098
30.84520408070223 -13.320037522929479
31.026252040807044 -13.34090037522929
31.039462520408087 -13.337309003752297
31.016794625204103 -13.32727309003752
30.879767946252063 -13.330872730900378
30.85559767946254 -13.32280872730901
30.94655597679464 -13.32932808727309
30.981665559767965 -13.307093280872738
31.004816655597693 -13.354070932808733
31.050648166555987 -13.365340709328091
31.00550648166557 -13.353453407093289
31.050655064816674 -13.31213453407094
31.10810655064818 -13.373921345340714
31.1656810655065 -13.398239213453403
31.13205681065508 -13.42688239213454
31.120320568106564 -13.373668823921355
31.234203205681084 -13.302236688239216
31.178342032056825 -13.354822366882395
31.246183420320577 -13.32864822366882
31.212661834203217 -13.363586482236688
31.29212661834205 -13.615635864822368
31.395521266183422 -13.541656358648224
31.38515521266184 -13.515816563586487
31.396451552126624 -13.573858165635873
31.373764515521273 -13.618138581656355
31.396337645155217 -13.57308138581657
31.35096337645156 -13.553130813858171
31.475909633764516 -13.549131308138588
31.499959096337644 -13.500991313081386
31.44319959096338 -13.493709913130813
31.419831995909636 -13.488637099131303
31.328398319959106 -13.521286370991323
31.384483983199594 -13.512312863709917
31.453444839831995 -13.51522312863711
31.568134448398315 -13.556252231286381
31.557881344483977 -13.54426252231287
31.512178813444834 -13.556242625223142
31.47752178813445 -13.55456242625224
31.499975217881342 -13.57154562426253
31.40899975217882 -13.567015456242638
31.510689997521787 -13.541370154562436
31.488906899975213 -13.52011370154563
31.750889068999733 -13.553001137015462
31.81050889068997 -13.556030011370162
31.85670508890687 -13.547360300113716
31.91416705088903 -13.596273603001144
31.90334167050885 -13.575462736030023
31.983033416705048 -13.570054627360312
32.097830334167 -13.55580054627361
32.15597830334162 -13.55645800546274
32.031159783033374 -13.54866458005464
32.109711597830284 -13.568486645800556
32.06489711597826 -13.575484866458014
31.97324897115975 -13.557254848664586
31.858332489711575 -13.563472548486654
31.91418332489709 -13.576034725484872
31.83494183324894 -13.567860347254856
31.993749418332456 -13.572578603472556
31.72173749418331 -13.54242578603473
31.798817374941812 -13.550924257860355
31.61718817374941 -13.553009242578616
31.980171881737455 -13.5738300924258
32.13200171881732 -13.56443830092427
32.27032001718812 -13.564544383009252
32.18050320017183 -13.570145443830102
32.27080503200166 -13.569401454438312
32.28310805031995 -13.568594014544399
32.11223108050315 -13.57878594014545
32.15612231080498 -13.59448785940146
32.122361223107994 -13.580844878594025
32.11062361223103 -13.584008448785946
32.087706236122266 -13.584440084487872
32.064677062361184 -13.576244400844896
31.996046770623575 -13.561062444008453
32.04096046770619 -13.568110624440088
32.16680960467701 -13.573681106244408
32.316268096046706 -13.576336811062458
32.3975626809604 -13.583363368110636
32.44397562680954 -13.601333633681117
32.501439756268034 -13.595513336336817
32.445014397562616 -13.605355133363384
32.569850143975565 -13.614753551333648
32.491298501439694 -13.636147535513338
32.47911298501433 -13.614861475355141
32.50179112985008 -13.596048614753563
32.456417911298445 -13.615860486147554
