25.04060000000001 -14.05389999999999
25.336606000000025 -14.211738999999993
25.396566060000023 -14.203417389999995
25.442765660600024 -14.252334173899987
25.466027656606016 -14.250223341738987
25.50046027656609 -14.240902233417382
24.908004602765686 -14.03850902233417
24.822280046027675 -14.12328509022334
24.958222800460298 -14.192032850902226
25.221782228004614 -14.05512032850901
25.349817822280066 -14.133751203285083
25.807098178222827 -14.126637512032847
25.90287098178226 -14.031466375120324
25.76702870981784 -14.128014663751197
25.902470287098204 -14.1798801466375
26.109024702871015 -14.113198801466368
26.042690247028748 -14.012831988014671
25.79122690247032 -13.853928319880156
25.993912269024733 -13.736239283198811
25.93893912269027 -13.879862392831999
26.18918939122693 -13.858598623928323
26.294291893912305 -13.864285986239283
26.28394291893916 -13.87804285986239
26.409239429189423 -13.87768042859862
26.41049239429192 -13.823076804285993
26.51310492394295 -13.801130768042869
26.58253104923946 -13.80701130768044
26.537625310492427 -13.801670113076817
26.605576253104967 -13.770716701130777
26.58345576253108 -13.774207167011312
26.41223455762533 -13.75774207167012
26.34212234557629 -13.749477420716708
26.193221223455783 -13.756594774207176
26.317132212234593 -13.767965947742084
26.59197132212238 -13.904179659477425
26.594719713221263 -13.81304179659478
26.42374719713225 -13.845030417965948
26.718437471971345 -13.818550304179666
27.154584374719715 -13.900385503041798
27.295745843747184 -13.872803855030423
27.559357458437443 -13.796828038550311
27.561993574584363 -13.717268280385513
27.630419935745827 -13.797272682803866
27.77930419935743 -13.731772726828039
27.86059304199353 -13.676517727268294
27.7702059304199 -13.72116517727269
27.860502059304153 -13.78491165177273
28.009605020593007 -13.757049116517738
28.239096050205898 -13.893170491165176
27.990590960502022 -13.90653170491165
27.976705909604984 -13.872065317049119
28.056367059096004 -13.86812065317049
28.31936367059091 -13.857681206531709
28.937593636705884 -13.686076812065322
29.046375936367035 -13.86216076812066
29.25266375936367 -13.82832160768121
29.345926637593607 -13.803483216076822
29.438059266375934 -13.773934832160776
29.404780592663727 -13.73923934832161
29.586847805926627 -13.695992393483225
29.577268478059253 -13.593259923934836
29.679772684780605 -13.61833259923936
29.737797726847788 -13.6330833259924
29.71557797726848 -13.618530833259936
29.76095577977268 -13.616585308332606
29.761409557797716 -13.632465853083332
29.807014095577987 -13.609024658530835
29.79607014095579 -13.64189024658532
29.887160701409567 -13.635418902465863
29.7056716070141 -13.591554189024668
29.49865671607009 -13.596715541890251
29.79298656716071 -13.634867155418904
29.86432986567161 -13.670048671554193
29.64844329865673 -13.59710048671555
29.98828443298658 -13.64707100486716
30.094282844329893 -13.836970710048675
30.12954282844332 -13.77326970710049
30.141295428284447 -13.548332697071007
30.278212954282857 -13.626883326970708
30.233982129542845 -13.65126883326971
30.26773982129545 -13.6699126883327
30.33647739821297 -13.554999126883338
30.291564773982156 -13.589449991268841
